4 1 16 128 32 48 48 8 8 8 1 1 1 4 8 8 2 32 2
4 1 32 130 32 48 48 8 8 8 1 1 1 2 8 8 2 32 2
4 1 40 130 16 48 48 16 16 8 1 1 1 2 8 8 4 32 2
4 1 32 130 32 48 48 8 8 20 1 1 1 2 8 8 2 32 2
4 1 40 130 16 48 48 8 8 8 2 1 2 2 8 8 8 32 2
4 1 16 128 32 48 48 8 8 8 1 1 1 4 4 8 2 32 2
4 1 32 130 32 48 48 8 8 8 1 1 1 2 8 32 2 32 2
4 1 16 128 24 48 48 8 8 8 1 1 1 2 8 16 2 32 2
4 1 8 130 24 48 48 8 8 12 1 1 1 2 8 8 2 32 2
4 1 16 96 32 48 48 8 8 8 1 1 1 2 4 8 2 32 2
4 1 35 128 24 48 48 8 8 8 1 1 1 2 8 16 2 32 2
4 1 24 128 24 48 48 8 8 8 1 1 1 2 8 8 4 16 2
