1	8	4	12	5	105	1	0	3	2	1.29012	0.069725	3519210	0.909851	0.18758	377858
1	8	4	8	4	64	6	0	0	3	1.186428	0.064125	3024789	0.813921	0.151364	373349
0	8	5	8	3	96	1	3	0	2	1.249056	0.085475	3000502	0.805574	0.153421	375899
1	4	2	12	2	96	5	6	3	0	0.745642	0.043175	1773124	0.543819	0.089157	346723
1	4	3	16	1	64	4	4	1	4	0.768231	0.0436	1590355	0.657985	0.09867	347573
0	8	6	12	5	105	3	6	3	0	1.691301	0.105	4612423	0.784325	0.165545	372953
2	8	1	20	4	84	5	0	0	4	0.677016	0.061625	2946612	0.58524	0.124368	374650
2	8	6	20	3	84	3	1	5	0	1.12387	0.0693	2921911	0.730571	0.151114	369918
1	4	5	12	2	64	5	0	0	2	0.744168	0.03885	1531933	0.603415	0.09191	347922
0	4	2	8	1	128	4	2	3	2	0.813053	0.059625	2032782	0.657814	0.106423	354799
1	8	4	8	5	120	5	1	1	2	0	0	3067341	0.618798	0.120551	379078
0	8	4	8	4	120	5	6	3	2	0.755014	0.0928	3802836	0.619244	0.118452	379012
1	8	5	12	3	96	6	6	5	0	1.194567	0.05765	2410053	0.765469	0.151413	371165
1	4	0	16	2	64	0	0	1	3	0.985659	0.04725	1753293	0.609149	0.099823	348543
2	4	2	16	1	84	2	3	5	1	0.735707	0.052675	1831614	0.624766	0.101149	349706
2	8	4	16	5	120	3	2	1	4	1.26762	0.08135	4087010	0.835006	0.185193	378811
1	8	3	16	4	120	6	1	2	0	1.388141	0.06765	3272367	0.76686	0.15619	373993
1	8	6	8	3	105	6	2	4	0	1.204835	0.05755	2554890	0.771552	0.149179	372496
0	4	5	16	2	32	3	2	2	1	1.162858	0.0684	2336944	0.842194	0.126499	344551
1	4	3	12	1	128	0	4	0	4	0.756851	0.0378	1473635	0.654064	0.100375	354182
0	8	4	8	5	120	6	2	2	0	1.604264	0.0935	3838504	0.772436	0.156941	374294
1	8	2	16	4	84	5	0	3	1	0.702348	0.06135	3060482	0.6063	0.126082	375001
0	8	5	20	3	96	2	5	1	3	1.386896	0.10245	3423378	0.891521	0.173549	376522
0	4	4	12	2	84	3	3	3	4	1.223509	0.069325	2463698	0.877532	0.134832	350083
2	4	5	20	1	128	1	1	3	4	0.734639	0.04945	1822060	0.642413	0.102422	354532
1	8	6	8	5	105	3	0	3	1	1.291342	0.06885	3754690	0.905823	0.19065	377590
1	8	2	8	4	96	1	1	4	2	1.428697	0.095	3452418	0.819959	0.169278	376627
1	8	5	16	3	84	0	1	4	4	1.110604	0.059475	2481155	0.822757	0.159185	374846
1	4	0	8	2	96	5	5	0	2	0.741649	0.038625	1564296	0.564676	0.094609	351247
1	4	1	8	1	130	4	2	4	3	0.766827	0.0542	1962689	0.657194	0.106792	355625
1	8	5	12	5	130	1	3	5	2	1.423916	0.076725	3705190	0.888279	0.186622	380244
1	8	2	12	4	128	3	3	4	4	1.479757	0.10725	4060019	0.813153	0.170802	379758
2	8	2	8	3	84	0	2	2	3	1.040928	0.06505	2617561	0.730569	0.151628	375395
2	4	2	12	2	96	5	3	3	1	0.702345	0.046975	1894088	0.580643	0.096236	351330
1	4	2	16	1	64	4	6	0	4	0.757222	0.046	1602981	0.638748	0.099014	347459
2	8	6	16	5	120	1	0	0	2	1.093684	0.071075	3491658	0.785773	0.16471	378964
1	8	4	8	4	64	2	1	2	0	1.399288	0.06305	3304094	0.767445	0.151959	368172
1	8	2	16	3	84	6	0	2	0	1.178022	0.053975	2277345	0.714558	0.145424	369983
2	4	1	8	2	64	5	3	4	1	0.702148	0.044125	1855024	0.580666	0.095163	348117
2	4	4	8	1	128	4	4	3	2	0.735829	0.046225	1770744	0.647228	0.100544	354799
2	8	4	8	5	105	1	4	1	1	1.253336	0.065925	3309580	0.841275	0.185053	377354
1	8	1	16	4	84	1	3	2	1	1.428059	0.074325	3525713	0.815948	0.167007	374886
1	8	2	16	3	120	6	1	4	2	1.188833	0.063475	2645641	0.806252	0.164861	378857
1	4	5	16	2	64	3	3	4	4	1.090667	0.05845	2278692	0.864743	0.134417	348117
1	4	6	8	1	120	2	2	4	0	0.768285	0.04705	1809933	0.60191	0.093064	349134
1	8	5	20	5	130	2	2	5	4	1.442238	0.0816	3887017	0.88843	0.186763	379977
2	8	2	12	4	32	4	6	0	2	1.089636	0.07	3414405	0.719374	0.148632	369502
1	8	6	12	3	105	6	3	1	2	1.200628	0.062325	2620157	0.895396	0.168529	377054
2	4	3	20	2	130	0	0	5	3	0.912981	0.054275	2062995	0.764062	0.125176	355530
0	4	5	8	1	105	2	1	0	0	0.803599	0.0547	1784311	0.576198	0.088991	347216
2	8	5	8	5	105	6	5	4	1	1.257902	0.096425	3572312	0.842858	0.184858	377701
1	8	4	12	4	64	2	5	3	1	1.429975	0.070775	3564204	0.908101	0.177045	372924
2	8	5	16	3	96	1	6	4	0	1.126256	0.0663	2799598	0.741417	0.159387	371457
1	4	1	12	2	64	2	6	1	2	1.078131	0.048975	1950943	0.798432	0.125102	348037
0	4	3	12	1	96	1	4	2	4	0.815733	0.054825	1915667	0.666159	0.101595	351018
1	8	4	16	5	105	1	6	2	4	1.423689	0.076225	3676783	0.909517	0.186529	377475
2	8	1	16	4	32	4	1	0	2	1.080229	0.06875	3316354	0.719374	0.148632	369502
1	8	5	12	3	105	6	5	5	2	1.189913	0.058975	2472407	0.881514	0.172994	377109
1	4	1	12	2	120	4	4	0	4	0.958004	0.0408	1678502	0.756597	0.120533	353476
1	4	5	20	1	32	6	0	5	4	0.767104	0.03805	1521027	0.655164	0.096814	344290
0	8	5	12	5	105	1	2	3	3	1.717571	0.10825	4387261	0.902409	0.187962	378366
2	8	2	20	4	96	1	5	4	2	1.296461	0.10775	3865428	0.779125	0.167705	376627
2	8	6	16	3	84	0	3	3	4	1.042782	0.065025	2748959	0.793586	0.155372	374734
1	4	5	20	2	64	2	5	4	3	1.086915	0.064825	2339971	0.869519	0.135141	348890
0	4	3	8	1	120	3	5	4	1	0.815574	0.061075	2222342	0.6739	0.104655	353741
0	8	4	20	5	130	2	3	4	1	1.743626	0.146	4896650	0.920873	0.194179	380268
0	8	3	16	4	128	6	6	2	2	1.646545	0.102725	4056960	0.888406	0.179006	379799
1	8	2	20	3	84	5	4	1	3	0.739359	0.063125	2490568	0.59787	0.122116	375275
0	4	4	12	2	64	0	1	5	1	1.153648	0.057175	1925504	0.809955	0.120221	347825
2	4	1	8	1	105	0	0	0	1	0.721865	0.0351	1410844	0.613947	0.099482	351823
1	8	4	16	5	105	3	1	5	0	1.427622	0.07685	3840045	0.774267	0.15927	372773
2	8	1	16	4	120	2	1	0	2	1.08179	0.07395	3532725	0.725146	0.154351	378662
2	8	5	8	3	105	0	0	2	2	1.043926	0.0557	2367750	0.778511	0.158953	377174
0	4	3	12	2	32	1	1	3	2	1.165075	0.0587	2188109	0.838738	0.126488	344933
0	4	0	8	1	84	3	1	5	0	0.810103	0.053425	1890735	0.553146	0.092506	345099
0	8	6	8	5	120	0	0	5	4	1.317072	0.089425	3575801	0.83585	0.163939	378866
1	8	4	16	4	96	0	1	2	2	1.212941	0.0692	3256434	0.840137	0.159895	376401
2	8	6	12	3	84	1	5	0	2	0.999955	0.060175	2597639	0.778135	0.151431	374652
0	4	2	8	2	84	2	0	5	2	1.193759	0.0548	2052599	0.806102	0.128132	350169
1	4	6	8	1	64	0	5	2	3	0.76435	0.049625	1743384	0.653218	0.095474	348467
0	8	6	8	5	120	3	4	2	4	1.684074	0.097075	4275179	0.899754	0.188387	378931
1	8	4	20	4	32	6	3	4	3	1.338004	0.11325	3986335	0.878316	0.163843	370471
1	8	5	20	3	105	3	5	5	0	1.21586	0.0693	2821290	0.771747	0.154659	372205
2	4	0	8	2	128	5	2	3	0	0.705718	0.041275	1700223	0.50599	0.089225	350122
2	4	6	16	1	64	0	4	0	1	0.721319	0.041775	1536101	0.624139	0.092652	347459
1	8	5	12	5	130	6	1	2	4	1.389939	0.069	3318233	0.887176	0.183535	380041
1	8	1	8	4	96	1	2	1	1	1.39603	0.06405	3183834	0.815405	0.166788	376013
0	8	5	16	3	96	4	3	1	2	1.388044	0.0946	3234537	0.892955	0.173548	376014
0	4	4	20	2	130	0	1	2	1	1.153648	0.0644	2130608	0.810159	0.12449	354821
1	4	5	16	1	84	0	0	2	4	0.760557	0.041025	1523534	0.658498	0.099543	349771
1	8	6	20	5	130	3	3	5	1	1.443304	0.088575	4327416	0.908974	0.187262	379977
0	8	2	8	4	96	3	6	1	4	1.652692	0.0966	4121835	0.815995	0.166779	376013
1	8	5	20	3	96	0	3	0	3	1.073296	0.071025	2706198	0.792515	0.151525	376407
2	4	0	12	2	130	5	2	0	0	0.705588	0.040725	1624857	0.497376	0.087321	349979
1	4	2	20	1	96	6	2	2	0	0.768144	0.04385	1664677	0.581892	0.093931	346411
0	8	5	20	5	105	2	1	2	4	1.732963	0.10625	4332077	0.882748	0.185722	377475
1	8	2	12	4	120	1	6	5	0	1.402748	0.06925	3385280	0.712132	0.149684	373928
1	8	5	8	3	96	1	4	5	1	1.213896	0.052875	2292791	0.88594	0.174585	375802
0	4	1	16	2	32	0	1	1	0	1.152725	0.052575	1837614	0.677331	0.105779	339824
0	4	1	12	1	105	1	5	5	2	0.813664	0.058675	1943071	0.653277	0.103957	352260
2	8	6	12	5	130	3	5	1	4	1.268728	0.076625	3998517	0.835006	0.186157	379921
2	8	2	12	4	84	0	3	5	1	1.140715	0.069775	3339234	0.73674	0.155262	374821
1	8	2	16	3	96	3	4	0	2	1.082672	0.0631	2643070	0.761175	0.151899	375899
1	4	1	8	2	120	3	1	2	0	1.049184	0.04325	1889764	0.715372	0.117987	349104
0	4	5	20	1	130	6	1	1	4	0.814674	0.05965	1912273	0.655353	0.101311	354505
2	8	4	16	5	130	4	4	2	0	1.283306	0.0727	3601984	0.733658	0.171803	375405
2	8	2	20	4	120	3	6	5	1	1.288687	0.0849	4039899	0.772492	0.16716	378564
0	8	2	16	3	96	6	1	4	2	1.351096	0.091175	3140916	0.805137	0.163207	376361
1	4	5	8	2	96	2	0	2	1	1.044608	0.04245	1760911	0.870233	0.136932	351215
0	4	0	20	1	64	1	1	3	4	0.809068	0.05745	1924192	0.61908	0.101325	347809
0	8	5	20	5	105	6	3	1	4	1.585158	0.106	4138384	0.882285	0.179603	377354
1	8	3	8	4	84	3	1	0	3	1.187028	0.072	3631015	0.801144	0.155759	375426
2	8	2	16	3	84	1	3	5	0	1.126426	0.0639	2666715	0.681566	0.145052	369918
0	4	4	8	2	84	0	5	1	1	1.136896	0.0562	1904714	0.809046	0.121128	349847
2	4	5	8	1	32	1	1	2	1	0.734137	0.040875	1565454	0.633747	0.096062	344354
1	8	5	16	5	105	6	6	3	4	1.390052	0.07565	3635189	0.886475	0.182015	377590
0	8	2	16	4	32	5	0	0	3	0.755773	0.09275	3510863	0.600469	0.121982	370010
1	8	6	8	3	96	0	2	0	4	1.07362	0.05255	2282384	0.811299	0.149015	375631
0	4	2	8	2	64	3	1	1	4	1.19248	0.05515	2109213	0.803179	0.126018	347770
2	4	5	20	1	130	4	6	1	4	0.735078	0.052575	1827671	0.639078	0.101325	354505
0	8	4	16	5	105	6	6	1	0	1.573988	0.1003	3988750	0.757287	0.152528	372718
2	8	3	8	4	96	2	6	3	3	1.310875	0.078275	3959609	0.839193	0.185715	377024
1	8	5	20	3	96	1	0	4	3	1.183957	0.0703	2848920	0.898308	0.177991	376869
1	4	1	20	2	96	0	0	4	4	1.007199	0.044825	1839219	0.769647	0.122948	351441
2	4	5	20	1	32	4	4	2	2	0.734088	0.047375	1767021	0.629799	0.095592	344621
0	8	5	12	5	105	1	3	0	4	1.39387	0.098925	4006438	0.812167	0.162278	377240
1	8	1	8	4	96	3	5	0	3	1.191795	0.072925	3629352	0.760233	0.154245	376673
0	8	6	12	3	120	0	5	2	4	1.27143	0.085625	2986675	0.8333	0.156521	378363
1	4	5	16	2	128	0	2	5	1	1.000468	0.0489	1797429	0.809779	0.127003	354548
0	4	4	20	1	120	2	5	4	4	0.8157	0.073025	2207846	0.664663	0.100736	353741
0	8	5	20	5	130	4	2	4	1	1.750529	0.13975	4600042	0.891889	0.192347	380268
2	8	4	8	4	64	6	3	4	2	1.273174	0.096125	3645891	0.859433	0.176353	373303
2	8	5	20	3	120	6	6	5	1	1.106848	0.06785	2711840	0.832956	0.174538	378298
0	4	5	20	2	96	4	5	3	2	1.223774	0.07185	2391352	0.87679	0.139076	351597
0	4	0	20	1	96	2	3	2	0	0.810103	0.068	2051980	0.555176	0.093473	346411
2	8	4	8	5	120	3	3	1	2	1.267208	0.0762	4078717	0.854635	0.188837	379078
1	8	3	16	4	128	2	0	3	0	1.340668	0.070275	3512699	0.767078	0.163081	375010
0	8	6	8	3	84	3	2	3	1	1.410446	0.089025	3312727	0.902303	0.173522	374734
2	4	0	12	2	84	0	0	3	4	0.8996	0.040575	1673526	0.59147	0.100066	350083
0	4	2	20	1	120	6	3	4	0	0.815301	0.06325	2112603	0.586478	0.096114	349134
1	8	6	8	5	105	4	4	5	4	1.413579	0.0649	3369138	0.910259	0.185114	377410
1	8	3	12	4	64	5	1	2	4	0.700837	0.060325	3039953	0.613807	0.119044	372808
2	8	2	20	3	105	1	1	5	3	1.139322	0.073375	2886091	0.766375	0.162365	377617
2	4	2	20	2	96	1	1	1	4	0.976907	0.04855	1886088	0.768004	0.127388	351094
1	4	1	12	1	130	6	4	5	4	0.768527	0.0403	1543334	0.645217	0.103915	354560
0	8	6	20	5	130	0	5	4	4	1.350059	0.1325	4305001	0.839612	0.166452	380268
1	8	2	12	4	84	1	3	0	3	1.188542	0.0753	3509966	0.760199	0.153583	375426
0	8	2	16	3	96	2	5	3	0	1.393975	0.091	3176860	0.716388	0.148242	371345
0	4	2	12	2	128	2	1	3	0	1.189583	0.0589	2180755	0.718434	0.119551	350122
0	4	3	8	1	120	5	3	0	1	0.769583	0.0543	1813654	0.566831	0.087655	353279
0	8	4	16	5	130	2	5	0	0	1.394929	0.1	4130102	0.710491	0.141503	375170
2	8	1	20	4	64	3	6	0	0	1.080198	0.079375	3843047	0.644294	0.136604	367937
0	8	6	20	3	96	1	4	3	4	1.3922	0.090225	3162356	0.906823	0.172786	375982
1	4	4	20	2	130	1	4	4	1	1.073033	0.052525	2052264	0.87907	0.138354	355048
1	4	3	20	1	120	1	1	0	4	0.756851	0.04285	1637646	0.657084	0.100314	353279
0	8	5	8	5	130	1	0	1	0	1.440631	0.089625	3653970	0.755168	0.158668	375285
2	8	4	20	4	32	3	0	2	1	1.213882	0.07665	3765747	0.826688	0.16269	369469
2	8	5	8	3	120	0	4	2	3	1.040118	0.0643	2548221	0.77988	0.160161	379138
2	4	4	20	2	64	3	2	4	4	0.989478	0.061825	2350193	0.820918	0.130668	348117
1	4	2	16	1	64	6	2	0	4	0.757222	0.042975	1523845	0.635903	0.098664	347459
2	8	6	20	5	120	4	0	3	2	1.180223	0.10055	3930812	0.866703	0.199425	379314
2	8	1	8	4	64	1	5	4	0	1.276788	0.09185	3426730	0.688989	0.148601	368398
1	8	6	16	3	120	6	4	0	3	1.084592	0.06555	2588792	0.817591	0.152054	378903
2	4	1	8	2	84	3	2	2	3	0.98655	0.0545	2231864	0.766948	0.127127	350741
1	4	5	12	1	120	3	4	3	2	0.768328	0.05065	1915537	0.666157	0.103417	353897
2	8	4	8	5	105	6	1	2	3	1.264394	0.074	3546040	0.854053	0.184085	378250
2	8	3	16	4	32	4	2	5	1	1.226041	0.071625	3582918	0.80687	0.164239	369404
1	8	2	8	3	105	2	6	2	3	1.233093	0.067775	2813634	0.814324	0.165933	377682
0	4	0	20	2	32	6	4	3	2	1.147874	0.0601	2081918	0.611466	0.099287	344933
0	4	3	8	1	130	4	0	0	2	0.804945	0.05305	1885456	0.649937	0.099877	354657
1	8	6	16	5	120	1	4	5	2	1.422947	0.0735	3554597	0.924185	0.188557	379134
1	8	2	20	4	64	0	0	0	0	1.154674	0.06105	2855827	0.665483	0.135561	367937
0	8	6	8	3	96	6	3	2	1	1.357954	0.086	3042207	0.896248	0.168945	375867
0	4	0	8	2	84	4	2	3	3	1.168719	0.0645	2299381	0.615999	0.102349	350856
2	4	3	8	1	105	3	1	3	0	0.736589	0.043775	1858590	0.579217	0.093093	347567
1	8	5	12	5	105	4	6	0	4	1.204865	0.0705	3496189	0.808733	0.162349	377240
2	8	2	20	4	120	6	5	5	3	1.247172	0.080675	3668981	0.768568	0.165378	379340
0	8	6	8	3	120	1	1	1	2	1.387405	0.085275	3005209	0.908775	0.172189	378510
2	4	3	16	2	128	3	2	1	0	0.963115	0.05325	2135076	0.70457	0.119157	349886
0	4	6	20	1	32	4	0	4	2	0.811897	0.063425	2147313	0.653984	0.094857	344848
1	8	4	12	5	105	3	3	1	2	1.403272	0.080325	4073170	0.906225	0.182422	377622
0	8	1	8	4	128	6	1	3	1	1.623424	0.092625	3680396	0.810146	0.168046	379647
1	8	6	12	3	105	4	1	5	2	1.225366	0.060025	2615887	0.916595	0.175216	377109
2	4	2	20	2	32	2	4	3	2	0.949067	0.053375	2074729	0.755269	0.121203	344933
2	4	0	8	1	96	0	0	2	3	0.730468	0.04365	1659232	0.587296	0.099154	351792
0	8	5	12	5	130	0	5	5	1	1.350067	0.096575	3784537	0.821027	0.167082	379977
2	8	1	8	4	32	2	6	3	3	1.213551	0.07555	3788843	0.753322	0.156719	370360
0	8	2	12	3	84	1	6	4	1	1.38146	0.091225	3181443	0.818762	0.166054	374846
0	4	1	16	2	32	1	5	4	2	1.166881	0.063175	2268809	0.794633	0.123228	345044
1	4	0	8	1	120	6	6	2	2	0.76722	0.044125	1634361	0.611058	0.102313	353782
2	8	5	8	5	105	0	2	1	0	1.123641	0.06455	3200569	0.686417	0.1477	372718
2	8	3	12	4	84	6	2	0	4	1.091739	0.066075	3234600	0.761644	0.15694	374650
0	8	2	12	3	120	5	1	5	2	0	0.08315	2880955	0.601067	0.124467	378566
1	4	4	20	2	130	4	6	4	1	0	0.058925	2218989	0.883435	0.139824	355048
2	4	3	20	1	32	1	6	1	3	0.734389	0.056025	1977444	0.627249	0.094948	345007
2	8	6	12	5	130	6	2	2	4	1.261781	0.07255	3592514	0.848483	0.184822	380041
2	8	4	20	4	32	5	0	3	4	0.679801	0.064375	3180681	0.60441	0.115041	369584
1	8	5	8	3	120	1	3	2	4	1.223447	0.0589	2560708	0.888287	0.177054	378363
2	4	1	12	2	128	2	0	2	3	0.964111	0.05355	2090639	0.771056	0.1307	355387
2	4	5	20	1	130	6	5	2	0	0.736617	0.04615	1732558	0.578745	0.093393	350018
1	8	5	8	5	105	2	3	4	4	0	0	0	0.882448	0.188885	377701
2	8	1	20	4	64	0	5	4	3	1.042091	0.10675	3844326.793	0.737654	0.155189	373810
1	8	5	20	3	105	6	1	1	2	1.385304	0.05955	2525664.584	0.878393	0.171079	377054
1	4	3	12	2	130	4	4	0	4	0.854005	0.039925	1771573.883	0.791042	0.123421	354586
1	4	6	20	1	32	6	2	3	4	0.755694	0.042175	1734407.287	0.649471	0.093977	344470
0	8	5	8	5	105	3	4	2	1	1.546644	0.090925	4176753.288	0.882371	0.185723	377475
2	8	1	12	4	128	2	2	4	0	1.129455	0.0985	3847978.327	0.687898	0.152816	375121
1	8	6	8	3	120	2	2	5	2	1.116172	0.057325	2694297.127	0.919268	0.176789	378566
2	4	3	8	2	64	5	4	1	2	0.675155	0.03725	1654451.181	0.590127	0.092329	348037
2	4	1	8	1	96	0	6	4	1	0.703833	0.041525	1707446.724	0.621757	0.101412	351245
0	8	6	8	5	130	2	4	2	1	1.544451	0.091725	4042763.253	0.902331	0.189839	380041
0	8	1	20	4	84	3	4	3	2	1.572227	0.104	4449383.966	0.8119	0.166704	375269
1	8	2	20	3	105	4	3	2	0	1.119712	0.065925	2764278.357	0.716084	0.147982	372270
2	4	2	8	2	64	6	4	2	2	0.8187	0.039575	1746547.484	0.769251	0.125733	348157
0	4	1	20	1	130	6	3	2	0	0.810022	0.05795	2012203.278	0.58406	0.095747	350018
2	8	4	8	5	105	4	5	5	4	1.126906	0.066575	3563217.852	0.85127	0.190775	377410
1	8	1	20	4	64	4	0	1	3	1.24444	0.074	3557661.738	0.800362	0.161985	373464
1	8	6	8	3	96	0	5	5	2	1.04547	0.05355	2400899.71	0.83288	0.155103	376070
1	4	3	12	2	64	4	2	3	4	0.954334	0.0443	1947586.345	0.864743	0.134035	348005
2	4	0	12	1	96	5	3	1	1	0.660579	0.0406	1554384.743	0.541051	0.092132	350898
0	8	5	20	5	130	5	4	4	0	0	0	3984917.7	0.557051	0.114926	375631
0	8	4	12	4	96	5	6	2	1	0.748123	0.088125	3736537.602	0.625954	0.118227	376133
0	8	2	12	3	84	6	0	2	4	1.268394	0.0768	2784913.943	0.803596	0.161486	374619
0	4	2	8	2	120	2	3	1	2	1.122773	0.0578	2237243.274	0.799739	0.128541	353858
0	4	3	12	1	64	1	4	1	1	0.814072	0.0503	1840213.782	0.659886	0.098818	347573
2	8	4	20	5	120	4	4	5	1	1.121179	0.074525	3711210.346	0.85079	0.19187	378866
1	8	1	16	4	64	1	2	0	1	1.081228	0.0661	3249675.782	0.762661	0.153015	372573
1	8	6	12	3	84	3	3	0	0	1.010117	0.0598	2746572.247	0.705799	0.131147	369747
1	4	1	16	2	84	2	2	3	2	0.961938	0.051675	2134431.175	0.816018	0.13048	350350
2	4	1	20	1	84	4	5	4	1	0.71062	0.047	1886730.46	0.630296	0.102756	349997
1	8	6	12	5	130	5	3	3	3	0	0	3770720.518	0.620489	0.12208	380932
2	8	1	16	4	32	2	5	3	0	1.08746	0.070275	3672383.027	0.677786	0.142801	364948
0	8	6	8	3	105	4	3	3	0	1.331218	0.082025	3201077.474	0.78315	0.15416	372385
1	4	1	12	2	32	0	0	5	0	0.904563	0.033925	1498688.472	0.682219	0.106738	339879
2	4	3	8	1	130	0	3	1	1	0.702277	0.0409	1662005.795	0.634528	0.100323	354505
2	8	5	20	5	120	2	6	2	4	1.140255	0.083575	4125194.734	0.833858	0.190765	378931
1	8	2	16	4	32	1	6	2	4	1.262154	0.068875	3451690.501	0.795467	0.158571	369469
0	8	5	12	3	120	1	3	3	0	1.307636	0.0853	3174108.545	0.775695	0.157094	373841
1	4	0	8	2	84	3	3	2	3	0.916354	0.051775	2229519.49	0.61265	0.101784	350741
0	4	1	8	1	64	0	6	2	4	0.806199	0.050425	1796198.421	0.642576	0.100224	347694
1	8	6	8	5	130	0	3	0	0	1.033563	0.062525	3225957.281	0.706016	0.139931	375170
0	8	3	8	4	128	5	5	0	3	0.733549	0.08885	3629423.271	0.610604	0.120703	380072
2	8	5	20	3	96	3	4	5	4	1.005921	0.067525	2839632.552	0.837243	0.176086	375802
0	4	4	16	2	120	1	4	4	4	1.147871	0.0624	2232661.139	0.879613	0.137542	353937
2	4	2	16	1	105	5	5	0	2	0.648974	0.041225	1606395.433	0.54045	0.088334	352090
1	8	6	16	5	120	0	1	0	3	1.034283	0.072575	3452110.363	0.814996	0.158821	379471
0	8	2	20	4	128	3	6	4	2	1.634295	0.14125	4862523.135	0.819537	0.171749	380026
0	8	5	20	3	84	5	5	0	2	0.773039	0.081375	2906914.902	0.612037	0.116906	374652
2	4	1	8	2	96	6	6	3	0	0.835744	0.04145	1841652.78	0.684213	0.115531	346723
0	4	0	16	1	120	0	5	0	2	0.776584	0.05405	1811327.114	0.606142	0.100404	353546
0	8	4	16	5	105	5	6	1	2	0	0	3901515.968	0.620314	0.120206	377622
0	8	3	16	4	96	6	2	3	0	1.530888	0.094175	3948614.011	0.76978	0.155295	371612
1	8	2	16	3	105	0	5	2	0	1.043798	0.0559	2389243.266	0.689423	0.14073	372270
1	4	4	20	2	128	4	5	3	0	0.93874	0.051125	2034156.059	0.765867	0.122395	350122
2	4	6	12	1	130	6	5	1	0	0.708635	0.042425	1657277.819	0.572213	0.089862	349898
2	8	5	16	5	130	0	6	2	1	1.028821	0.07315	3588383.822	0.783062	0.168548	380041
1	8	1	8	4	32	5	3	1	0	0.687618	0.055825	2396396.649	0.547221	0.112812	364712
2	8	5	8	3	96	0	1	2	0	0.937764	0.05195	2312017.335	0.69144	0.142263	371230
2	4	4	12	2	84	3	5	0	4	0.768161	0.0476	2004081.341	0.758034	0.117628	349732
2	4	4	20	1	120	2	4	3	0	0.710416	0.050075	1845773.575	0.579793	0.091358	349023
0	8	5	12	5	105	1	3	4	0	1.576213	0.1255	4359836.381	0.778946	0.16419	373065
2	8	3	16	4	96	6	5	3	4	1.120376	0.0699	3524620.665	0.833784	0.177605	376248
0	8	2	20	3	105	2	3	2	2	1.32379	0.097475	3477430.631	0.814631	0.16584	377174
1	4	4	12	2	130	6	4	5	1	0.936928	0.0421	1747345.563	0.86365	0.133594	354756
1	4	1	8	1	84	2	5	5	3	0.754922	0.0453	1809141.894	0.652405	0.102895	350479
2	8	6	12	5	130	2	0	4	0	1.081059	0.098575	3872550.019	0.744894	0.174961	375631
1	8	2	12	4	84	1	5	1	0	1.26672	0.062475	3188801.426	0.704225	0.145824	370129
2	8	6	12	3	96	0	1	2	3	0.936686	0.062575	2713637.628	0.792236	0.155469	376642
2	4	0	8	2	128	6	4	5	0	0.809789	0.03715	1614352.159	0.538417	0.094198	349941
0	4	3	8	1	64	4	5	2	2	0.81575	0.05345	1982908.832	0.660233	0.099299	347961
2	8	4	12	5	130	1	1	5	4	1.121736	0.06865	3524203.761	0.850225	0.19158	379977
1	8	1	12	4	32	3	2	3	3	1.246092	0.07755	3982197.696	0.795954	0.159054	370360
0	8	5	12	3	84	6	6	1	4	1.284834	0.080725	2929409.613	0.879103	0.169439	374499
0	4	2	8	2	130	2	0	1	0	1.105766	0.0498	1972405.373	0.70124	0.115369	350094
2	4	3	16	1	105	5	3	4	1	0.658299	0.0473	1845720.599	0.554303	0.0879	352285
1	8	6	16	5	120	5	3	1	1	0	0	3428925.786	0.620194	0.120848	378811
1	8	3	12	4	128	4	4	4	3	1.3041	0.101925	3820474.729	0.902157	0.189473	380534
1	8	2	12	3	105	6	5	5	4	1.091086	0.054725	2387057.191	0.80301	0.16262	376842
2	4	2	16	2	84	1	5	4	0	0.820394	0.046875	2010258.362	0.685132	0.116109	345587
1	4	0	20	1	32	3	0	2	2	0.752045	0.048525	1812126.429	0.605044	0.097597	344621
1	8	4	12	5	130	5	1	0	4	0	0	3000536.103	0.619758	0.120894	379806
0	8	2	8	4	64	1	6	3	2	1.573094	0.0913	3974441.695	0.804855	0.163811	373191
0	8	6	16	3	96	0	5	3	4	1.226259	0.0834	3053206.406	0.833884	0.155563	375982
0	4	5	12	2	130	2	1	2	0	1.126041	0.059	2159902.724	0.755325	0.123034	350214
0	4	6	20	1	130	5	6	1	1	0.762266	0.059375	2001657.564	0.564369	0.086019	354505
1	8	6	20	5	120	4	1	4	3	1.321322	0.11325	4243457.443	0.926968	0.194039	379933
0	8	4	8	4	84	6	4	4	4	1.514167	0.1135	3776935.808	0.91227	0.176289	375112
2	8	2	12	3	84	2	3	1	4	0.998522	0.061675	2708151.805	0.76797	0.16093	374499
2	4	2	12	2	96	1	0	3	1	0.821852	0.041625	1839696.727	0.774734	0.129712	351330
0	4	1	8	1	120	0	2	4	1	0.808854	0.053475	1917437.677	0.645341	0.103724	353741
1	8	6	8	5	120	6	1	4	3	1.279426	0.099325	3745478.353	0.913575	0.184689	379933
0	8	1	16	4	96	1	2	4	4	1.606463	0.1265	4197905.117	0.820226	0.169396	376359
1	8	6	8	3	120	1	5	2	2	1.117146	0.056625	2583516.13	0.922591	0.177668	378631
1	4	2	12	2	84	2	0	3	4	0.950585	0.04155	1856705.347	0.816073	0.130664	350083
2	4	2	20	1	84	3	0	5	1	0.710356	0.049075	1865102.347	0.624766	0.101149	349706
1	8	4	12	5	105	5	3	0	2	0	0	3291946.335	0.614412	0.118689	377507
0	8	4	12	4	120	3	4	4	3	1.55661	0.131	4602474.869	0.922913	0.188399	379631
1	8	2	20	3	105	5	0	1	2	0.728888	0.0536	2334675.69	0.59792	0.123065	377054
0	4	1	20	2	96	3	5	5	2	1.128984	0.06885	2496507.263	0.806528	0.128916	351417
0	4	5	8	1	64	0	0	0	4	0.774629	0.047225	1610051.651	0.654167	0.09731	347459
0	8	4	12	5	120	3	1	1	2	1.557067	0.09815	4370276.97	0.90992	0.183131	379078
0	8	3	16	4	96	6	3	5	2	1.522367	0.09815	4074261.809	0.887547	0.176271	376336
1	8	6	20	3	105	5	5	5	2	0.730669	0.0585	2577955.449	0.613056	0.114211	377109
0	4	3	16	2	64	3	0	2	3	1.131644	0.0667	2533785.444	0.859409	0.132988	348663
1	4	5	16	1	105	2	4	2	0	0.755138	0.04485	1666408.827	0.595277	0.092991	347451
0	8	6	8	5	130	5	0	3	0	0	0	3591463.024	0.567221	0.112893	375520
0	8	2	8	4	120	0	1	4	3	1.343017	0.1205	3975248.313	0.77241	0.159465	379631
2	8	2	12	3	105	1	4	2	3	1.003844	0.063225	2725725.99	0.769584	0.163456	377682
1	4	2	16	2	32	3	0	1	3	0.912458	0.050875	2106439.225	0.789106	0.121414	345204
2	4	5	12	1	130	0	5	4	3	0.708194	0.052	1970849.51	0.63344	0.101	355625
0	8	6	12	5	120	6	1	4	4	1.514637	0.12225	4112426.39	0.910383	0.183594	379157
1	8	3	12	4	96	1	4	1	0	1.264828	0.061075	3147762.631	0.753541	0.15279	371376
1	8	5	20	3	96	2	0	0	4	1.006592	0.058	2458194.906	0.804549	0.153654	375631
1	4	1	12	2	32	1	4	2	2	0.926082	0.0401	1759750.508	0.792301	0.122216	344818
1	4	3	16	1	128	1	0	3	2	0.754958	0.0445	1792098.771	0.665433	0.103645	354799
0	8	4	12	5	105	1	1	2	0	1.571329	0.091775	3916049.43	0.778924	0.161176	372838
0	8	2	12	4	96	2	5	3	1	1.607426	0.0943	4111376.792	0.812063	0.167724	376248
2	8	2	16	3	84	6	2	0	4	0.896608	0.057925	2453311.343	0.722527	0.149196	374384
2	4	3	12	2	120	1	4	4	2	0.828844	0.0462	2062863.816	0.833493	0.139849	354204
2	4	1	12	1	32	0	1	5	2	0.704713	0.038525	1570789.52	0.621558	0.097909	344557
0	8	5	12	5	120	4	2	5	3	1.584374	0.10325	4358793.334	0.896473	0.186781	379642
0	8	1	12	4	120	6	6	3	3	1.530891	0.100275	4131479.127	0.80525	0.166509	379520
2	8	5	12	3	84	5	6	3	2	0.690762	0.05885	2605877.285	0.597025	0.118349	375002
0	4	4	12	2	32	0	4	2	0	1.074736	0.05185	1855576.851	0.710402	0.10567	339944
2	4	0	16	1	105	4	5	5	4	0.7026	0.04425	1677061.558	0.594412	0.101048	351993
1	8	4	16	5	120	4	4	1	4	1.273952	0.069425	3471785	0.896311	0.181046	378811
2	8	2	20	4	128	5	0	2	2	0.660078	0.066025	3284142.676	0.585027	0.126898	379799
2	8	2	16	3	84	5	2	3	3	0.687232	0.0654	2770153.204	0.582757	0.12289	375510
1	4	4	20	2	96	5	0	3	4	0.74268	0.042725	1768488.745	0.613076	0.09335	351330
1	4	4	20	1	120	6	5	3	0	0.755566	0.042675	1727941.234	0.593569	0.091229	349023
2	8	6	12	5	130	3	0	0	4	0.956378	0.07	3736604.841	0.774329	0.163027	379806
0	8	4	12	4	128	5	1	2	3	0.750977	0.092675	3842746.3	0.617502	0.118287	380307
0	8	2	8	3	105	0	1	1	2	1.225114	0.078	2808298.451	0.765088	0.153642	377054
2	4	4	20	2	128	4	2	2	3	0.83512	0.061525	2351422.909	0.827244	0.135695	355387
0	4	1	20	1	64	5	1	1	4	0.762419	0.048525	1760177.622	0.559068	0.088107	347573
0	8	5	8	5	105	2	6	5	4	1.561961	0.09345	4162000.177	0.890995	0.184711	377410
0	8	2	8	4	84	6	2	5	4	1.509837	0.086925	3656658.56	0.803726	0.163456	374821
2	8	6	16	3	84	2	4	0	0	0.902321	0.057375	2580198.715	0.672733	0.132839	369747
2	4	2	8	2	130	3	6	0	0	0.760386	0.043425	2000381.05	0.637068	0.107649	349979
1	4	5	8	1	128	5	6	1	3	0.704761	0.045575	1707781.223	0.565338	0.088197	355070
0	8	4	16	5	120	1	3	3	2	1.590554	0.1045	4476596.528	0.930372	0.191555	379314
1	8	2	16	4	64	3	2	5	1	1.284643	0.074875	3788541.047	0.804078	0.163363	372743
0	8	5	16	3	105	5	4	2	4	0.789293	0.0782	2831063.879	0.612883	0.118541	376906
0	4	2	20	2	32	1	2	5	0	1.104875	0.0583	2115143.449	0.705186	0.110186	339879
0	4	1	8	1	130	5	3	0	3	0.749272	0.05735	1947964.937	0.557709	0.090338	355163
1	8	6	12	5	105	4	3	5	1	1.294042	0.07305	3781912.325	0.910259	0.185114	377410
1	8	3	12	4	64	2	3	5	2	1.296489	0.07205	3721850.856	0.887575	0.176011	373011
0	8	2	20	3	105	6	6	2	3	1.284385	0.09605	3390532.515	0.804983	0.16306	377682
0	4	0	16	2	120	3	6	5	0	1.042277	0.064025	2345554.607	0.552611	0.094571	349039
0	4	4	12	1	32	3	0	1	0	0.809806	0.0543	1902240.149	0.586245	0.085748	339627
0	8	4	16	5	130	3	3	1	0	1.536997	0.1045	4600323.853	0.76349	0.157057	375285
0	8	2	16	4	84	6	2	3	1	1.527077	0.09525	3931289.765	0.810146	0.165277	375001
0	8	2	20	3	105	0	1	4	0	1.219466	0.083675	3071113.171	0.691712	0.141681	372496
0	4	1	8	2	64	4	4	4	4	1.127711	0.051925	2075780.039	0.814528	0.129432	348117
1	4	0	8	1	105	3	5	1	0	0.749105	0.038925	1646473.209	0.549141	0.092784	347331
1	8	4	8	5	130	2	5	1	3	1.271072	0.073125	3701832.234	0.903776	0.183684	380697
0	8	3	8	4	96	4	1	5	1	1.551491	0.087925	3792348.344	0.886373	0.178363	376068
0	8	2	16	3	105	2	2	1	0	1.29752	0.0858	3128796.792	0.704454	0.144607	372150
1	4	5	12	2	128	0	6	5	0	0.915011	0.04315	1752328.11	0.710986	0.113177	349941
0	4	1	20	1	120	0	4	2	0	0.804449	0.05	1831358.284	0.578231	0.093952	348908
0	8	6	8	5	120	0	1	4	2	1.319076	0.11925	4019280.6	0.847144	0.167323	379425
1	8	4	20	4	96	1	4	0	3	1.081005	0.073725	3502230.732	0.819487	0.154612	376673
0	8	5	16	3	105	2	4	0	2	1.198458	0.08425	3065816.882	0.813466	0.155501	376939
0	4	5	8	2	128	3	2	1	3	1.120872	0.066175	2451886.761	0.869821	0.137496	355266
2	4	1	16	1	105	6	1	1	1	0.709185	0.041675	1607405.335	0.619705	0.101016	351938
0	8	5	16	5	120	3	3	1	1	1.56901	0.1055	4599017.689	0.88525	0.182493	378811
2	8	2	8	4	120	4	3	4	4	1.159567	0.0965	3760978.719	0.781309	0.170233	378856
1	8	6	20	3	120	2	1	3	4	1.128772	0.06605	2838403.782	0.919669	0.179836	378478
2	4	5	16	2	128	3	4	0	2	0.763056	0.051775	2086256.955	0.754747	0.122805	354645
1	4	2	8	1	105	2	3	3	3	0.755338	0.0506	1976000.364	0.657754	0.105251	352947
1	8	5	12	5	120	6	1	5	3	1.259344	0.07225	3493263.434	0.88887	0.182639	379642
0	8	4	12	4	128	1	3	4	0	1.58732	0.12425	4233714.832	0.783709	0.158251	375121
1	8	2	16	3	120	5	4	0	4	0.718651	0.049825	2185823.947	0.599981	0.12369	378128
1	4	0	8	2	32	6	1	2	3	0.913522	0.04275	1785198.552	0.605242	0.098355	345324
0	4	4	16	1	130	4	5	0	0	0.773188	0.05895	1889592.17	0.577281	0.088177	349783
1	8	4	12	5	120	3	2	2	4	1.322215	0.075675	4013930.087	0.898127	0.18798	378931
2	8	1	8	4	120	4	5	4	4	1.137515	0.09385	3599461.107	0.781309	0.170233	378856
2	8	6	12	3	120	0	3	0	3	0.887747	0.06505	2784313.89	0.76811	0.150439	378903
0	4	2	8	2	120	2	5	3	2	1.136477	0.05725	2251047.176	0.816722	0.132833	354093
2	4	0	16	1	130	3	0	3	2	0.705842	0.050675	1962011.368	0.596592	0.10286	355007
0	8	5	16	5	105	4	0	5	1	1.397816	0.093	3932846.704	0.892652	0.184944	377410
0	8	2	12	4	96	6	6	0	0	1.308681	0.086325	3619124.671	0.666298	0.13734	371261
2	8	5	12	3	120	2	4	2	4	1.00778	0.058575	2632894.811	0.831986	0.178524	378363
0	4	4	12	2	128	1	5	5	0	1.115307	0.0574	2075668.729	0.752356	0.118661	349941
0	4	3	12	1	130	1	5	5	1	0.814416	0.05505	1974106.443	0.662341	0.102614	354560
0	8	4	8	5	120	1	6	0	3	1.313817	0.096925	4109061.972	0.824833	0.16114	379471
0	8	2	20	4	120	5	4	3	3	0.747768	0.095825	3989734.143	0.604058	0.127286	379520
2	8	6	16	3	96	0	1	0	1	0.887747	0.055275	2430908.274	0.76529	0.148325	375631
0	4	4	12	2	64	5	6	5	0	0.811724	0.05465	1946811.995	0.5516	0.08361	343218
1	4	4	16	1	105	4	3	4	4	0.757422	0.05275	1897523.038	0.663886	0.099991	352285
0	8	4	12	5	120	3	2	3	1	1.635987	0.102575	4628668.571	0.90828	0.191771	379046
1	8	3	20	4	64	2	6	3	3	1.315817	0.0857	4153307.891	0.892405	0.178231	373699
0	8	2	20	3	84	6	6	3	1	1.286394	0.09035	3178300.17	0.808792	0.162826	374734
2	4	5	20	2	84	1	3	1	1	0.816402	0.0531	2036563.04	0.8094	0.131608	349847
2	4	6	20	1	96	4	0	0	1	0.678244	0.042075	1686538.247	0.62546	0.094298	350783
1	8	5	20	5	130	5	2	1	4	0	0	3366442.295	0.617331	0.125198	379921
1	8	1	12	4	120	0	5	1	4	1.132312	0.06235	3037881.124	0.770361	0.158301	378509
1	8	5	8	3	84	6	3	4	2	1.096105	0.05875	2626387.989	0.884117	0.172984	375113
2	4	5	16	2	32	4	0	1	4	0.802472	0.042475	1741185.537	0.789474	0.123557	344430
2	4	6	16	1	64	6	2	2	3	0.713107	0.053425	1960763.536	0.633053	0.095006	348467
0	8	5	16	5	120	1	4	2	3	1.567764	0.10225	4259985.913	0.90128	0.188475	379707
0	8	4	16	4	120	0	5	1	0	1.323432	0.0893	3655658.402	0.724138	0.140405	373872
2	8	5	16	3	96	4	3	2	0	1.00832	0.0642	2769825.828	0.727997	0.15713	371230
0	4	4	20	2	64	1	1	2	2	1.140214	0.064475	2242538.523	0.862782	0.130209	348157
0	4	2	12	1	96	3	4	3	1	0.817662	0.057025	2095005.524	0.651738	0.103944	351134
1	8	4	16	5	120	6	4	3	3	1.286022	0.076575	3724322.855	0.910447	0.183618	379822
0	8	4	12	4	128	3	2	2	2	1.592353	0.100025	4425358.866	0.91786	0.185853	379799
2	8	5	16	3	105	5	0	4	2	0.689281	0.057875	2572121.092	0.597122	0.119588	377401
2	4	4	12	2	128	2	4	0	4	0.768161	0.0441	1832696.007	0.758102	0.120344	354378
1	4	3	16	1	128	3	2	2	2	0.755695	0.05385	2025891.458	0.664187	0.103197	354684
2	8	5	12	5	105	0	1	1	0	1.003453	0.063475	3180588.996	0.686417	0.1477	372718
2	8	4	20	4	128	4	3	4	3	1.160853	0.11775	4410942.011	0.864825	0.192411	380534
2	8	2	20	3	105	6	4	5	4	0.983474	0.059625	2520586.41	0.7669	0.161876	376842
2	4	4	16	2	84	1	4	5	3	0.829669	0.052275	2080544.741	0.822666	0.131174	350676
2	4	1	12	1	64	4	5	0	1	0.675628	0.03935	1567469.416	0.616379	0.097985	347459
0	8	6	8	5	130	5	5	1	0	0	0	3598092.241	0.561148	0.11131	375285
2	8	3	20	4	96	5	0	0	0	0.646065	0.060175	3014519.718	0.533535	0.108762	371261
0	8	5	20	3	96	2	1	1	3	1.288867	0.095925	3387609.54	0.891521	0.173549	376522
1	4	1	8	2	130	5	1	0	1	0.721998	0.035675	1536599.558	0.5939	0.096885	354586
2	4	1	16	1	84	1	5	5	4	0.71062	0.0435	1674228.622	0.624776	0.101133	349706
1	8	4	8	5	120	2	4	2	2	1.286519	0.067025	3549021.47	0.917913	0.191791	379199
2	8	3	20	4	64	5	0	3	4	0.658721	0.063925	3268626.954	0.598467	0.120004	372924
0	8	6	12	3	120	3	3	0	3	1.211625	0.0945	3567301.591	0.822055	0.152336	378903
0	4	4	12	2	120	6	1	1	1	1.109429	0.0567	1988956.319	0.859568	0.131731	353590
2	4	5	20	1	64	1	1	5	3	0.712861	0.051325	1925499.176	0.634764	0.097787	348402
2	8	6	8	5	130	2	4	4	3	1.127265	0.103	4101216.623	0.869759	0.201384	381044
2	8	1	8	4	128	0	4	2	3	1.035511	0.0675	3280809.953	0.736237	0.157927	380307
2	8	2	20	3	120	2	5	4	1	1.013618	0.07005	2990493.173	0.781089	0.167736	378589
0	4	1	8	2	120	2	4	0	2	1.023273	0.0522	2014383.331	0.758119	0.120584	353743
0	4	4	20	1	96	4	6	3	2	0.814484	0.06745	2220399.828	0.670077	0.100065	351401
1	8	5	16	5	105	2	0	3	3	1.212582	0.0778	3934328.473	0.895979	0.190866	378366
2	8	2	12	4	84	3	5	1	4	1.106616	0.070125	308878.162	0.768647	0.163652	374765
0	8	2	8	3	105	1	0	3	3	1.279788	0.0846	3096773.739	0.814832	0.166241	377797
2	4	2	20	2	96	5	6	0	4	0.664814	0.045025	1801578.442	0.5757	0.094687	350980
0	4	0	12	1	120	2	0	1	4	0.811732	0.05175	1804780.226	0.616792	0.102761	353394
1	8	5	16	5	120	3	5	0	0	1.089172	0.07405	3788351.069	0.704089	0.1439	374059
1	8	3	12	4	96	6	2	1	3	1.258454	0.071775	3442889.024	0.878361	0.1741	376788
1	8	2	8	3	120	0	3	2	3	1.048542	0.062875	2637692.622	0.768424	0.15557	379138
1	4	2	12	2	128	3	4	0	2	0.8552	0.045425	1963677.493	0.757401	0.121261	354645
2	4	2	20	1	105	5	1	2	4	0.660081	0.039075	1641392.316	0.545103	0.089507	352058
0	8	4	20	5	130	5	2	3	1	0	0	4098779.577	0.624876	0.122848	380157
0	8	4	16	4	96	5	6	1	0	0.742396	0.088325	3660228.515	0.55721	0.106588	371376
0	8	6	16	3	84	3	2	5	1	1.322405	0.09135	3390232.825	0.900206	0.170775	374554
2	4	4	8	2	130	6	5	3	4	0.827583	0.0443	1877559.265	0.816515	0.132888	354937
0	4	4	16	1	32	4	6	0	0	0.773188	0.057975	1840161.239	0.575633	0.083867	339512
1	8	5	8	5	120	5	1	0	0	0	0	2874156.607	0.550157	0.112048	374059
1	8	2	16	4	128	3	5	1	3	1.271763	0.0813	3998033.026	0.808993	0.167537	380187
1	8	6	8	3	105	1	0	1	0	1.090479	0.04865	2280976.598	0.7599	0.146234	372150
2	4	5	20	2	32	2	3	3	0	0.821088	0.0552	2149628.722	0.70293	0.112306	340059
1	4	1	20	1	120	1	1	2	1	0.755953	0.0431	1699244.009	0.649497	0.104304	353514
1	8	5	12	5	130	5	5	4	3	0	0	3657787.224	0.615551	0.125706	381044
0	8	4	20	4	120	4	5	1	2	1.535998	0.09905	4147563.188	0.908342	0.176772	378777
2	8	5	16	3	96	5	2	1	1	0.689668	0.05695	2434537.196	0.592155	0.117378	375746
1	4	0	20	2	64	3	4	0	2	0.851484	0.0502	1985354.386	0.603123	0.098544	347922
1	4	5	16	1	130	3	2	4	0	0.756369	0.05435	2006819.191	0.602021	0.095936	350245
2	8	6	8	5	130	4	1	4	0	1.137537	0.094625	3762138.117	0.744282	0.174504	375631
1	8	4	8	4	64	0	2	3	3	1.16828	0.069125	3391300.748	0.833865	0.157229	373699
1	8	6	8	3	105	6	6	2	3	1.099387	0.06155	2707891.153	0.894628	0.170026	377682
1	4	3	20	2	64	5	0	0	0	0.721051	0.0363	1540913.036	0.544963	0.084171	343048
1	4	1	20	1	64	1	0	1	1	0.753435	0.037825	1551222.24	0.647165	0.101023	347573
1	8	5	12	5	105	4	2	1	2	1.275194	0.072125	3591094.261	0.885498	0.182121	377622
1	8	1	8	4	64	2	5	3	1	1.296821	0.06425	3420741.802	0.811975	0.1656	372924
0	8	5	20	3	105	2	4	3	0	1.317238	0.0873	3200290.439	0.777849	0.15887	372385
2	4	4	16	2	130	1	2	2	1	0.829599	0.050775	2042913.676	0.827738	0.135578	354821
2	4	3	8	1	128	6	3	1	3	0.709154	0.04875	1885501.444	0.631956	0.100209	355070
1	8	6	8	5	105	4	0	1	4	1.206902	0.061225	3286237.961	0.895688	0.180144	377354
0	8	1	8	4	120	6	4	0	4	1.304318	0.0825	3389322.312	0.759562	0.15533	378394
0	8	5	16	3	120	3	5	4	4	1.32586	0.092675	3481661.731	0.88721	0.181121	378589
1	4	4	20	2	96	4	1	5	2	0.952905	0.050875	2016753.292	0.875548	0.133891	351417
0	4	4	16	1	96	6	4	2	0	0.817778	0.055775	1845400.397	0.595616	0.090082	346411
1	8	5	8	5	120	1	4	4	2	1.29061	0.094575	3579633.956	0.902754	0.190544	379425
2	8	4	8	4	64	5	1	4	0	0.660555	0.085575	3214335.379	0.549857	0.107455	368398
0	8	6	16	3	96	2	4	0	2	1.199258	0.08485	3106828.135	0.823377	0.15114	375899
2	4	5	20	2	84	3	2	2	1	0.836498	0.058525	2270444.224	0.815603	0.133698	349967
0	4	6	12	1	128	1	1	4	4	0.815009	0.059575	2085504.636	0.663256	0.100907	354643
1	8	4	20	5	105	4	3	0	1	1.095321	0.07745	3774790.003	0.817638	0.159254	377240
2	8	1	20	4	32	6	5	2	1	1.087583	0.069975	3402682.369	0.75865	0.157306	369469
0	8	2	8	3	105	4	0	5	0	1.283624	0.07505	2808171.573	0.709728	0.146151	372205
0	4	1	8	2	96	0	1	5	3	1.076859	0.055975	2081608.271	0.76179	0.120616	351923
0	4	1	16	1	105	5	0	0	1	0.75067	0.0484	1674693.778	0.557063	0.089161	351823
2	8	4	20	5	105	6	4	3	3	1.111745	0.079725	3884431.104	0.855201	0.184694	378366
0	8	3	20	4	32	1	5	0	2	1.307557	0.093825	3927914.336	0.800568	0.151804	369502
0	8	6	12	3	105	1	6	3	0	1.307653	0.08395	3183561.658	0.777773	0.151039	372385
1	4	3	12	2	96	4	2	1	4	0.938729	0.043275	1872232.093	0.86178	0.134152	351094
2	4	0	8	1	32	2	5	1	4	0.69998	0.0371	1548622.884	0.58944	0.096767	344234
2	8	4	20	5	130	3	4	5	1	1.121179	0.08195	4130646.953	0.850546	0.192879	379977
1	8	4	8	4	64	3	6	4	4	1.318819	0.095325	3887374.055	0.91322	0.178506	373035
2	8	6	16	3	96	5	4	2	4	0.687218	0.054975	2460692.008	0.599694	0.114425	375867
2	4	3	12	2	120	1	0	2	4	0.824121	0.0412	1830519.155	0.827777	0.137955	353711
2	4	4	20	1	32	4	0	5	0	0.709935	0.0401	1614690.167	0.570603	0.085445	339683
1	8	6	16	5	130	2	4	1	3	1.278519	0.077775	3866539.709	0.903776	0.183684	380697
1	8	2	12	4	84	3	5	4	3	1.324715	0.1065	4155733.218	0.813091	0.167354	375888
0	8	2	8	3	105	6	0	4	1	1.262642	0.078575	2888181.191	0.809277	0.164596	377133
1	4	4	8	2	32	2	6	1	0	0.920824	0.04065	1795638.906	0.727602	0.10826	339824
1	4	5	8	1	64	1	5	5	3	0.754066	0.045825	1745546.763	0.657458	0.09878	348402
2	8	6	20	5	105	0	4	0	1	0.920181	0.0684	3339827.778	0.76922	0.157759	377240
2	8	4	20	4	64	4	3	0	4	0.953096	0.075025	3637556.05	0.773787	0.153448	372573
2	8	2	16	3	84	6	5	5	3	0.987221	0.066825	2741210.756	0.76774	0.160709	375330
0	4	3	8	2	84	3	1	0	0	1.031871	0.051525	2141696.792	0.687994	0.106709	345125
2	4	4	12	1	120	5	1	2	2	0.655012	0.043	1670656.782	0.551129	0.085198	353782
2	8	6	16	5	130	1	0	3	3	1.182013	0.08075	3908304	0.863081	0.197026	380932
0	8	1	16	4	64	6	2	3	2	1.627003	0.100125	3970883	0.805604	0.163241	373191
2	8	2	12	3	105	0	6	1	1	1.042847	0.059575	2477466	0.73888	0.154114	376786
0	4	1	8	2	128	2	0	4	4	1.191478	0.056575	2129637	0.823027	0.135099	354840
0	4	0	20	1	105	1	4	0	4	0.805376	0.0538	1787677	0.606455	0.099803	351823
0	8	4	12	5	120	3	2	3	2	1.734935	0.10875	4700782	0.927136	0.195642	379314
2	8	4	16	4	120	0	6	2	0	1.144429	0.070525	3410805	0.698798	0.143567	373993
1	8	5	20	3	120	5	0	0	1	0.737942	0.052975	2217258	0.609291	0.118012	378128
0	4	1	8	2	130	4	2	2	2	1.222293	0.0595	2202181	0.815893	0.132976	355088
0	4	4	12	1	96	1	5	5	4	0.8157	0.060075	1894217	0.654806	0.097367	350953
2	8	4	12	5	105	0	4	5	0	1.129923	0.065325	3195818	0.699038	0.146644	372773
0	8	2	12	4	84	2	5	0	2	1.380132	0.09545	3912377	0.762067	0.153818	374918
1	8	2	20	3	96	1	4	2	3	1.214578	0.068475	2750420	0.81479	0.165329	376642
1	4	3	8	2	130	4	5	4	3	1.084505	0.0548	2193641	0.883878	0.143135	355821
1	4	4	20	1	128	4	4	4	0	0.766797	0.048	1805660	0.600605	0.093296	350037
0	8	4	12	5	105	5	3	5	1	0	0	3870573	0.621529	0.1206	377410
0	8	2	20	4	120	0	3	3	2	1.381121	0.10575	4153067	0.772401	0.159105	379012
2	8	6	8	3	84	5	4	5	2	0.71711	0.0543	2391185	0.596637	0.113152	374822
1	4	5	12	2	120	5	4	5	3	0.744338	0.050725	1833008	0.607948	0.095362	354419
2	4	1	16	1	96	0	4	1	0	0.729536	0.03955	1509673	0.553858	0.091164	346291
1	8	5	16	5	120	1	0	4	4	1.28726	0.09975	3603883	0.886673	0.187339	379157
2	8	3	16	4	32	2	5	5	2	1.238552	0.074475	3725790	0.813543	0.165307	369672
2	8	6	12	3	120	1	1	5	0	1.120418	0.0581	2580872	0.734899	0.153433	373661
0	4	5	16	2	64	5	3	1	0	0.806319	0.059625	1978786	0.550358	0.085266	343163
1	4	1	8	1	84	5	6	4	3	0.726239	0.050275	1820628	0.563037	0.090261	350771
2	8	4	20	5	105	0	5	1	4	1.118747	0.07305	3461163	0.791407	0.16361	377354
2	8	3	20	4	120	5	0	3	1	0.683669	0.067425	3339039	0.598467	0.122459	378744
1	8	2	20	3	96	6	6	2	3	1.193758	0.074425	2835165	0.808877	0.163288	376642
2	4	4	16	2	64	1	6	0	3	0.873749	0.05705	2086621	0.757287	0.116429	348428
0	4	2	16	1	32	2	2	2	2	0.811638	0.064675	2061054	0.644996	0.099371	344621
2	8	4	12	5	105	2	0	2	3	1.171351	0.07785	3844532	0.851122	0.194613	378250
1	8	2	20	4	84	2	2	4	0	1.435319	0.108	3879336	0.719078	0.150575	370475
0	8	5	12	3	96	1	4	2	3	1.387566	0.0929	3138051	0.895442	0.176672	376642
0	4	4	8	2	64	3	2	0	1	1.08462	0.05915	2155601	0.797498	0.117603	347655
1	4	0	20	1	130	1	6	4	1	0.767152	0.052025	1869965	0.61895	0.104894	354852
1	8	4	8	5	130	1	2	0	0	1.198283	0.06405	3295120	0.710652	0.141807	375170
0	8	4	12	4	128	0	4	0	4	1.302291	0.087725	3438294	0.806386	0.153258	379296
2	8	5	8	3	96	5	1	4	0	0.716445	0.054775	2390749	0.540616	0.109048	371457
0	4	1	16	2	84	6	3	1	0	1.203981	0.059925	2072820	0.702379	0.112756	345240
1	4	6	16	1	84	5	4	2	0	0.726338	0.0402	1532110	0.51825	0.078546	345164
0	8	5	16	5	105	1	3	5	2	1.674926	0.10675	4280886	0.892191	0.184459	377678
0	8	3	8	4	84	4	3	3	1	1.707564	0.097525	4073310	0.881832	0.179748	375001
1	8	2	12	3	120	3	2	0	1	1.082672	0.061675	2670145	0.758764	0.15268	378128
0	4	5	20	2	128	1	0	3	0	1.174878	0.063175	2138142	0.758739	0.123562	350122
0	4	5	12	1	105	0	2	4	2	0.805079	0.0646	2039557	0.654321	0.100509	352552
0	8	4	12	5	120	0	0	1	3	1.322982	0.09915	3793866	0.839768	0.164661	379586
0	8	1	16	4	84	2	4	3	0	1.684597	0.097425	3998455	0.716501	0.149537	370364
2	8	5	8	3	84	0	5	3	3	1.04061	0.06405	2634643	0.780508	0.158467	375510
0	4	0	12	2	64	6	3	1	3	1.163372	0.0671	2194342	0.615151	0.10074	348543
1	4	0	12	1	120	1	2	3	3	0.76722	0.05485	1879842	0.616555	0.103536	354403
2	8	5	20	5	120	6	6	2	0	1.24997	0.07775	3724787	0.739748	0.164112	374294
2	8	3	8	4	128	2	4	1	2	1.271207	0.0676	3474304	0.839166	0.182797	379679
0	8	6	16	3	84	4	6	4	2	1.404938	0.097825	3454041	0.915181	0.176103	375113
1	4	5	20	2	96	3	3	5	3	1.0923	0.0709	2486221	0.869603	0.136431	351923
0	4	4	12	1	130	1	2	4	1	0.8154	0.065775	2091893	0.663256	0.101002	354852
1	8	5	16	5	120	6	1	3	4	1.392037	0.07285	3475185	0.886475	0.182997	379046
2	8	2	20	4	120	1	2	2	1	1.289415	0.077375	3657406	0.773808	0.16767	378629
0	8	2	12	3	96	4	5	2	2	1.416783	0.0896	3119129	0.814968	0.165246	376134
1	4	4	16	2	84	4	6	5	3	1.100348	0.060325	2202541	0.872346	0.132592	350676
1	4	3	20	1	32	1	5	4	2	0.767608	0.049975	1879014	0.65207	0.097079	344848
2	8	4	20	5	105	6	2	0	3	1.092957	0.08225	3781020	0.781162	0.162758	378015
2	8	4	16	4	128	1	5	3	1	1.299327	0.074575	3620497	0.87154	0.189181	379647
1	8	6	8	3	105	3	0	4	0	1.181322	0.0577	2695363	0.777441	0.154178	372496
0	4	3	12	2	84	5	2	3	3	0.800206	0.0655	2314489	0.608748	0.094396	350856
1	4	1	8	1	64	0	0	0	3	0.758334	0.040075	1521290	0.638029	0.099005	348232
1	8	4	12	5	130	6	6	1	4	1.378951	0.07155	3388777	0.886967	0.178613	379921
2	8	1	20	4	84	0	1	0	1	1.078885	0.0672	3093325	0.72079	0.151268	374650
0	8	2	12	3	120	0	5	5	2	1.278188	0.087125	2959002	0.768126	0.155169	378566
1	4	5	20	2	128	2	6	2	0	1.064392	0.056675	2090617	0.759393	0.123318	350006
0	4	0	16	1	96	2	0	1	4	0.80665	0.056325	1839718	0.616792	0.101727	350898
0	8	4	12	5	120	1	5	1	2	1.646081	0.099475	4010507	0.910177	0.183123	379078
1	8	2	16	4	32	0	5	5	4	1.218432	0.065025	3089132	0.771472	0.15388	369404
1	8	6	12	3	96	1	6	1	1	1.213515	0.0598	2554024	0.894856	0.168715	375746
1	4	4	20	2	130	6	2	3	4	1.063634	0.054225	2030899	0.868948	0.134958	354937
2	4	4	8	1	120	2	4	1	2	0.735829	0.04505	1713071	0.63611	0.097547	353661
1	8	5	12	5	120	4	4	5	1	1.409632	0.069025	3384400	0.888704	0.185744	378866
1	8	4	20	4	96	3	1	1	0	1.378428	0.0772	3719128	0.7603	0.149816	371376
2	8	2	8	3	120	2	3	4	2	1.156514	0.066875	2939458	0.774273	0.16613	378857
2	4	5	8	2	120	3	0	5	2	0.964305	0.048125	1972013	0.820136	0.136567	353913
1	4	5	12	1	128	5	1	0	4	0.725925	0.039425	1441128	0.566201	0.088023	354182
1	8	4	16	5	120	6	1	5	2	1.39728	0.072925	3453386	0.912717	0.183607	379134
0	8	1	12	4	64	4	2	4	0	1.667646	0.12375	4068862	0.71959	0.149126	368398
0	8	6	8	3	84	0	5	3	0	1.272211	0.081475	2887625	0.727976	0.136765	370098
0	4	3	12	2	96	1	1	0	1	1.087881	0.054375	2018280	0.792935	0.12156	350980
0	4	6	12	1	130	5	1	0	1	0.769835	0.0563	1808681	0.56445	0.085774	354390
0	8	6	8	5	105	5	5	3	3	0	0	3994123	0.619232	0.120656	378366
2	8	1	8	4	84	4	4	3	2	1.262538	0.067475	3404346	0.772273	0.165425	375269
2	8	6	8	3	96	6	1	3	3	1.115595	0.065275	2730273	0.843883	0.17018	376757
0	4	4	16	2	128	4	4	1	4	1.195018	0.0624	2084437	0.867846	0.133978	354493
2	4	6	8	1	84	1	4	4	1	0.735383	0.04425	1748707	0.638987	0.097358	349997
0	8	5	12	5	130	1	6	2	4	1.685477	0.10195	4138358	0.885383	0.186403	380041
1	8	1	20	4	64	3	1	5	1	1.415615	0.078325	3722068	0.804078	0.163363	372743
2	8	6	12	3	96	5	4	0	3	0.716785	0.06	2503567	0.591587	0.112341	376407
0	4	3	20	2	32	1	4	0	4	1.087251	0.05605	2012675	0.786324	0.116873	344316
0	4	3	8	1	64	0	4	2	4	0.808579	0.050025	1777782	0.65883	0.098645	347694
1	8	4	12	5	120	3	2	0	3	1.200222	0.08255	4093262	0.825121	0.161636	379471
2	8	4	20	4	32	0	6	1	2	1.135156	0.073525	3430263	0.79257	0.154938	369617
0	8	5	20	3	105	1	5	0	2	1.249755	0.092125	3117482	0.813466	0.155501	376939
1	4	4	20	2	96	1	4	1	2	1.062035	0.0504	1889681	0.867657	0.131868	351361
0	4	0	20	1	64	0	1	3	0	0.805953	0.053275	1817795	0.550285	0.09112	343202
0	8	6	8	5	105	4	5	5	0	1.653371	0.0938	3981762	0.777755	0.159532	372773
0	8	3	16	4	64	2	1	3	1	1.690176	0.100775	4129245	0.874499	0.17542	372924
1	8	5	20	3	120	1	0	1	0	1.173761	0.05775	2401293	0.756711	0.151209	373606
2	4	4	16	2	64	1	6	1	4	0.980098	0.0507	1913556	0.810195	0.127283	347770
2	4	1	12	1	96	6	0	1	3	0.733955	0.04595	1725789	0.622527	0.100965	351671
1	8	5	12	5	105	2	6	1	4	1.408115	0.074375	3689849	0.882006	0.181509	377354
2	8	3	20	4	84	2	6	0	2	1.091739	0.08025	3844002	0.766144	0.158154	374918
0	8	2	12	3	84	0	0	5	4	1.279202	0.0793	2718716	0.767002	0.153027	374554
0	4	2	16	2	128	4	2	5	1	1.223208	0.06385	2206640	0.812123	0.132036	354548
2	4	4	8	1	105	1	1	5	1	0.735878	0.04265	1616556	0.632664	0.096777	351993
2	8	5	12	5	120	1	4	4	3	1.292692	0.10675	3935026	0.853905	0.193347	379933
2	8	4	16	4	32	4	4	5	2	1.225644	0.0704	3443323	0.826498	0.162472	369672
1	8	2	20	3	84	4	5	4	3	1.236047	0.0763	3001883	0.811987	0.164839	375621
1	4	4	12	2	84	6	3	4	0	1.066071	0.04875	1961649	0.751714	0.116237	345587
1	4	6	12	1	32	4	6	5	2	0.76771	0.0479	1742671	0.653352	0.094065	344557
0	8	5	8	5	120	5	1	0	1	0	0	3425721	0.615147	0.123746	378696
0	8	2	8	4	120	0	6	3	2	1.384103	0.0955	3833931	0.772401	0.159105	379012
2	8	2	20	3	120	0	1	2	3	1.044177	0.0719	2799648	0.730569	0.153604	379138
1	4	5	20	2	96	5	1	2	4	0.744185	0.045925	1750574	0.60853	0.094478	351215
0	4	3	20	1	128	4	6	2	0	0.813712	0.064225	2108895	0.598413	0.094327	349810
0	8	5	12	5	105	4	5	0	2	1.39387	0.09825	3994538	0.815016	0.163196	377507
2	8	2	20	4	120	3	6	1	0	1.252703	0.0824	3986542	0.675452	0.147849	373872
2	8	6	16	3	96	2	1	0	4	0.999955	0.061575	2651136	0.774781	0.151245	375631
2	4	2	8	2	64	0	1	4	3	0.921291	0.05025	1980495	0.732563	0.119352	348890
1	4	6	16	1	32	4	0	0	3	0.755994	0.04925	1736432	0.644401	0.092269	344893
1	8	6	12	5	130	5	1	4	2	0	0	3532271	0.621853	0.1226	380536
1	8	3	8	4	64	5	4	4	3	0.700837	0.091025	3340892	0.614556	0.119835	373810
0	8	6	8	3	96	3	4	0	1	1.247839	0.08305	3041013	0.817766	0.150224	375631
1	4	0	20	2	64	2	3	2	1	1.018959	0.055375	2059130	0.610353	0.100788	347890
0	4	5	20	1	120	2	6	4	3	0.809637	0.084625	2484888	0.667344	0.103811	354514
0	8	4	20	5	120	1	6	1	3	1.670479	0.114	4517051	0.909667	0.182858	379586
0	8	4	16	4	32	2	3	4	4	1.564925	0.13275	4420668	0.880799	0.163736	369695
0	8	6	8	3	84	4	1	3	0	1.388298	0.08235	3005938	0.775897	0.151227	370098
2	4	4	8	2	32	2	1	1	2	0.956711	0.0445	1843260	0.792035	0.120916	344697
1	4	3	8	1	32	2	4	5	4	0.767507	0.037725	1559597	0.655164	0.096814	344290
0	8	6	12	5	105	1	1	4	1	1.69924	0.127	4229890	0.913866	0.187513	377701
1	8	3	12	4	128	3	5	3	2	1.461954	0.076975	3905925	0.897144	0.189255	379915
0	8	2	20	3	84	0	0	3	3	1.278072	0.094375	3151106	0.771037	0.154289	375510
2	4	5	12	2	120	3	5	0	0	0.876534	0.04855	1948663	0.65809	0.108346	348869
1	4	3	12	1	32	4	0	5	3	0.767171	0.0465	1748998	0.652777	0.096437	345063
2	8	5	16	5	120	1	0	4	3	1.168922	0.10875	3938692	0.853905	0.193347	379933
2	8	1	8	4	120	2	3	3	4	1.300858	0.0715	3696636	0.781048	0.169824	378744
0	8	6	20	3	120	0	2	2	4	1.26683	0.090725	3158999	0.8333	0.156521	378363
0	4	4	8	2	32	2	3	2	0	1.171198	0.0594	2141697	0.735939	0.109624	339944
1	4	6	20	1	105	0	6	5	3	0.76435	0.05535	1958752	0.653295	0.097234	352767
1	8	6	16	5	105	4	2	0	4	1.203226	0.072525	3604648	0.817638	0.159254	377240
2	8	4	8	4	32	5	1	4	1	0.679801	0.08755	3218346	0.605215	0.115477	369695
2	8	5	16	3	96	0	1	3	3	1.040496	0.068225	2741435	0.780508	0.159208	376757
2	4	1	20	2	120	5	2	1	0	0.702645	0.04585	1779442	0.526629	0.088983	348984
2	4	6	16	1	130	5	3	1	1	0.69729	0.05025	1738802	0.549492	0.085181	354505
1	8	5	20	5	130	4	2	2	2	1.462462	0.082625	3929523	0.898869	0.19123	380309
0	8	2	20	4	120	4	2	0	4	1.380132	0.100475	3984987	0.761546	0.155654	378394
2	8	6	12	3	105	6	2	1	2	1.110362	0.062125	2659096	0.843376	0.168972	377054
1	4	0	16	2	130	2	1	4	0	1.008291	0.04975	2014082	0.555578	0.096583	350441
0	4	1	12	1	128	1	2	1	2	0.812527	0.059925	1955630	0.649941	0.104307	354564
0	8	6	8	5	130	5	0	5	1	0	0	3507061	0.621529	0.121795	379977
2	8	1	16	4	32	3	4	4	4	1.222622	0.10275	3925194	0.763636	0.15904	369695
0	8	6	12	3	96	2	4	5	4	1.394899	0.085725	3053716	0.893845	0.171121	375802
1	4	1	8	2	96	0	3	1	1	0.999893	0.041575	1699619	0.76531	0.121265	351094
1	4	5	12	1	128	5	1	3	3	0.726188	0.052425	1805413	0.565942	0.088768	355306
2	8	5	16	5	105	0	5	4	1	1.116612	0.10205	3659194	0.784917	0.168105	377701
2	8	1	8	4	120	2	5	0	0	1.080198	0.064	3310399	0.644517	0.139395	373757
2	8	5	20	3	84	6	4	0	1	1.004006	0.05955	2400519	0.763312	0.153619	374384
0	4	0	16	2	120	5	2	4	1	0.799281	0.060275	2120045	0.575073	0.098015	353937
1	4	4	16	1	84	6	3	5	3	0.768145	0.059675	1915178	0.655694	0.09695	350479
2	8	5	20	5	130	2	0	1	0	1.168218	0.07535	3684361	0.720287	0.164057	375285
2	8	1	16	4	32	2	2	1	4	1.203359	0.072075	3562142	0.756195	0.156653	369349
0	8	5	12	3	96	4	3	5	3	1.400581	0.09685	3352348	0.897352	0.176456	376577
0	4	1	12	2	128	5	2	3	1	0.803107	0.05765	2042301	0.597897	0.098303	354729
0	4	1	20	1	128	3	6	2	3	0.813328	0.08215	2490218	0.65612	0.105773	355190
2	8	5	20	5	105	2	4	1	3	1.263605	0.08455	3999047	0.828871	0.184267	378130
1	8	4	16	4	64	3	2	1	0	1.373494	0.07395	3719344	0.753385	0.146327	368051
0	8	5	12	3	120	3	0	3	4	1.361014	0.08835	3217153	0.881583	0.179462	378478
1	4	1	8	2	64	0	6	0	1	0.954926	0.03895	1583352	0.747849	0.116263	347655
1	4	5	8	1	96	5	3	3	3	0.726188	0.05145	1807307	0.565942	0.087383	351907
1	8	4	12	5	130	0	5	1	0	1.184281	0.066225	3173495	0.724694	0.144805	375285
0	8	3	16	4	64	5	5	2	3	0.752214	0.0995	3925882	0.614196	0.119131	373584
2	8	6	20	3	84	4	3	0	2	0.999955	0.07055	2895390	0.778135	0.151431	374652
2	4	2	8	2	96	2	3	2	1	0.995721	0.047025	1998892	0.76746	0.128321	351215
0	4	1	12	1	130	0	0	1	1	0.80589	0.051725	1740493	0.639393	0.102574	354505
1	8	4	12	5	120	3	3	3	2	1.468425	0.0832	4259738	0.928657	0.195676	379314
2	8	3	8	4	96	6	0	3	3	1.220908	0.070325	3432837	0.841233	0.179181	377024
1	8	5	20	3	96	3	2	5	2	1.237803	0.074025	2964118	0.895948	0.176533	376070
0	4	3	8	2	128	0	5	0	4	1.074223	0.052375	1914605	0.787396	0.122582	354378
0	4	5	8	1	130	0	1	0	1	0.802616	0.054575	1718549	0.654167	0.100453	354390
0	8	6	16	5	105	0	1	2	4	1.352851	0.0967	3862438	0.836648	0.163381	377475
0	8	4	12	4	84	4	5	5	1	1.679688	0.095825	3895967	0.909821	0.176963	374821
0	8	2	12	3	96	1	4	2	3	1.39312	0.0936	3134142	0.814005	0.165066	376642
2	4	2	20	2	130	5	5	1	1	0.702345	0.046975	1826430	0.57714	0.096731	354701
0	4	2	12	1	128	3	4	2	0	0.81463	0.058425	2007365	0.587065	0.09644	349810
0	8	4	20	5	105	5	3	3	2	0	0	4289250	0.620581	0.120891	377858
0	8	4	16	4	84	0	3	3	4	1.385622	0.099975	3974407	0.843191	0.15975	375001
0	8	6	16	3	105	1	0	1	4	1.365017	0.084775	2954148	0.896395	0.169103	376786
0	4	2	16	2	32	3	2	1	1	1.167369	0.063725	2277672	0.795576	0.122288	344430
1	4	2	20	1	64	4	1	5	1	0.768548	0.044475	1654937	0.64922	0.101539	347629
2	8	6	12	5	130	2	5	4	3	1.331208	0.11225	4334068	0.869759	0.201384	381044
0	8	1	20	4	128	1	0	2	3	1.605178	0.1055	4146430	0.820322	0.170663	380307
2	8	2	8	3	96	3	3	1	1	1.141943	0.061875	2774533	0.768723	0.161738	375746
2	4	1	20	2	130	2	1	4	1	0.990657	0.055975	2211215	0.780372	0.13346	355048
0	4	5	16	1	130	3	3	5	3	0.809468	0.08235	2459189	0.659923	0.102312	355333
1	8	4	8	5	120	5	0	4	0	0	0	3155232	0.56637	0.112436	374521
0	8	4	20	4	96	0	0	4	1	1.336415	0.1205	3929179.429	0.839633	0.160192	376359
0	8	2	16	3	96	1	0	2	2	1.295086	0.0826	3009953.268	0.815866	0.165179	376134
0	4	0	8	2	128	6	6	1	4	1.042922	0.052625	1951422.981	0.615327	0.103746	354493
2	4	4	8	1	64	0	6	1	1	0.703101	0.040075	1554498.385	0.6271	0.093458	347573
2	8	5	16	5	105	4	3	2	0	1.125579	0.076525	3906486.31	0.73401	0.16809	372838
1	8	4	20	4	120	3	2	0	1	1.081005	0.078575	3853557.179	0.811024	0.154297	378394
1	8	5	16	3	105	5	2	0	4	0.718012	0.053325	2316312.451	0.609291	0.117404	376671
1	4	0	16	2	64	1	0	4	1	0.90798	0.04275	1813630.016	0.613465	0.101782	348117
0	4	5	20	1	96	0	0	1	3	0.808812	0.0582	2027187.665	0.651175	0.098765	351671
2	8	6	8	5	130	1	3	2	2	1.131957	0.072	3829316.834	0.867735	0.197222	380309
2	8	2	20	4	64	5	5	5	0	0.659568	0.06485	3206458.769	0.534954	0.114623	368107
1	8	2	16	3	120	0	1	3	4	0.911012	0.057175	2451150.9	0.775782	0.157492	378478
0	4	4	8	2	64	6	5	0	0	1.029363	0.0511	1844534.055	0.688481	0.103292	343048
2	4	4	8	1	130	1	1	0	1	0.677737	0.03925	1581878.614	0.62546	0.095943	354390
0	8	5	20	5	130	2	5	2	1	1.584669	0.1055	4422847.049	0.885646	0.18866	380041
1	8	4	12	4	32	0	4	0	0	1.036099	0.055375	2812169.998	0.696568	0.129471	364597
1	8	5	12	3	84	4	3	1	2	0.911422	0.060375	2643671.02	0.885065	0.171633	374767
0	4	4	16	2	128	5	3	0	3	0.787527	0.0664	2253356.994	0.604609	0.092842	355151
1	4	6	12	1	96	6	4	4	0	0.756817	0.0412	1673298.797	0.59524	0.090748	346638
0	8	6	12	5	120	5	0	2	3	0	0	3842158.067	0.619443	0.120976	379707
2	8	2	20	4	64	4	3	5	0	1.113541	0.0747	3706238.349	0.682822	0.146486	368107
2	8	6	8	3	105	5	4	4	2	0	0	2577553.454	0.597519	0.115017	377401
2	4	4	12	2	128	0	1	0	1	0.765441	0.041825	1676268.872	0.748215	0.118836	354378
0	4	4	16	1	128	3	4	5	2	0.81352	0.065875	2187624.643	0.662251	0.099971	354619
1	8	6	12	5	130	1	1	4	1	1.076444	0.09835	3724197.794	0.909621	0.19023	380268
2	8	2	12	4	120	2	6	0	3	0.950184	0.076525	3815196.385	0.725447	0.154381	379170
0	8	6	8	3	105	5	0	1	0	0.789535	0.07135	2656944.024	0.552442	0.104315	372150
0	4	1	20	2	130	1	6	4	3	1.133481	0.073475	2703194.293	0.817287	0.133804	355821
0	4	2	12	1	64	3	1	4	3	0.818682	0.0651	2352986.033	0.656874	0.103319	348693
0	8	4	8	5	130	4	5	5	0	1.550251	0.090275	3955264.999	0.778394	0.161461	375340
2	8	1	20	4	128	5	4	4	4	0	0	3433310.509	0.590736	0.12862	379758
2	8	6	16	3	84	2	5	5	1	1.007543	0.063025	2798227.673	0.840348	0.171243	374554
1	4	5	20	2	32	0	6	4	3	0.920102	0.05625	2203160.266	0.799213	0.120744	345551
1	4	3	20	1	120	2	0	5	4	0.754822	0.0457	1742315.498	0.662206	0.102094	353450
1	8	4	16	5	120	5	5	3	1	0	0	3405953.051	0.624583	0.122216	379046
2	8	3	16	4	64	6	0	2	4	1.091355	0.06435	3275629.367	0.837568	0.175657	372808
1	8	5	20	3	105	2	1	0	0	1.01057	0.06045	2539540.52	0.703738	0.136636	372035
1	4	3	8	2	120	1	0	5	2	0.948047	0.039725	1757619.692	0.870452	0.137963	353913
2	4	3	16	1	32	1	2	5	0	0.70832	0.04235	1667848.006	0.570078	0.087693	339683
2	8	4	20	5	130	1	1	2	3	1.129073	0.0824	4032359.933	0.858712	0.195432	380817
2	8	3	8	4	64	2	0	5	2	1.09625	0.06345	3432101.234	0.839313	0.17875	373011
2	8	2	20	3	105	1	5	2	2	1.005847	0.0659	2803518.826	0.769888	0.163525	377174
0	4	5	20	2	32	1	6	0	4	1.017703	0.062225	2096044.262	0.786324	0.116873	344316
1	4	2	16	1	120	2	5	2	4	0.755729	0.047325	1758519.793	0.650597	0.104557	353514
0	8	4	12	5	120	2	5	2	4	1.600936	0.097675	4225902.888	0.903548	0.189187	378931
0	8	3	12	4	32	4	2	2	1	1.50207	0.0908	3973427.026	0.852512	0.163348	369469
2	8	2	20	3	120	4	1	4	0	1.003239	0.065025	2825802.354	0.692462	0.150746	373953
0	4	1	12	2	32	6	3	3	3	1.103044	0.063025	2335690.455	0.793399	0.12273	345439
1	4	0	16	1	128	0	5	5	1	0.745807	0.04165	1551192.359	0.610202	0.102231	354352
1	8	6	12	5	130	6	3	2	1	1.264874	0.0718	3601536.016	0.899817	0.182246	380041
0	8	1	12	4	84	1	3	3	3	1.580362	0.1022	4294471.369	0.812549	0.166599	375776
2	8	5	8	3	120	1	6	0	2	0.896143	0.05695	2527093.774	0.768716	0.157095	378395
2	4	1	8	2	96	3	5	5	4	0.84252	0.043525	1996328.653	0.764041	0.127564	351150
2	4	2	12	1	64	6	3	5	1	0.710696	0.04295	1659881.117	0.622144	0.099676	347629
1	8	4	16	5	130	3	4	4	0	1.304134	0.10575	4098602.398	0.779119	0.168063	375631
2	8	4	8	4	64	2	1	4	4	1.133414	0.092725	3652383.573	0.859575	0.181864	373035
1	8	6	20	3	120	4	0	0	1	0.966715	0.0578	2508377.373	0.818726	0.15213	378128
2	4	0	16	2	96	1	4	3	0	0.810085	0.04315	1836084.146	0.541221	0.093881	346723
2	4	4	12	1	128	5	2	5	1	0.657008	0.043025	1624885.782	0.550967	0.085424	354352
2	8	5	8	5	130	0	5	3	1	1.025542	0.066275	3374571.273	0.784052	0.169214	380157
2	8	3	12	4	84	0	6	0	1	0.920801	0.06465	3224434.914	0.754554	0.154021	374650
2	8	5	8	3	84	3	5	0	0	0.900972	0.0547	2579143.739	0.673971	0.137545	369747
2	4	5	8	2	32	5	4	4	0	0.681604	0.038	1657192.311	0.539853	0.085065	340170
2	4	0	8	1	96	3	5	5	3	0.702369	0.047975	1958999.56	0.59267	0.10015	351727
0	8	4	8	5	130	5	5	3	4	0	0	3753487.837	0.624876	0.122848	380157
0	8	2	16	4	64	4	1	1	0	1.546227	0.090375	3805276.925	0.706702	0.145086	368051
0	8	6	20	3	96	3	4	3	0	1.315694	0.090825	3387900.712	0.775326	0.152385	371345
2	4	0	12	2	120	1	0	4	0	0.808276	0.04125	1822830.409	0.541279	0.095086	349330
0	4	6	8	1	128	2	5	3	3	0.81508	0.0661	2278055.947	0.668415	0.10153	355306
1	8	5	12	5	105	0	3	5	4	1.131431	0.069025	3409092.779	0.822565	0.165752	377410
0	8	4	20	4	84	3	2	0	2	1.302996	0.10375	4423626.546	0.820443	0.153642	374918
1	8	5	16	3	120	1	5	2	3	1.119461	0.067825	2812788.567	0.901008	0.179589	379138
2	4	4	20	2	96	2	1	0	4	0.768161	0.05035	1953869.01	0.758108	0.118335	350980
2	4	5	16	1	128	0	0	1	0	0.702067	0.039575	1520323.094	0.565123	0.090778	349690
1	8	4	20	5	105	5	6	5	0	0	0	3447793.973	0.562791	0.110587	372773
0	8	1	12	4	120	1	4	0	1	0	0	3603241.472	0.761546	0.155654	378394
1	8	2	16	3	84	1	3	5	1	1.118288	0.0623	2624071.993	0.80971	0.163318	374554
2	4	3	12	2	84	3	1	2	3	0.835393	0.053625	2317713.96	0.818621	0.134287	350741
2	4	3	20	1	120	0	3	4	3	0.705189	0.05465	2176624.969	0.63344	0.10042	354514
2	8	6	20	5	120	1	0	3	2	0	0	3891546.362	0.867655	0.196634	379314
0	8	2	8	4	32	0	2	5	3	1.346015	0.090625	3739972.225	0.766856	0.152761	370180
0	8	6	16	3	84	0	4	1	2	0	0	2926055.548	0.828401	0.153289	374767
0	4	1	12	2	84	1	2	4	1	0	0	2235993.889	0.816681	0.130895	350194
1	4	4	8	1	84	4	3	1	0	0	0	1604340.375	0.588914	0.088638	345044
0	8	4	16	5	120	2	1	4	3	1.642768	0.1365	4763145.412	0.926284	0.194308	379933
2	8	3	16	4	96	3	0	3	3	1.109584	0.081875	4170444.352	0.841039	0.186039	377024
0	8	5	12	3	120	2	4	3	1	1.309842	0.083225	3111228.119	0.884763	0.179754	378478
2	4	4	8	2	130	3	0	4	3	0	0	2315265.793	0.841102	0.139683	355821
1	4	5	8	1	105	2	4	3	4	0.755751	0.040775	1660933.296	0.673963	0.103694	352174
2	8	5	8	5	105	3	1	3	0	1.128114	0.0693	3870861.321	0.733528	0.169951	372953
2	8	2	12	4	64	5	1	3	1	0.659305	0.061925	3162227.979	0.590442	0.125404	372924
2	8	5	20	3	120	2	3	3	3	1.016836	0.079225	3284197.655	0.849757	0.183691	379254
0	4	2	16	2	84	3	0	1	4	1.124657	0.058175	2210176.495	0.806576	0.127762	349847
2	4	4	16	1	130	5	2	1	1	0.657008	0.0452	1644291.418	0.549492	0.085181	354505
1	8	5	12	5	120	6	5	4	4	1.285356	0.0964	3582156.757	0.888499	0.183849	379157
2	8	3	20	4	64	3	0	5	4	1.107888	0.0752	3811133.826	0.828152	0.176663	372743
1	8	2	16	3	120	6	0	0	3	1.006599	0.05975	2468862.368	0.756358	0.152441	378903
2	4	1	12	2	84	3	4	2	1	0.841176	0.04545	2012695.754	0.769512	0.127933	349967
1	4	2	8	1	120	1	5	0	3	0.722049	0.04345	1701334.698	0.642458	0.102054	354053
0	8	4	12	5	105	3	5	2	0	1.556708	0.09715	4373031.133	0.773107	0.162498	372838
2	8	2	16	4	32	3	0	0	0	0.947901	0.0663	3463966.043	0.645019	0.135263	364597
2	8	6	20	3	120	5	0	3	2	0.686652	0.05915	2664097.695	0.597386	0.115333	378746
1	4	2	16	2	130	2	5	0	2	0.8552	0.04805	1982117.395	0.757401	0.121371	354853
2	4	4	8	1	130	3	1	0	4	0.677737	0.041975	1754473.162	0.62546	0.095943	354390
2	8	5	16	5	130	0	2	4	2	1.027739	0.10375	3844010.468	0.787166	0.170143	380536
1	8	2	8	4	84	5	6	4	1	0	0	3272028.341	0.607365	0.126573	375112
2	8	6	20	3	120	3	0	2	3	0.984948	0.074225	3215060.317	0.857751	0.178495	379138
2	4	0	20	2	32	3	2	0	1	0.759161	0.052025	2033567.956	0.582076	0.095724	344316
2	4	5	16	1	84	0	1	1	0	0	0	1534030.819	0.565123	0.088866	345044
1	8	4	12	5	120	6	0	3	1	1.212958	0.06515	3319295.603	0.909472	0.183361	379046
0	8	3	16	4	32	6	3	5	1	1.491954	0.0945	3921850.778	0.851106	0.162977	369404
1	8	5	8	3	105	2	5	2	3	0	0	2747972.844	0.892637	0.178314	377682
2	4	0	12	2	64	5	5	5	3	0.681912	0.045425	1847505.197	0.55411	0.093399	348598
1	4	5	12	1	96	1	3	3	0	0	0	1724440.655	0.597618	0.093084	346527
1	8	5	20	5	105	2	5	0	0	1.089172	0.07355	3664632.919	0.704089	0.143155	372603
1	8	2	8	4	96	6	1	2	4	1.265684	0.060475	3079720.143	0.805379	0.164798	376133
1	8	6	12	3	84	0	4	5	0	1.037984	0.050375	2268119.057	0.725396	0.135922	369918
1	4	5	12	2	120	3	6	5	0	0	0	2072207.005	0.75286	0.121163	349039
1	4	6	20	1	128	1	1	1	4	0	0	1709906.009	0.651263	0.09831	354297
1	8	5	20	5	120	2	0	4	3	1.211702	0.11225	4189964.987	0.897841	0.193031	379933
0	8	3	8	4	96	6	0	2	2	1.464994	0.087075	3644076.279	0.888406	0.176577	376401
0	8	2	8	3	84	1	0	3	2	1.284657	0.0788	2913718.147	0.811446	0.164134	375002
0	4	5	20	2	96	0	5	2	0	1.078872	0.060425	2072001.754	0.714248	0.112026	346608
2	4	4	8	1	120	3	6	4	0	0.710973	0.047825	1971120.378	0.579861	0.091811	349134
0	8	5	20	5	130	0	2	3	4	1.329208	0.099175	4135614.282	0.82717	0.168796	380157
0	8	4	20	4	96	2	5	0	3	1.309784	0.104	4333171.644	0.818747	0.154067	376673
2	8	5	8	3	96	5	3	2	3	0.688719	0.062625	2664879.971	0.595397	0.118263	376642
1	4	0	16	2	128	4	2	4	1	0.915909	0.04995	2049069.22	0.618576	0.105644	354840
2	4	6	12	1	84	4	5	4	4	0.710423	0.0463	1864194.764	0.639132	0.097417	349997
0	8	5	16	5	130	2	2	4	2	1.656017	0.1345	4663701.842	0.901009	0.194575	380536
2	8	2	20	4	32	2	4	3	2	1.104642	0.075275	3770672.841	0.753322	0.156721	369852
1	8	2	20	3	84	4	5	1	1	1.103479	0.0616	2570075.976	0.809624	0.162717	374499
2	4	1	8	2	130	3	5	5	0	0.83315	0.043475	2006725.9	0.681626	0.117329	350150
2	4	5	8	1	105	5	2	4	3	0.659615	0.0489	1880762.28	0.550826	0.087387	353058
1	8	6	8	5	120	5	1	0	1	0	0	2974603.784	0.619758	0.120324	378696
1	8	3	12	4	84	3	5	2	0	1.286696	0.06935	3713006.818	0.76488	0.156678	370249
2	8	2	8	3	120	2	2	1	2	0.989554	0.05895	2678482.134	0.76554	0.162276	378510
0	4	5	16	2	96	2	3	4	0	1.133032	0.0686	2444638.047	0.758231	0.122578	346834
0	4	1	8	1	105	4	0	2	1	0.810682	0.049525	1804834.426	0.651188	0.103955	352058
2	8	5	16	5	120	0	0	1	2	1.000767	0.067225	3275044.921	0.776891	0.165966	379078
1	8	4	16	4	64	1	3	2	0	1.293162	0.070375	3530945.342	0.767246	0.151755	368172
0	8	6	8	3	96	5	2	5	2	0.785535	0.07825	2923320	0.614108	0.113967	376070
2	4	0	8	2	64	4	0	5	4	0.806443	0.03665	1646569.068	0.590094	0.099177	347825
0	4	2	8	1	64	0	6	2	1	0.809929	0.050825	1805945.822	0.642576	0.100224	347694
0	8	5	12	5	120	0	0	3	3	1.27958	0.096325	3947034.666	0.823066	0.167284	379822
2	8	1	12	4	96	1	1	1	3	1.10165	0.07255	3521126.05	0.766203	0.163593	376788
2	8	6	16	3	84	1	2	1	0	1.000838	0.0595	2653745.262	0.718937	0.1471	369862
1	4	0	12	2	128	5	5	1	2	0.740082	0.0409	1674944.031	0.56934	0.097034	354760
0	4	2	16	1	128	0	4	5	2	0.808811	0.054875	1899895.921	0.645886	0.103555	354619
2	8	4	12	5	105	0	6	4	1	1.033485	0.099575	3708575.399	0.800608	0.166777	377701
2	8	2	16	4	96	0	0	5	4	1.020045	0.063375	3119003.487	0.73674	0.155928	376068
0	8	6	20	3	96	0	2	5	4	1.219758	0.0852	3086012.705	0.829819	0.154267	375802
2	4	1	20	2	130	1	6	2	0	0.83983	0.051075	2064096.838	0.683466	0.117846	350214
0	4	6	12	1	96	2	5	1	1	0.809665	0.059025	2004394.796	0.652834	0.096884	350898
0	8	6	16	5	130	0	6	0	2	1.214422	0.095775	3974442.675	0.820727	0.160402	380074
1	8	4	16	4	64	6	4	0	3	1.081005	0.068075	3255257.473	0.816992	0.152167	373349
0	8	2	20	3	120	5	5	1	1	0.789464	0.08165	2925112.95	0.603153	0.124673	378242
2	4	0	8	2	84	5	4	3	3	0.681616	0.0437	1827243.747	0.554397	0.094616	350856
0	4	1	20	1	64	6	6	4	4	0.815918	0.057475	2057677.087	0.646475	0.101694	347920
1	8	6	8	5	130	6	1	4	1	1.264752	0.093375	3524395.198	0.910859	0.185029	380268
1	8	2	16	4	120	5	2	3	1	0.691396	0.065475	3303437.618	0.6063	0.127634	378744
1	8	5	16	3	105	0	5	4	3	1.046433	0.06625	2807881.865	0.824651	0.161111	377909
1	4	5	20	2	84	1	2	0	0	0.855264	0.046975	1823379.133	0.690519	0.106951	345125
0	4	6	12	1	128	6	6	4	1	0.815182	0.0623	2119966.357	0.655333	0.099615	354643
1	8	4	12	5	130	2	6	5	0	1.2897	0.072425	3785211.233	0.774665	0.161149	375340
1	8	1	16	4	128	1	5	5	3	0	0	3637905.438	0.807487	0.167801	380242
0	8	6	20	3	84	5	3	5	0	0.788834	0.083725	3059439.369	0.554921	0.103967	369918
0	4	1	20	2	128	3	2	5	0	1.135388	0.067425	2430057.282	0.709961	0.117239	349941
1	4	3	12	1	130	0	2	3	3	0.750912	0.049825	1913229.773	0.653774	0.10141	355514
1	8	5	20	5	105	0	2	5	4	0	0	3477108.351	0.822565	0.165752	377410
2	8	4	12	4	128	5	3	4	3	0.654285	0.10225	3814771.055	0.599173	0.118699	380534
1	8	6	20	3	120	4	5	0	3	1.00508	0.068475	2875981.054	0.820852	0.152513	378903
0	4	4	12	2	64	0	2	0	1	1.02104	0.05475	1908500.647	0.790846	0.116626	347655
2	4	0	8	1	120	2	1	4	4	0.7026	0.041875	1742970.866	0.599483	0.103216	353741
0	8	6	16	5	130	0	0	3	4	1.27818	0.0917	3871415.785	0.83987	0.166096	380157
1	8	2	12	4	84	4	6	0	1	1.092768	0.065525	3328400.76	0.761319	0.153872	374650
1	8	2	16	3	105	6	6	4	3	1.099766	0.06935	2915302.094	0.805892	0.163965	377909
2	4	1	12	2	120	2	2	2	4	0.845657	0.046575	1993466.94	0.771799	0.130513	353711
0	4	6	8	1	32	6	2	4	1	0.816389	0.055825	1969376.487	0.64954	0.094251	344581
0	8	5	8	5	105	5	6	1	1	0	0	3657907.013	0.617868	0.124046	377354
2	8	2	20	4	64	3	4	3	3	1.134262	0.0847	4215869.402	0.768385	0.163174	373699
0	8	5	16	3	84	0	4	0	3	1.184915	0.0841	2947656.103	0.795714	0.150884	375160
1	4	1	16	2	120	0	5	5	0	0.91243	0.041975	1711855.353	0.682408	0.111087	349039
2	4	6	12	1	128	1	4	1	4	0.709165	0.042075	1668857.899	0.630466	0.097318	354297
2	8	5	8	5	105	2	4	2	4	1.127562	0.066325	3535508.662	0.834043	0.189512	377475
0	8	4	16	4	84	5	0	4	0	0.75005	0.113	3718955.23	0.563372	0.107892	370475
1	8	5	16	3	84	6	3	1	4	1.094272	0.059525	2502737.744	0.878447	0.169668	374499
2	4	3	16	2	96	3	1	3	4	0.835974	0.05165	2239912.872	0.818195	0.136111	351330
1	4	3	20	1	64	6	5	2	2	0.756423	0.042075	1759182.987	0.656667	0.098739	347961
1	8	5	16	5	105	1	2	2	4	1.301	0.072975	3629179.203	0.88605	0.185228	377475
1	8	1	16	4	120	2	1	0	4	1.081228	0.067675	3378216.934	0.76169	0.155897	378394
1	8	6	16	3	120	3	4	1	4	1.100541	0.06125	2741169.058	0.896116	0.170672	378242
2	4	1	8	2	128	4	3	0	4	0.765454	0.042025	1848269.522	0.721401	0.119738	354378
2	4	2	16	1	128	0	1	4	3	0.705895	0.051	1981738.513	0.625552	0.103528	355417
0	8	4	20	5	130	4	2	3	0	1.59945	0.12225	4438587.524	0.784076	0.166874	375520
0	8	4	16	4	120	3	0	3	0	1.493677	0.09595	4227770.304	0.777726	0.159977	374108
2	8	5	8	3	84	4	3	5	1	1.008276	0.0581	2630773.597	0.837468	0.175064	374554
1	4	5	20	2	128	5	6	2	3	0.737865	0.056375	2133819.088	0.606863	0.095826	355387
0	4	6	12	1	128	2	2	3	4	0.81295	0.06255	2145221.399	0.664648	0.100921	354532
1	8	4	8	5	120	2	4	2	4	0	0	3459113.235	0.902458	0.188727	378931
2	8	1	20	4	32	2	5	2	3	1.092522	0.081425	3984867.086	0.753492	0.156419	370245
0	8	2	20	3	105	3	0	5	0	1.284012	0.0881	3217132.124	0.713454	0.146917	372205
1	4	4	16	2	84	1	2	3	1	0.955925	0.049	1985267.674	0.877608	0.134362	350083
0	4	3	20	1	64	4	1	1	1	0.810698	0.054825	1964386.81	0.659886	0.098818	347573
0	8	6	12	5	105	4	5	0	4	1.318721	0.09215	3994251.864	0.819956	0.159141	377240
1	8	3	8	4	120	3	4	1	0	1.258666	0.0632	3449793.46	0.754102	0.154424	373872
1	8	5	12	3	96	2	0	3	2	1.097769	0.058075	2589895.503	0.895567	0.180248	376250
2	4	3	16	2	32	6	5	3	4	0.814711	0.0446	1907959.554	0.796627	0.125328	344666
1	4	5	12	1	128	0	3	1	3	0.749014	0.0502	1810505.059	0.650892	0.100332	355070
0	8	6	12	5	130	6	4	0	1	1.316811	0.088425	3682982.794	0.819504	0.160746	379806
2	8	3	16	4	120	2	5	1	2	1.095896	0.073925	3773099.42	0.839178	0.182005	378777
2	8	6	12	3	105	6	4	1	2	0.981115	0.056275	2543445.995	0.843376	0.168972	377054
1	4	5	16	2	96	3	1	0	1	0.85385	0.049125	1980067.507	0.791048	0.121311	350980
0	4	0	20	1	128	4	0	4	4	0.814886	0.055725	2016294.343	0.621789	0.10505	354643
0	8	4	20	5	105	5	2	0	1	0	0	3798663.178	0.619627	0.11968	377240
1	8	4	12	4	84	2	6	0	2	1.081005	0.06835	3544026.241	0.821676	0.154264	374918
1	8	5	20	3	120	0	0	3	4	1.037334	0.056525	2444020.848	0.822554	0.160983	378478
0	4	2	16	2	120	1	6	3	0	1.124484	0.060475	2254094.317	0.716669	0.118094	349219
2	4	5	16	1	84	1	0	0	2	0.681615	0.0426	1622318.71	0.627596	0.096798	349803
1	8	4	12	5	130	4	1	0	3	1.09511	0.073175	3596395.641	0.825169	0.162417	380582
1	8	3	12	4	84	0	6	4	0	1.161697	0.093475	3460107.926	0.72475	0.144151	370475
1	8	2	20	3	96	5	3	1	4	0.729592	0.058325	2474050.341	0.602314	0.12343	375746
0	4	4	8	2	84	5	4	4	1	0.814315	0.0536	1976857.463	0.613196	0.093115	350194
0	4	4	16	1	105	2	0	1	1	0.813364	0.05905	1918011.571	0.652834	0.097342	351938
2	8	6	20	5	120	6	6	3	2	1.123096	0.081125	4027682.293	0.862312	0.187266	379314
1	8	4	8	4	32	0	0	3	4	1.143666	0.0574	2967994.733	0.837685	0.155639	369584
0	8	2	8	3	105	1	3	3	2	1.301357	0.085	3188103.901	0.816527	0.166508	377290
2	4	4	20	2	128	0	4	2	1	0.81299	0.046875	1851679.55	0.769701	0.123268	354613
1	4	2	12	1	96	3	1	3	1	0.755648	0.045275	1853321.235	0.650804	0.103843	351134
2	8	4	16	5	120	4	0	0	2	0.950854	0.069725	3468911.063	0.785773	0.164708	378964
1	8	2	8	4	128	5	5	1	3	0.68843	0.064425	3133416.028	0.599958	0.126356	380187
2	8	5	16	3	105	4	0	2	2	0.987727	0.061525	2656537.923	0.849931	0.180697	377174
0	4	3	12	2	96	3	3	0	1	1.013513	0.060725	2375998.633	0.792935	0.12156	350980
0	4	4	12	1	84	5	0	3	0	0.762039	0.051325	1764282.927	0.518464	0.07883	345279
1	8	6	12	5	130	3	1	4	1	1.312265	0.10325	4157151.93	0.912455	0.194745	380268
0	8	2	20	4	128	1	5	0	2	1.308867	0.095975	3967600.132	0.762387	0.156408	379564
0	8	6	20	3	84	5	4	1	0	0.790006	0.077125	2815479.692	0.552442	0.103442	369862
2	4	5	16	2	128	1	1	5	4	0.828135	0.047325	1895043.118	0.812497	0.135989	354548
0	4	6	8	1	64	4	1	1	3	0.814323	0.059075	2058388.454	0.655134	0.095673	348347
1	8	6	20	5	120	2	0	4	0	1.214481	0.10425	3953902.416	0.785644	0.167631	374521
1	8	3	20	4	64	6	0	2	3	1.251575	0.071975	3486007.568	0.885958	0.17452	373584
2	8	5	20	3	84	0	1	0	4	0.889707	0.056825	2389057.196	0.755212	0.151041	374384
1	4	4	20	2	96	3	2	2	0	0.941553	0.0565	2208204.794	0.757647	0.118166	346608
0	4	1	12	1	32	5	5	5	2	0.759851	0.050525	1789342.506	0.56131	0.087373	344557
2	8	4	12	5	130	4	4	3	2	1.127859	0.0733	3728217.012	0.86649	0.200665	380425
2	8	4	16	4	64	6	6	5	3	1.1085	0.076525	3694039.606	0.848734	0.173254	373519
2	8	2	8	3	105	2	0	3	2	0.991288	0.05795	2632057.621	0.776668	0.165208	377290
2	4	5	8	2	130	2	2	1	1	0.823095	0.045125	1927008.548	0.809865	0.134805	354701
2	4	5	16	1	105	6	2	4	4	0.71292	0.048925	1830510.254	0.638417	0.100812	352285
0	8	4	16	5	105	4	0	0	1	1.334728	0.095625	3866053	0.819956	0.159141	377240
2	8	4	16	4	128	4	6	5	0	1.269464	0.07395	3625401	0.743305	0.163614	374830
2	8	5	8	3	84	5	0	0	4	0.718081	0.0489	2109805	0.591063	0.116321	374384
0	4	3	16	2	64	5	5	5	4	0.801854	0.055175	2008898	0.605785	0.09263	347825
0	4	3	8	1	130	0	2	3	4	0.80835	0.0566	1953086	0.659796	0.102259	354740
1	8	4	8	5	130	0	5	1	0	1.184288	0.06275	3088036	0.833417	0.164112	375285
1	8	4	20	4	32	2	5	4	2	1.348486	0.10875	3963257	0.883035	0.164648	369963
0	8	6	20	3	120	2	3	3	4	1.414183	0.1017	3529388	0.915449	0.179056	378478
1	4	2	16	2	64	3	5	0	3	0.958093	0.057025	2161207	0.752858	0.117032	348428
1	4	4	20	1	130	0	5	1	3	0.764047	0.05285	1880163	0.648599	0.097708	355278
1	8	5	12	5	105	2	0	0	4	1.193798	0.06585	3327956	0.808733	0.162349	377240
1	8	4	8	4	64	5	0	4	2	0.70196	0.085975	3128126	0.619842	0.116397	373303
1	8	6	20	3	84	6	2	0	3	1.084592	0.070425	2732518	0.817591	0.149865	375160
2	4	0	20	2	128	4	1	4	2	0.931366	0.05515	2168029	0.597504	0.10388	355107
0	4	2	12	1	105	2	4	4	1	0.815264	0.059825	2030344	0.656029	0.105411	352285
1	8	6	20	5	120	6	3	1	4	1.38091	0.0793	3699982	0.886967	0.177712	378811
0	8	3	16	4	120	6	1	1	4	1.618659	0.0949	3708571	0.871852	0.173945	378509
2	8	6	20	3	84	5	6	1	3	0.71697	0.071175	2847988	0.593329	0.112482	375275
2	4	2	8	2	32	2	0	0	3	0.874085	0.045425	1837951	0.716188	0.113754	345089
0	4	5	20	1	105	4	0	2	2	0.811347	0.0619	2031562	0.66565	0.102188	352325
0	8	4	20	5	105	3	3	5	0	1.657761	0.114	4729860	0.775608	0.159115	372773
0	8	3	20	4	120	0	2	2	2	1.401275	0.10275	4021984	0.82098	0.162952	378897
2	8	6	20	3	84	3	1	3	0	1.136564	0.070825	3007037	0.73664	0.153821	370098
0	4	5	16	2	96	6	5	3	3	1.19281	0.0737	2373239	0.864081	0.135038	352103
1	4	2	8	1	120	3	3	4	0	0.768687	0.048625	1924364	0.590722	0.097413	349134
0	8	4	16	5	120	6	1	0	2	1.391091	0.09805	3850310	0.823821	0.161053	378964
1	8	4	20	4	128	5	3	3	4	0.70196	0.072375	3523294	0.625866	0.120143	379647
0	8	2	20	3	84	2	0	3	4	1.363175	0.091625	3147459	0.813496	0.16492	374734
1	4	1	8	2	120	1	0	0	3	0.958136	0.044375	1762441	0.758142	0.120782	354249
2	4	2	12	1	32	0	5	3	3	0.730925	0.05075	1816577	0.625347	0.098893	345243
0	8	5	16	5	130	0	4	1	1	1.35432	0.09465	3716115	0.819618	0.166597	379921
1	8	3	16	4	96	3	6	2	1	1.450617	0.08015	3934763	0.881076	0.179768	376133
0	8	5	20	3	120	5	2	3	4	0.786394	0.089475	3101260	0.614816	0.119843	378478
1	4	3	20	2	32	4	5	2	3	1.039632	0.058525	2179168	0.832903	0.125346	345324
1	4	0	20	1	128	2	0	3	2	0.766542	0.051475	1830987	0.616135	0.103986	354799
0	8	6	8	5	130	1	5	1	3	1.655841	0.102025	4129306	0.909744	0.1838	380697
2	8	1	8	4	64	6	3	0	2	1.08179	0.06575	3217907	0.723208	0.151039	372841
1	8	2	12	3	120	5	4	2	4	0.739359	0.05245	2253826	0.602305	0.124707	378363
2	4	4	20	2	84	6	0	3	2	0.956485	0.051125	1955424	0.820796	0.130576	350350
1	4	2	16	1	130	1	3	4	3	0.767941	0.062275	2116198	0.656455	0.106561	355625
0	8	4	8	5	105	2	3	2	3	1.699139	0.107	4492869	0.910292	0.189217	378250
2	8	1	12	4	120	0	5	0	4	1.078885	0.06435	3050917	0.72079	0.153217	378394
2	8	6	12	3	120	1	4	4	0	1.127575	0.0597	2693478	0.738592	0.15547	373953
2	4	5	16	2	128	4	5	1	4	0.969692	0.0509	1915767	0.809865	0.134675	354493
0	4	6	12	1	84	3	1	0	2	0.803855	0.0634	2110640	0.649248	0.095124	349803
2	8	5	20	5	105	0	1	5	2	1.127536	0.0748	3520361	0.781349	0.166246	377678
0	8	2	12	4	64	2	4	5	3	1.680703	0.101575	4065304	0.804477	0.163138	373519
0	8	5	12	3	105	5	1	3	1	0.786394	0.082625	2874954	0.614816	0.119231	377022
2	4	4	20	2	32	3	2	5	3	0.957151	0.06765	2418345	0.795656	0.12162	345259
1	4	5	20	1	32	5	1	5	4	0.72604	0.0396	1504986	0.568137	0.084815	344290
2	8	13	6	4	52	9	8	9	2	1.087448	0.092	3446286	0.840996	0.177645	371988
0	8	10	14	3	30	11	10	8	4	1.342018	0.0943	3418696	0.843421	0.160387	368854
2	4	13	22	2	36	7	9	8	3	0.893842	0.05945	2198504	0.757421	0.118625	345855
2	4	10	22	1	52	10	8	7	0	0.734476	0.046575	1743155	0.577923	0.090114	341828
2	8	12	6	5	110	10	9	7	4	1.290902	0.06835	3672526	0.829892	0.189057	377946
1	8	13	6	4	100	12	7	6	3	0.786887	0.059775	2859347	0.75154	0.144853	377026
0	8	11	6	3	36	7	10	9	4	1.231789	0.082375	2956514	0.808886	0.152304	369845
0	4	8	14	2	80	7	9	8	4	0.980661	0.058425	2020804	0.613439	0.101372	349667
1	4	13	10	1	118	10	11	9	3	0.767606	0.05825	2106306	0.669591	0.10405	354306
2	8	10	14	5	100	12	10	7	1	0.924304	0.072525	3495848	0.749302	0.15602	376906
2	8	13	6	4	52	11	9	9	0	1.268848	0.09555	3920537	0.726911	0.155278	367083
0	8	11	14	3	30	7	7	9	4	0.973564	0.08095	2884253	0.810289	0.15287	368965
1	4	9	6	2	80	11	7	9	3	0.91818	0.0495	2132627	0.813479	0.130033	350551
2	4	8	22	1	52	12	8	6	4	0.679563	0.034075	1399280	0.577985	0.095161	346080
2	8	12	22	5	110	11	7	7	4	0	0	4182458	0.826673	0.189726	377946
0	8	11	18	4	92	9	9	9	2	1.681238	0.13675	4360431	0.896942	0.181318	376211
0	8	11	18	3	36	7	7	6	1	0.917321	0.07815	2677307	0.778319	0.143149	369320
0	4	9	6	2	100	9	9	7	3	1.190195	0.06325	2212993	0.814187	0.130608	352460
0	4	8	22	1	80	7	10	9	2	0.804153	0.061775	2088776	0.612386	0.100895	349849
0	8	12	18	5	110	8	9	9	4	1.183552	0.13175	4226167	0.802622	0.161168	378117
1	8	11	18	4	100	7	7	8	1	0.813434	0.08755	3272151	0.811248	0.159105	376664
0	8	10	22	3	30	12	10	7	4	1.127157	0.0906	3045820	0.781226	0.146203	368794
1	4	13	22	2	118	10	10	9	4	1.093635	0.058125	2223531	0.863566	0.139051	353729
1	4	8	6	1	118	11	11	8	4	0.766906	0.047	1877028	0.619017	0.104161	353422
0	8	12	22	5	100	12	8	9	1	1.030621	0.129	4076517	0.784379	0.156453	377077
0	8	11	6	4	100	9	7	7	1	0.859964	0.08655	3631399	0.882935	0.178502	376605
1	8	11	14	3	30	12	7	8	4	0.902796	0.0514	2273348	0.779078	0.146355	368854
2	4	11	22	2	30	7	7	7	2	0.856752	0.046	1853000	0.756791	0.118774	344409
1	4	8	14	1	118	10	8	8	3	0.76458	0.053	1866835	0.616819	0.103479	354195
1	8	10	18	5	110	10	11	8	4	1.473988	0.1095	4148246	0.88489	0.187915	378006
0	8	13	6	4	36	10	10	9	4	1.605093	0.11975	4046561	0.864388	0.168235	370111
0	8	11	14	3	36	11	7	8	1	0.973564	0.0885	3239312	0.868264	0.164587	369734
0	4	13	22	2	110	7	7	6	0	0.947395	0.05195	1875540	0.670481	0.103856	347765
2	4	10	14	1	80	8	11	9	3	0.721021	0.058575	2080914	0.625164	0.097421	350355
0	8	12	6	5	100	11	7	9	0	0	0	4295908	0.76814	0.164954	372441
2	8	11	14	4	52	9	11	8	2	1.297097	0.078825	3836790	0.840174	0.177105	371877
0	8	11	10	3	36	10	7	8	4	0.973564	0.080825	2949200	0.868264	0.164587	369734
0	4	11	14	2	80	9	11	9	4	1.219956	0.06605	2421699	0.858627	0.13441	349778
0	4	13	22	1	36	8	7	6	0	0.751639	0.045475	1680837	0.566193	0.084647	339865
2	8	12	6	5	30	7	8	8	4	0.985011	0.0826	3183145	0.774094	0.160319	369422
1	8	13	10	4	92	12	10	9	4	1.059842	0.095275	3364145	0.783843	0.15252	375944
1	8	10	14	3	30	9	10	8	4	1.165618	0.06125	2586193	0.842583	0.160468	368854
1	4	11	18	2	52	7	7	6	3	0.82579	0.046675	1751175	0.763643	0.113549	347050
0	4	11	10	1	118	12	8	8	4	0.795176	0.052575	1868988	0.643624	0.098956	353422
1	8	10	6	5	110	12	10	8	4	0.984463	0.086	3299473	0.782267	0.156426	378006
1	8	13	6	4	100	12	10	7	3	1.061149	0.07065	3318182	0.774127	0.150855	377380
2	8	10	10	3	36	10	9	9	4	1.10626	0.061425	2745972	0.814599	0.163946	369845
2	4	10	10	2	110	11	9	8	1	0.988814	0.05035	2211713	0.81342	0.136613	352786
1	4	12	6	1	118	12	8	8	1	0.747759	0.038675	1527896	0.643653	0.099045	353422
0	8	10	6	5	100	8	9	9	0	1.182821	0.11925	3883874	0.705944	0.142568	372441
0	8	13	14	4	52	9	9	8	1	1.68867	0.0991	4033578	0.874483	0.172808	371609
2	8	11	18	3	30	8	9	9	1	0.962893	0.063675	2671494	0.758824	0.149845	368965
1	4	10	22	2	110	10	7	9	2	0.917316	0.053775	2131479	0.886295	0.14152	353164
0	4	12	18	1	92	7	9	9	0	0.800859	0.061025	2038375	0.591628	0.091512	346222
2	8	12	10	5	80	9	7	9	3	0	0	3721062	0.843625	0.185879	375774
0	8	13	22	4	92	12	8	6	1	1.035613	0.09	3475066	0.757339	0.145535	375418
2	8	11	14	3	36	12	10	7	0	0.939764	0.05785	2482217	0.654952	0.12913	365038
0	4	10	18	2	36	11	8	8	0	1.140633	0.0627	2350683	0.747366	0.114973	340475
0	4	13	22	1	100	12	7	6	3	0.749388	0.058425	2001115	0.627831	0.094908	351909
2	8	10	10	5	30	8	8	7	2	0.955769	0.06445	3236420	0.761327	0.156295	369630
1	8	11	14	4	36	12	11	6	4	0.98044	0.06615	3108694	0.756962	0.142496	369586
1	8	10	6	3	30	7	11	8	0	1.086703	0.053675	2415653	0.714364	0.136162	364217
0	4	11	10	2	80	10	7	6	3	0.954635	0.05775	2129856	0.768113	0.11523	350026
2	4	11	14	1	100	9	7	9	4	0.729306	0.0435	1776695	0.6421	0.101191	351661
0	8	12	22	5	110	9	8	8	2	1.185027	0.1285	4330412	0.89403	0.18607	378274
2	8	13	22	4	80	8	8	8	4	1.034196	0.093375	3384625	0.761129	0.154867	374585
0	8	10	14	3	30	11	9	7	1	1.35301	0.09365	3370265	0.840101	0.159835	368794
1	4	11	22	2	30	8	11	9	2	0.936281	0.056925	2155384	0.783444	0.118361	344580
1	4	8	14	1	118	12	8	8	1	0.748328	0.03985	1516520	0.606207	0.101303	353422
2	8	10	10	5	110	10	10	7	3	1.316612	0.080575	4030276	0.848586	0.193069	378722
0	8	11	14	4	92	12	11	6	3	1.06568	0.102875	3933921	0.751027	0.14439	376194
0	8	11	22	3	30	12	10	8	4	1.113158	0.090825	3106869	0.781394	0.146484	368854
1	4	9	14	2	36	10	10	6	2	0.837592	0.0459	1807162	0.735109	0.112214	344935
0	4	9	10	1	36	11	11	8	0	0.806099	0.0615	2154535	0.585266	0.092094	340279
1	8	12	14	5	80	8	7	8	4	0	0	3192653	0.799975	0.158672	374887
1	8	13	6	4	80	7	8	6	1	0.991156	0.054525	2699396	0.771773	0.147906	374171
2	8	11	18	3	30	9	8	8	0	1.030011	0.058575	2541073	0.704372	0.142589	364217
2	4	11	10	2	118	11	9	6	4	0.779462	0.0462	2029890	0.732977	0.116862	353204
2	4	8	18	1	80	7	10	6	1	0.679679	0.04005	1508233	0.579129	0.096465	349057
2	8	12	10	5	100	9	7	9	0	0	0	3540359.399	0.73991	0.166111	372441
2	8	11	10	4	92	11	7	7	2	0.733142	0.305892	3782289.407	0.841487	0.185294	376041
1	8	11	14	3	30	9	11	7	0	1.071881	0.060475	2647529.118	0.743013	0.14258	364157
0	4	13	6	2	92	7	8	9	2	1.04016	0.051875	2058054.878	0.794978	0.12279	351292
1	4	10	22	1	134	8	11	9	4	0.741534	0.037925	1932656.96	0.649396	0.101253	355268
0	8	10	14	5	100	12	11	8	1	1.072113	0.1205	4170553.811	0.77938	0.155277	376966
2	8	11	18	4	92	12	11	7	2	0.942445	0.076475	3704246.657	0.741115	0.150526	376041
2	8	10	10	3	36	7	7	9	1	0.795366	0.052125	2406721.618	0.773769	0.15321	369845
1	4	11	14	2	134	7	9	7	0	0.890472	0.03325	1840063.164	0.709252	0.112946	350686
1	4	13	10	1	92	7	8	8	4	0.745479	0.027475	1549946.915	0.659845	0.100339	350718
0	8	10	14	5	100	7	10	7	4	1.260584	0.094325	3932046.46	0.817534	0.16366	376906
0	8	11	10	4	92	11	8	8	1	1.261944	0.069825	4225247.281	0.879475	0.181638	375832
1	8	10	6	3	30	11	10	9	3	1.06689	0.063625	3003835.866	0.846349	0.1613	369740
0	4	10	14	2	118	12	7	9	3	0.979737	0.059625	2301296.768	0.763937	0.118733	354503
0	4	8	14	1	36	8	8	9	2	0.795567	0.051175	1858418.268	0.607533	0.09827	345264
2	8	12	14	5	100	12	9	7	3	0.879462	0.07665	3733161.124	0.739822	0.154249	377682
0	8	13	18	4	36	7	10	9	2	1.313584	0.126	4128952.777	0.812731	0.155705	370379
1	8	10	6	3	30	10	8	9	4	1.049467	0.050375	2413907.226	0.845524	0.160858	368965
2	4	11	22	2	30	7	8	8	0	0.780846	0.04135	1801843.709	0.675861	0.107785	339595
1	4	12	10	1	80	10	9	6	0	0.683206	0.029175	1547225.936	0.566983	0.086515	344450
1	8	12	22	5	30	10	9	8	2	1.241622	0.10425	4087335.149	0.84483	0.167993	369690
2	8	13	18	4	36	10	9	6	0	0.865503	0.06895	3456277.029	0.648534	0.130598	364950
1	8	10	14	3	30	7	8	6	4	0.94199	0.047025	2092089.472	0.773025	0.142767	368440
0	4	9	18	2	118	10	11	6	3	0.939987	0.070975	2462132.733	0.740385	0.116996	353977
0	4	9	10	1	92	8	10	9	3	0.806241	0.059825	2126744.385	0.638624	0.101543	351602
0	8	12	6	5	100	12	10	8	0	1.076764	0.098425	3807096.568	0.693436	0.139569	372329
0	8	11	6	4	100	12	7	8	1	0.842495	0.081625	3488047.647	0.78199	0.152239	376664
2	8	11	10	3	30	8	8	6	0	0.824393	0.0459	2112826.269	0.646443	0.127389	363803
0	4	10	10	2	118	12	9	7	2	1.007048	0.0552	2132716.267	0.763529	0.118155	353825
0	4	10	22	1	134	9	8	7	3	0.817127	0.065575	2306657.576	0.663098	0.103281	355870
1	8	12	18	5	110	10	7	7	1	0	0	3602352.68	0.883439	0.186692	377946
1	8	11	22	4	52	8	10	7	1	1.105182	0.071375	3442456.704	0.797151	0.15253	371549
0	8	11	10	3	30	7	11	9	2	1.197883	0.084625	3188693.928	0.808837	0.152736	369233
0	4	13	18	2	100	11	8	9	1	1.091496	0.064525	2520875.584	0.87895	0.140451	351857
1	4	8	18	1	118	7	9	8	3	0.740164	0.047975	1879389.959	0.609247	0.101905	354195
1	8	12	6	5	80	7	10	7	2	1.102195	0.063475	3321981.787	0.816474	0.162718	375095
2	8	13	10	4	100	11	10	7	1	1.144466	0.07265	3974222.383	0.832816	0.18462	376605
2	8	10	18	3	30	7	10	9	4	0.923176	0.061875	2695325.989	0.77298	0.15358	368965
1	4	9	18	2	118	12	7	8	2	0.835155	0.04235	1799303.55	0.732328	0.11734	353885
1	4	8	22	1	118	12	9	6	4	0.686195	0.0382	1490570.101	0.595882	0.09886	353008
0	8	10	14	5	110	12	11	7	2	1.073878	0.09845	4175739.13	0.780426	0.155911	378214
0	8	11	18	4	100	10	10	9	2	1.62916	0.13525	4530229.505	0.895984	0.184197	377043
2	8	11	14	3	36	12	9	9	4	0.876982	0.058725	2599033.628	0.746065	0.146092	369845
1	4	11	22	2	134	12	11	8	2	0.863294	0.0558	2218719.729	0.760279	0.119035	355620
2	4	10	14	1	134	9	8	7	2	0.710492	0.043825	1811425.738	0.638857	0.102089	355364
2	8	10	22	5	30	11	7	7	1	0	0	4155531.883	0.801998	0.168783	369362
2	8	11	6	4	36	9	9	9	4	1.107019	0.091225	3526209.824	0.818246	0.169056	370111
2	8	11	22	3	30	11	10	6	1	0.83998	0.07045	2943210.805	0.732395	0.142374	368440
0	4	11	10	2	118	8	11	9	0	1.037389	0.05685	2245904.916	0.696482	0.110132	349122
0	4	10	14	1	134	12	9	6	4	0.739113	0.05195	1823857.408	0.63651	0.09767	354742
2	8	12	6	5	100	10	11	7	3	1.144105	0.076775	4091225.874	0.83845	0.190535	377682
2	8	11	18	4	100	10	11	9	3	1.159745	0.1195	4443881.022	0.845984	0.186928	377551
2	8	11	22	3	36	10	8	6	4	0.841797	0.05865	2512551.602	0.732928	0.14199	369320
0	4	9	6	2	36	9	10	7	1	1.118401	0.051	1989245.549	0.802979	0.124421	345022
0	4	11	18	1	110	8	7	8	1	0.795323	0.049675	1936131.995	0.648954	0.099612	352590
1	8	12	6	5	80	12	9	8	2	0.972871	0.0849	3358424.227	0.782942	0.154845	375155
1	8	13	14	4	80	11	10	8	2	1.320535	0.101225	4120053.237	0.88533	0.180595	374853
2	8	10	14	3	36	11	10	7	4	0.989597	0.0655	2969625.883	0.817933	0.163781	369674
1	4	10	22	2	134	11	10	7	4	0.949686	0.0606	2391366.736	0.874125	0.141638	355293
2	4	9	18	1	52	11	7	7	0	0.700375	0.045725	1826614.066	0.569464	0.092498	341828
1	8	12	14	5	80	8	10	8	0	1.055582	0.09065	3451816.893	0.711678	0.142835	370250
1	8	11	10	4	100	9	10	8	0	1.310308	0.065675	3453759.924	0.768219	0.157555	372028
0	8	11	18	3	36	7	8	6	0	1.086211	0.0737	2648492.468	0.681682	0.127108	364683
2	4	10	22	2	36	7	8	9	2	0.777948	0.045475	1984467.798	0.757189	0.118897	345460
0	4	13	14	1	80	10	8	8	0	0.816931	0.0535	1968548.008	0.598119	0.092403	344864
0	8	12	10	5	30	10	11	7	2	0	0	4390337.651	0.843971	0.167374	369630
0	8	11	10	4	92	12	8	6	0	0	0	3266392.697	0.662227	0.128977	370782
1	8	11	6	3	36	10	9	8	2	1.077108	0.055175	2594086.211	0.876915	0.166356	370002
1	4	9	14	2	92	10	7	7	2	0.85622	0.0432	1883931.026	0.813297	0.130399	351121
0	4	8	18	1	80	11	7	9	3	0.800727	0.067075	2399811.701	0.617721	0.101927	350355
0	4	0	8	1	32	0	0	0	0	0.801606501	0.0436	1506062	0.605029317	0.0966393	339512
0	4	1	12	2	64	1	1	1	0	1.171611271	0.0534	1924272	0.797458851	0.1249935	343163
0	8	2	16	3	96	2	2	2	1	1.410926965	0.092925	3211081	0.815629282	0.16543975	375867
0	8	3	20	4	128	3	3	3	2	1.751441085	0.11875	4784272	0.899643326	0.18976325	379915
0	8	4	20	5	130	3	3	3	2	1.764882983	0.143	5026102	0.925328912	0.19613525	380425