2.000000 8.000000 6.000000 16.000000 5.000000 130.000000 1.000000 0.000000 3.000000 3.000000 1.182013 0.080750 3908304.000000
0.000000 8.000000 1.000000 16.000000 4.000000 64.000000 6.000000 2.000000 3.000000 2.000000 1.627003 0.100125 3970883.000000
2.000000 8.000000 2.000000 12.000000 3.000000 105.000000 0.000000 6.000000 1.000000 1.000000 1.042847 0.059575 2477466.000000
0.000000 4.000000 1.000000 8.000000 2.000000 128.000000 2.000000 0.000000 4.000000 4.000000 1.191478 0.056575 2129637.000000
0.000000 4.000000 0.000000 20.000000 1.000000 105.000000 1.000000 4.000000 0.000000 4.000000 0.805376 0.053800 1787677.000000
0.000000 8.000000 4.000000 12.000000 5.000000 120.000000 3.000000 2.000000 3.000000 2.000000 1.734935 0.108750 4700782.000000
2.000000 8.000000 4.000000 16.000000 4.000000 120.000000 0.000000 6.000000 2.000000 0.000000 1.144429 0.070525 3410805.000000
1.000000 8.000000 5.000000 20.000000 3.000000 120.000000 5.000000 0.000000 0.000000 1.000000 0.737942 0.052975 2217258.000000
0.000000 4.000000 1.000000 8.000000 2.000000 130.000000 4.000000 2.000000 2.000000 2.000000 1.222293 0.059500 2202181.000000
0.000000 4.000000 4.000000 12.000000 1.000000 96.000000 1.000000 5.000000 5.000000 4.000000 0.815700 0.060075 1894217.000000
2.000000 8.000000 4.000000 12.000000 5.000000 105.000000 0.000000 4.000000 5.000000 0.000000 1.129923 0.065325 3195818.000000
0.000000 8.000000 2.000000 12.000000 4.000000 84.000000 2.000000 5.000000 0.000000 2.000000 1.380132 0.095450 3912377.000000
1.000000 8.000000 2.000000 20.000000 3.000000 96.000000 1.000000 4.000000 2.000000 3.000000 1.214578 0.068475 2750420.000000
1.000000 4.000000 3.000000 8.000000 2.000000 130.000000 4.000000 5.000000 4.000000 3.000000 1.084505 0.054800 2193641.000000
1.000000 4.000000 4.000000 20.000000 1.000000 128.000000 4.000000 4.000000 4.000000 0.000000 0.766797 0.048000 1805660.000000
0.000000 8.000000 4.000000 12.000000 5.000000 105.000000 5.000000 3.000000 5.000000 1.000000 0.000000 0.000000 3870573.000000
0.000000 8.000000 2.000000 20.000000 4.000000 120.000000 0.000000 3.000000 3.000000 2.000000 1.381121 0.105750 4153067.000000
2.000000 8.000000 6.000000 8.000000 3.000000 84.000000 5.000000 4.000000 5.000000 2.000000 0.717110 0.054300 2391185.000000
1.000000 4.000000 5.000000 12.000000 2.000000 120.000000 5.000000 4.000000 5.000000 3.000000 0.744338 0.050725 1833008.000000
2.000000 4.000000 1.000000 16.000000 1.000000 96.000000 0.000000 4.000000 1.000000 0.000000 0.729536 0.039550 1509673.000000
1.000000 8.000000 5.000000 16.000000 5.000000 120.000000 1.000000 0.000000 4.000000 4.000000 1.287260 0.099750 3603883.000000
2.000000 8.000000 3.000000 16.000000 4.000000 32.000000 2.000000 5.000000 5.000000 2.000000 1.238552 0.074475 3725790.000000
2.000000 8.000000 6.000000 12.000000 3.000000 120.000000 1.000000 1.000000 5.000000 0.000000 1.120418 0.058100 2580872.000000
0.000000 4.000000 5.000000 16.000000 2.000000 64.000000 5.000000 3.000000 1.000000 0.000000 0.806319 0.059625 1978786.000000
1.000000 4.000000 1.000000 8.000000 1.000000 84.000000 5.000000 6.000000 4.000000 3.000000 0.726239 0.050275 1820628.000000
2.000000 8.000000 4.000000 20.000000 5.000000 105.000000 0.000000 5.000000 1.000000 4.000000 1.118747 0.073050 3461163.000000
2.000000 8.000000 3.000000 20.000000 4.000000 120.000000 5.000000 0.000000 3.000000 1.000000 0.683669 0.067425 3339039.000000
1.000000 8.000000 2.000000 20.000000 3.000000 96.000000 6.000000 6.000000 2.000000 3.000000 1.193758 0.074425 2835165.000000
2.000000 4.000000 4.000000 16.000000 2.000000 64.000000 1.000000 6.000000 0.000000 3.000000 0.873749 0.057050 2086621.000000
0.000000 4.000000 2.000000 16.000000 1.000000 32.000000 2.000000 2.000000 2.000000 2.000000 0.811638 0.064675 2061054.000000
2.000000 8.000000 4.000000 12.000000 5.000000 105.000000 2.000000 0.000000 2.000000 3.000000 1.171351 0.077850 3844532.000000
1.000000 8.000000 2.000000 20.000000 4.000000 84.000000 2.000000 2.000000 4.000000 0.000000 1.435319 0.108000 3879336.000000
0.000000 8.000000 5.000000 12.000000 3.000000 96.000000 1.000000 4.000000 2.000000 3.000000 1.387566 0.092900 3138051.000000
0.000000 4.000000 4.000000 8.000000 2.000000 64.000000 3.000000 2.000000 0.000000 1.000000 1.084620 0.059150 2155601.000000
1.000000 4.000000 0.000000 20.000000 1.000000 130.000000 1.000000 6.000000 4.000000 1.000000 0.767152 0.052025 1869965.000000
1.000000 8.000000 4.000000 8.000000 5.000000 130.000000 1.000000 2.000000 0.000000 0.000000 1.198283 0.064050 3295120.000000
0.000000 8.000000 4.000000 12.000000 4.000000 128.000000 0.000000 4.000000 0.000000 4.000000 1.302291 0.087725 3438294.000000
2.000000 8.000000 5.000000 8.000000 3.000000 96.000000 5.000000 1.000000 4.000000 0.000000 0.716445 0.054775 2390749.000000
0.000000 4.000000 1.000000 16.000000 2.000000 84.000000 6.000000 3.000000 1.000000 0.000000 1.203981 0.059925 2072820.000000
1.000000 4.000000 6.000000 16.000000 1.000000 84.000000 5.000000 4.000000 2.000000 0.000000 0.726338 0.040200 1532110.000000
0.000000 8.000000 5.000000 16.000000 5.000000 105.000000 1.000000 3.000000 5.000000 2.000000 1.674926 0.106750 4280886.000000
0.000000 8.000000 3.000000 8.000000 4.000000 84.000000 4.000000 3.000000 3.000000 1.000000 1.707564 0.097525 4073310.000000
1.000000 8.000000 2.000000 12.000000 3.000000 120.000000 3.000000 2.000000 0.000000 1.000000 1.082672 0.061675 2670145.000000
0.000000 4.000000 5.000000 20.000000 2.000000 128.000000 1.000000 0.000000 3.000000 0.000000 1.174878 0.063175 2138142.000000
0.000000 4.000000 5.000000 12.000000 1.000000 105.000000 0.000000 2.000000 4.000000 2.000000 0.805079 0.064600 2039557.000000
0.000000 8.000000 4.000000 12.000000 5.000000 120.000000 0.000000 0.000000 1.000000 3.000000 1.322982 0.099150 3793866.000000
0.000000 8.000000 1.000000 16.000000 4.000000 84.000000 2.000000 4.000000 3.000000 0.000000 1.684597 0.097425 3998455.000000
2.000000 8.000000 5.000000 8.000000 3.000000 84.000000 0.000000 5.000000 3.000000 3.000000 1.040610 0.064050 2634643.000000
0.000000 4.000000 0.000000 12.000000 2.000000 64.000000 6.000000 3.000000 1.000000 3.000000 1.163372 0.067100 2194342.000000
1.000000 4.000000 0.000000 12.000000 1.000000 120.000000 1.000000 2.000000 3.000000 3.000000 0.767220 0.054850 1879842.000000
2.000000 8.000000 5.000000 20.000000 5.000000 120.000000 6.000000 6.000000 2.000000 0.000000 1.249970 0.077750 3724787.000000
2.000000 8.000000 3.000000 8.000000 4.000000 128.000000 2.000000 4.000000 1.000000 2.000000 1.271207 0.067600 3474304.000000
0.000000 8.000000 6.000000 16.000000 3.000000 84.000000 4.000000 6.000000 4.000000 2.000000 1.404938 0.097825 3454041.000000
1.000000 4.000000 5.000000 20.000000 2.000000 96.000000 3.000000 3.000000 5.000000 3.000000 1.092300 0.070900 2486221.000000
0.000000 4.000000 4.000000 12.000000 1.000000 130.000000 1.000000 2.000000 4.000000 1.000000 0.815400 0.065775 2091893.000000
1.000000 8.000000 5.000000 16.000000 5.000000 120.000000 6.000000 1.000000 3.000000 4.000000 1.392037 0.072850 3475185.000000
2.000000 8.000000 2.000000 20.000000 4.000000 120.000000 1.000000 2.000000 2.000000 1.000000 1.289415 0.077375 3657406.000000
0.000000 8.000000 2.000000 12.000000 3.000000 96.000000 4.000000 5.000000 2.000000 2.000000 1.416783 0.089600 3119129.000000
1.000000 4.000000 4.000000 16.000000 2.000000 84.000000 4.000000 6.000000 5.000000 3.000000 1.100348 0.060325 2202541.000000
1.000000 4.000000 3.000000 20.000000 1.000000 32.000000 1.000000 5.000000 4.000000 2.000000 0.767608 0.049975 1879014.000000
2.000000 8.000000 4.000000 20.000000 5.000000 105.000000 6.000000 2.000000 0.000000 3.000000 1.092957 0.082250 3781020.000000
2.000000 8.000000 4.000000 16.000000 4.000000 128.000000 1.000000 5.000000 3.000000 1.000000 1.299327 0.074575 3620497.000000
1.000000 8.000000 6.000000 8.000000 3.000000 105.000000 3.000000 0.000000 4.000000 0.000000 1.181322 0.057700 2695363.000000
0.000000 4.000000 3.000000 12.000000 2.000000 84.000000 5.000000 2.000000 3.000000 3.000000 0.800206 0.065500 2314489.000000
1.000000 4.000000 1.000000 8.000000 1.000000 64.000000 0.000000 0.000000 0.000000 3.000000 0.758334 0.040075 1521290.000000
1.000000 8.000000 4.000000 12.000000 5.000000 130.000000 6.000000 6.000000 1.000000 4.000000 1.378951 0.071550 3388777.000000
2.000000 8.000000 1.000000 20.000000 4.000000 84.000000 0.000000 1.000000 0.000000 1.000000 1.078885 0.067200 3093325.000000
0.000000 8.000000 2.000000 12.000000 3.000000 120.000000 0.000000 5.000000 5.000000 2.000000 1.278188 0.087125 2959002.000000
1.000000 4.000000 5.000000 20.000000 2.000000 128.000000 2.000000 6.000000 2.000000 0.000000 1.064392 0.056675 2090617.000000
0.000000 4.000000 0.000000 16.000000 1.000000 96.000000 2.000000 0.000000 1.000000 4.000000 0.806650 0.056325 1839718.000000
0.000000 8.000000 4.000000 12.000000 5.000000 120.000000 1.000000 5.000000 1.000000 2.000000 1.646081 0.099475 4010507.000000
1.000000 8.000000 2.000000 16.000000 4.000000 32.000000 0.000000 5.000000 5.000000 4.000000 1.218432 0.065025 3089132.000000
1.000000 8.000000 6.000000 12.000000 3.000000 96.000000 1.000000 6.000000 1.000000 1.000000 1.213515 0.059800 2554024.000000
1.000000 4.000000 4.000000 20.000000 2.000000 130.000000 6.000000 2.000000 3.000000 4.000000 1.063634 0.054225 2030899.000000
2.000000 4.000000 4.000000 8.000000 1.000000 120.000000 2.000000 4.000000 1.000000 2.000000 0.735829 0.045050 1713071.000000
1.000000 8.000000 5.000000 12.000000 5.000000 120.000000 4.000000 4.000000 5.000000 1.000000 1.409632 0.069025 3384400.000000
1.000000 8.000000 4.000000 20.000000 4.000000 96.000000 3.000000 1.000000 1.000000 0.000000 1.378428 0.077200 3719128.000000
2.000000 8.000000 2.000000 8.000000 3.000000 120.000000 2.000000 3.000000 4.000000 2.000000 1.156514 0.066875 2939458.000000
2.000000 4.000000 5.000000 8.000000 2.000000 120.000000 3.000000 0.000000 5.000000 2.000000 0.964305 0.048125 1972013.000000
1.000000 4.000000 5.000000 12.000000 1.000000 128.000000 5.000000 1.000000 0.000000 4.000000 0.725925 0.039425 1441128.000000
1.000000 8.000000 4.000000 16.000000 5.000000 120.000000 6.000000 1.000000 5.000000 2.000000 1.397280 0.072925 3453386.000000
0.000000 8.000000 1.000000 12.000000 4.000000 64.000000 4.000000 2.000000 4.000000 0.000000 1.667646 0.123750 4068862.000000
0.000000 8.000000 6.000000 8.000000 3.000000 84.000000 0.000000 5.000000 3.000000 0.000000 1.272211 0.081475 2887625.000000
0.000000 4.000000 3.000000 12.000000 2.000000 96.000000 1.000000 1.000000 0.000000 1.000000 1.087881 0.054375 2018280.000000
0.000000 4.000000 6.000000 12.000000 1.000000 130.000000 5.000000 1.000000 0.000000 1.000000 0.769835 0.056300 1808681.000000
0.000000 8.000000 6.000000 8.000000 5.000000 105.000000 5.000000 5.000000 3.000000 3.000000 0.000000 0.000000 3994123.000000
2.000000 8.000000 1.000000 8.000000 4.000000 84.000000 4.000000 4.000000 3.000000 2.000000 1.262538 0.067475 3404346.000000
2.000000 8.000000 6.000000 8.000000 3.000000 96.000000 6.000000 1.000000 3.000000 3.000000 1.115595 0.065275 2730273.000000
0.000000 4.000000 4.000000 16.000000 2.000000 128.000000 4.000000 4.000000 1.000000 4.000000 1.195018 0.062400 2084437.000000
2.000000 4.000000 6.000000 8.000000 1.000000 84.000000 1.000000 4.000000 4.000000 1.000000 0.735383 0.044250 1748707.000000
0.000000 8.000000 5.000000 12.000000 5.000000 130.000000 1.000000 6.000000 2.000000 4.000000 1.685477 0.101950 4138358.000000
1.000000 8.000000 1.000000 20.000000 4.000000 64.000000 3.000000 1.000000 5.000000 1.000000 1.415615 0.078325 3722068.000000
2.000000 8.000000 6.000000 12.000000 3.000000 96.000000 5.000000 4.000000 0.000000 3.000000 0.716785 0.060000 2503567.000000
0.000000 4.000000 3.000000 20.000000 2.000000 32.000000 1.000000 4.000000 0.000000 4.000000 1.087251 0.056050 2012675.000000
0.000000 4.000000 3.000000 8.000000 1.000000 64.000000 0.000000 4.000000 2.000000 4.000000 0.808579 0.050025 1777782.000000
1.000000 8.000000 4.000000 12.000000 5.000000 120.000000 3.000000 2.000000 0.000000 3.000000 1.200222 0.082550 4093262.000000
2.000000 8.000000 4.000000 20.000000 4.000000 32.000000 0.000000 6.000000 1.000000 2.000000 1.135156 0.073525 3430263.000000
0.000000 8.000000 5.000000 20.000000 3.000000 105.000000 1.000000 5.000000 0.000000 2.000000 1.249755 0.092125 3117482.000000
1.000000 4.000000 4.000000 20.000000 2.000000 96.000000 1.000000 4.000000 1.000000 2.000000 1.062035 0.050400 1889681.000000
0.000000 4.000000 0.000000 20.000000 1.000000 64.000000 0.000000 1.000000 3.000000 0.000000 0.805953 0.053275 1817795.000000
0.000000 8.000000 6.000000 8.000000 5.000000 105.000000 4.000000 5.000000 5.000000 0.000000 1.653371 0.093800 3981762.000000
0.000000 8.000000 3.000000 16.000000 4.000000 64.000000 2.000000 1.000000 3.000000 1.000000 1.690176 0.100775 4129245.000000
1.000000 8.000000 5.000000 20.000000 3.000000 120.000000 1.000000 0.000000 1.000000 0.000000 1.173761 0.057750 2401293.000000
2.000000 4.000000 4.000000 16.000000 2.000000 64.000000 1.000000 6.000000 1.000000 4.000000 0.980098 0.050700 1913556.000000
2.000000 4.000000 1.000000 12.000000 1.000000 96.000000 6.000000 0.000000 1.000000 3.000000 0.733955 0.045950 1725789.000000
1.000000 8.000000 5.000000 12.000000 5.000000 105.000000 2.000000 6.000000 1.000000 4.000000 1.408115 0.074375 3689849.000000
2.000000 8.000000 3.000000 20.000000 4.000000 84.000000 2.000000 6.000000 0.000000 2.000000 1.091739 0.080250 3844002.000000
0.000000 8.000000 2.000000 12.000000 3.000000 84.000000 0.000000 0.000000 5.000000 4.000000 1.279202 0.079300 2718716.000000
0.000000 4.000000 2.000000 16.000000 2.000000 128.000000 4.000000 2.000000 5.000000 1.000000 1.223208 0.063850 2206640.000000
2.000000 4.000000 4.000000 8.000000 1.000000 105.000000 1.000000 1.000000 5.000000 1.000000 0.735878 0.042650 1616556.000000
2.000000 8.000000 5.000000 12.000000 5.000000 120.000000 1.000000 4.000000 4.000000 3.000000 1.292692 0.106750 3935026.000000
2.000000 8.000000 4.000000 16.000000 4.000000 32.000000 4.000000 4.000000 5.000000 2.000000 1.225644 0.070400 3443323.000000
1.000000 8.000000 2.000000 20.000000 3.000000 84.000000 4.000000 5.000000 4.000000 3.000000 1.236047 0.076300 3001883.000000
1.000000 4.000000 4.000000 12.000000 2.000000 84.000000 6.000000 3.000000 4.000000 0.000000 1.066071 0.048750 1961649.000000
1.000000 4.000000 6.000000 12.000000 1.000000 32.000000 4.000000 6.000000 5.000000 2.000000 0.767710 0.047900 1742671.000000
0.000000 8.000000 5.000000 8.000000 5.000000 120.000000 5.000000 1.000000 0.000000 1.000000 0.000000 0.000000 3425721.000000
0.000000 8.000000 2.000000 8.000000 4.000000 120.000000 0.000000 6.000000 3.000000 2.000000 1.384103 0.095500 3833931.000000
2.000000 8.000000 2.000000 20.000000 3.000000 120.000000 0.000000 1.000000 2.000000 3.000000 1.044177 0.071900 2799648.000000
1.000000 4.000000 5.000000 20.000000 2.000000 96.000000 5.000000 1.000000 2.000000 4.000000 0.744185 0.045925 1750574.000000
0.000000 4.000000 3.000000 20.000000 1.000000 128.000000 4.000000 6.000000 2.000000 0.000000 0.813712 0.064225 2108895.000000
0.000000 8.000000 5.000000 12.000000 5.000000 105.000000 4.000000 5.000000 0.000000 2.000000 1.393870 0.098250 3994538.000000
2.000000 8.000000 2.000000 20.000000 4.000000 120.000000 3.000000 6.000000 1.000000 0.000000 1.252703 0.082400 3986542.000000
2.000000 8.000000 6.000000 16.000000 3.000000 96.000000 2.000000 1.000000 0.000000 4.000000 0.999955 0.061575 2651136.000000
2.000000 4.000000 2.000000 8.000000 2.000000 64.000000 0.000000 1.000000 4.000000 3.000000 0.921291 0.050250 1980495.000000
1.000000 4.000000 6.000000 16.000000 1.000000 32.000000 4.000000 0.000000 0.000000 3.000000 0.755994 0.049250 1736432.000000
1.000000 8.000000 6.000000 12.000000 5.000000 130.000000 5.000000 1.000000 4.000000 2.000000 0.000000 0.000000 3532271.000000
1.000000 8.000000 3.000000 8.000000 4.000000 64.000000 5.000000 4.000000 4.000000 3.000000 0.700837 0.091025 3340892.000000
0.000000 8.000000 6.000000 8.000000 3.000000 96.000000 3.000000 4.000000 0.000000 1.000000 1.247839 0.083050 3041013.000000
1.000000 4.000000 0.000000 20.000000 2.000000 64.000000 2.000000 3.000000 2.000000 1.000000 1.018959 0.055375 2059130.000000
0.000000 4.000000 5.000000 20.000000 1.000000 120.000000 2.000000 6.000000 4.000000 3.000000 0.809637 0.084625 2484888.000000
0.000000 8.000000 4.000000 20.000000 5.000000 120.000000 1.000000 6.000000 1.000000 3.000000 1.670479 0.114000 4517051.000000
0.000000 8.000000 4.000000 16.000000 4.000000 32.000000 2.000000 3.000000 4.000000 4.000000 1.564925 0.132750 4420668.000000
0.000000 8.000000 6.000000 8.000000 3.000000 84.000000 4.000000 1.000000 3.000000 0.000000 1.388298 0.082350 3005938.000000
2.000000 4.000000 4.000000 8.000000 2.000000 32.000000 2.000000 1.000000 1.000000 2.000000 0.956711 0.044500 1843260.000000
1.000000 4.000000 3.000000 8.000000 1.000000 32.000000 2.000000 4.000000 5.000000 4.000000 0.767507 0.037725 1559597.000000
0.000000 8.000000 6.000000 12.000000 5.000000 105.000000 1.000000 1.000000 4.000000 1.000000 1.699240 0.127000 4229890.000000
1.000000 8.000000 3.000000 12.000000 4.000000 128.000000 3.000000 5.000000 3.000000 2.000000 1.461954 0.076975 3905925.000000
0.000000 8.000000 2.000000 20.000000 3.000000 84.000000 0.000000 0.000000 3.000000 3.000000 1.278072 0.094375 3151106.000000
2.000000 4.000000 5.000000 12.000000 2.000000 120.000000 3.000000 5.000000 0.000000 0.000000 0.876534 0.048550 1948663.000000
1.000000 4.000000 3.000000 12.000000 1.000000 32.000000 4.000000 0.000000 5.000000 3.000000 0.767171 0.046500 1748998.000000
2.000000 8.000000 5.000000 16.000000 5.000000 120.000000 1.000000 0.000000 4.000000 3.000000 1.168922 0.108750 3938692.000000
2.000000 8.000000 1.000000 8.000000 4.000000 120.000000 2.000000 3.000000 3.000000 4.000000 1.300858 0.071500 3696636.000000
0.000000 8.000000 6.000000 20.000000 3.000000 120.000000 0.000000 2.000000 2.000000 4.000000 1.266830 0.090725 3158999.000000
0.000000 4.000000 4.000000 8.000000 2.000000 32.000000 2.000000 3.000000 2.000000 0.000000 1.171198 0.059400 2141697.000000
1.000000 4.000000 6.000000 20.000000 1.000000 105.000000 0.000000 6.000000 5.000000 3.000000 0.764350 0.055350 1958752.000000
1.000000 8.000000 6.000000 16.000000 5.000000 105.000000 4.000000 2.000000 0.000000 4.000000 1.203226 0.072525 3604648.000000
2.000000 8.000000 4.000000 8.000000 4.000000 32.000000 5.000000 1.000000 4.000000 1.000000 0.679801 0.087550 3218346.000000
2.000000 8.000000 5.000000 16.000000 3.000000 96.000000 0.000000 1.000000 3.000000 3.000000 1.040496 0.068225 2741435.000000
2.000000 4.000000 1.000000 20.000000 2.000000 120.000000 5.000000 2.000000 1.000000 0.000000 0.702645 0.045850 1779442.000000
2.000000 4.000000 6.000000 16.000000 1.000000 130.000000 5.000000 3.000000 1.000000 1.000000 0.697290 0.050250 1738802.000000
1.000000 8.000000 5.000000 20.000000 5.000000 130.000000 4.000000 2.000000 2.000000 2.000000 1.462462 0.082625 3929523.000000
0.000000 8.000000 2.000000 20.000000 4.000000 120.000000 4.000000 2.000000 0.000000 4.000000 1.380132 0.100475 3984987.000000
2.000000 8.000000 6.000000 12.000000 3.000000 105.000000 6.000000 2.000000 1.000000 2.000000 1.110362 0.062125 2659096.000000
1.000000 4.000000 0.000000 16.000000 2.000000 130.000000 2.000000 1.000000 4.000000 0.000000 1.008291 0.049750 2014082.000000
0.000000 4.000000 1.000000 12.000000 1.000000 128.000000 1.000000 2.000000 1.000000 2.000000 0.812527 0.059925 1955630.000000
0.000000 8.000000 6.000000 8.000000 5.000000 130.000000 5.000000 0.000000 5.000000 1.000000 0.000000 0.000000 3507061.000000
2.000000 8.000000 1.000000 16.000000 4.000000 32.000000 3.000000 4.000000 4.000000 4.000000 1.222622 0.102750 3925194.000000
0.000000 8.000000 6.000000 12.000000 3.000000 96.000000 2.000000 4.000000 5.000000 4.000000 1.394899 0.085725 3053716.000000
1.000000 4.000000 1.000000 8.000000 2.000000 96.000000 0.000000 3.000000 1.000000 1.000000 0.999893 0.041575 1699619.000000
1.000000 4.000000 5.000000 12.000000 1.000000 128.000000 5.000000 1.000000 3.000000 3.000000 0.726188 0.052425 1805413.000000
2.000000 8.000000 5.000000 16.000000 5.000000 105.000000 0.000000 5.000000 4.000000 1.000000 1.116612 0.102050 3659194.000000
2.000000 8.000000 1.000000 8.000000 4.000000 120.000000 2.000000 5.000000 0.000000 0.000000 1.080198 0.064000 3310399.000000
2.000000 8.000000 5.000000 20.000000 3.000000 84.000000 6.000000 4.000000 0.000000 1.000000 1.004006 0.059550 2400519.000000
0.000000 4.000000 0.000000 16.000000 2.000000 120.000000 5.000000 2.000000 4.000000 1.000000 0.799281 0.060275 2120045.000000
1.000000 4.000000 4.000000 16.000000 1.000000 84.000000 6.000000 3.000000 5.000000 3.000000 0.768145 0.059675 1915178.000000
2.000000 8.000000 5.000000 20.000000 5.000000 130.000000 2.000000 0.000000 1.000000 0.000000 1.168218 0.075350 3684361.000000
2.000000 8.000000 1.000000 16.000000 4.000000 32.000000 2.000000 2.000000 1.000000 4.000000 1.203359 0.072075 3562142.000000
0.000000 8.000000 5.000000 12.000000 3.000000 96.000000 4.000000 3.000000 5.000000 3.000000 1.400581 0.096850 3352348.000000
0.000000 4.000000 1.000000 12.000000 2.000000 128.000000 5.000000 2.000000 3.000000 1.000000 0.803107 0.057650 2042301.000000
0.000000 4.000000 1.000000 20.000000 1.000000 128.000000 3.000000 6.000000 2.000000 3.000000 0.813328 0.082150 2490218.000000
2.000000 8.000000 5.000000 20.000000 5.000000 105.000000 2.000000 4.000000 1.000000 3.000000 1.263605 0.084550 3999047.000000
1.000000 8.000000 4.000000 16.000000 4.000000 64.000000 3.000000 2.000000 1.000000 0.000000 1.373494 0.073950 3719344.000000
0.000000 8.000000 5.000000 12.000000 3.000000 120.000000 3.000000 0.000000 3.000000 4.000000 1.361014 0.088350 3217153.000000
1.000000 4.000000 1.000000 8.000000 2.000000 64.000000 0.000000 6.000000 0.000000 1.000000 0.954926 0.038950 1583352.000000
1.000000 4.000000 5.000000 8.000000 1.000000 96.000000 5.000000 3.000000 3.000000 3.000000 0.726188 0.051450 1807307.000000
1.000000 8.000000 4.000000 12.000000 5.000000 130.000000 0.000000 5.000000 1.000000 0.000000 1.184281 0.066225 3173495.000000
0.000000 8.000000 3.000000 16.000000 4.000000 64.000000 5.000000 5.000000 2.000000 3.000000 0.752214 0.099500 3925882.000000
2.000000 8.000000 6.000000 20.000000 3.000000 84.000000 4.000000 3.000000 0.000000 2.000000 0.999955 0.070550 2895390.000000
2.000000 4.000000 2.000000 8.000000 2.000000 96.000000 2.000000 3.000000 2.000000 1.000000 0.995721 0.047025 1998892.000000
0.000000 4.000000 1.000000 12.000000 1.000000 130.000000 0.000000 0.000000 1.000000 1.000000 0.805890 0.051725 1740493.000000
1.000000 8.000000 4.000000 12.000000 5.000000 120.000000 3.000000 3.000000 3.000000 2.000000 1.468425 0.083200 4259738.000000
2.000000 8.000000 3.000000 8.000000 4.000000 96.000000 6.000000 0.000000 3.000000 3.000000 1.220908 0.070325 3432837.000000
1.000000 8.000000 5.000000 20.000000 3.000000 96.000000 3.000000 2.000000 5.000000 2.000000 1.237803 0.074025 2964118.000000
0.000000 4.000000 3.000000 8.000000 2.000000 128.000000 0.000000 5.000000 0.000000 4.000000 1.074223 0.052375 1914605.000000
0.000000 4.000000 5.000000 8.000000 1.000000 130.000000 0.000000 1.000000 0.000000 1.000000 0.802616 0.054575 1718549.000000
0.000000 8.000000 6.000000 16.000000 5.000000 105.000000 0.000000 1.000000 2.000000 4.000000 1.352851 0.096700 3862438.000000
0.000000 8.000000 4.000000 12.000000 4.000000 84.000000 4.000000 5.000000 5.000000 1.000000 1.679688 0.095825 3895967.000000
0.000000 8.000000 2.000000 12.000000 3.000000 96.000000 1.000000 4.000000 2.000000 3.000000 1.393120 0.093600 3134142.000000
2.000000 4.000000 2.000000 20.000000 2.000000 130.000000 5.000000 5.000000 1.000000 1.000000 0.702345 0.046975 1826430.000000
0.000000 4.000000 2.000000 12.000000 1.000000 128.000000 3.000000 4.000000 2.000000 0.000000 0.814630 0.058425 2007365.000000
0.000000 8.000000 4.000000 20.000000 5.000000 105.000000 5.000000 3.000000 3.000000 2.000000 0.000000 0.000000 4289250.000000
0.000000 8.000000 4.000000 16.000000 4.000000 84.000000 0.000000 3.000000 3.000000 4.000000 1.385622 0.099975 3974407.000000
0.000000 8.000000 6.000000 16.000000 3.000000 105.000000 1.000000 0.000000 1.000000 4.000000 1.365017 0.084775 2954148.000000
0.000000 4.000000 2.000000 16.000000 2.000000 32.000000 3.000000 2.000000 1.000000 1.000000 1.167369 0.063725 2277672.000000
1.000000 4.000000 2.000000 20.000000 1.000000 64.000000 4.000000 1.000000 5.000000 1.000000 0.768548 0.044475 1654937.000000
2.000000 8.000000 6.000000 12.000000 5.000000 130.000000 2.000000 5.000000 4.000000 3.000000 1.331208 0.112250 4334068.000000
0.000000 8.000000 1.000000 20.000000 4.000000 128.000000 1.000000 0.000000 2.000000 3.000000 1.605178 0.105500 4146430.000000
2.000000 8.000000 2.000000 8.000000 3.000000 96.000000 3.000000 3.000000 1.000000 1.000000 1.141943 0.061875 2774533.000000
2.000000 4.000000 1.000000 20.000000 2.000000 130.000000 2.000000 1.000000 4.000000 1.000000 0.990657 0.055975 2211215.000000
0.000000 4.000000 5.000000 16.000000 1.000000 130.000000 3.000000 3.000000 5.000000 3.000000 0.809468 0.082350 2459189.000000
