idx median-instructions median-cycles   median-ipc  towers-instructions towers-cycles   towers-ipc  vvadd-instructions  vvadd-cycles    vvadd-ipc   multiply-instructions   multiply-cycles multiply-ipc    median-power    towers-power    vvadd-power multiply-power  area
201 4579
202 4579    11443   0.4001573014    8791    6297    1.3960616166    6514    4517    1.4421075935    48788   52458   0.9300392695    0.106   0.106   0.104   0.111   3844326.793
203 0   0   0   0   0   0   6514    3965    1.6428751576    48788   43262   1.1277333457    0.0585  0.0576  0.0582  0.0639  2525664.584
204 4579    8517    /   8791    10662   /   6514    5527    /   48788   55739   /   0.0391  0.0386  0.0382  0.0438  1771573.883
205 4579    9772    /   8791    10448   /   6514    6847    /   48788   64075   /   0.0408  0.0407  0.0412  0.046   1734407.287
206 4579    4938    /   8791    5907    /   6514    3059    /   48788   29720   /   0.0893  0.088   0.0893    0.0971   4176753.288
207 4579    11586   /   8791    5967    /   6514    3782    /   48788   52632   /   0.0967  0.0961  0.0972  0.104  3847978.327
208 4579    7807    /   8791    8375    /   6514    3831    /   48788   43246   /   0.0562  0.0555  0.0558  0.0618 2694297.127
209 4579    12526   /   8791    10709   /   6514    8262    /   48788   67226   /   0.0369  0.0363  0.0353 0.0405  1654451.181
210 4579    13160   /   8791    10534   /   6514    7124    /   48788   67905   /   0.0412  0.0407  0.0397 0.0445  1707446.724
211 4579    4938    /   8791    5836    /   6514    3099    /   48788   29709   /   0.0915  0.0901  0.0885 0.0968  4042763.253
212 4579    4921    /   8791    5863    /   6514    2940    /   48788   29688   /   0.104   0.103   0.101  0.108   4449383.966
213 4579    7807    /   8791    8367    /   6514    3801    /   48788   43256   /   0.0657  0.065   0.0635 0.0695  2764278.357
214 4579    12303   /   8791    8977    /   6514    5517    /   48788   65697   /   0.0392  0.0387  0.0376 0.0428  1746547.484
215 4579    7315    /   8791    10210   /   6514    6834    /   48788   60991   /   0.057   0.0568  0.0552 0.0628  2012203.278
216 4579    11332   /   8791    6309    /   6514    3671    /   48788   52141   /   0.0662  0.0652  0.0639 0.071   3563217.852
217 4579    7607    /   8791    6638    /   6514    3391    /   48788   43156   /   0.0737  0.0731  0.0719 0.0773  3557661.738
218 4579    7807    /   8791    8538    /   6514    4526    /   48788   43310   /   0.0535  0.0525  0.0513 0.0569  2400899.71
219 4579    8517    /   8791    8615    /   6514    4714    /   48788   55603   /   0.0436  0.0437  0.0422 0.0477  1947586.345
220 4579    12751   /   8791    11130   /   6514    8264    /   48788   69191   /   0.0402  0.0398  0.0388 0.0436  1554384.743
221 4579    0   /   8791    0   /   6514    0   /   48788   0   /   0   0   0  0   3984917.7
222 4579    7009    /   8791    11156   /   6514    8714    /   48788   60708   /   0.0882  0.0869  0.0859 0.0915  3736537.602
223 4579    5286    /   8791    8448    /   6514    4064    /   48788   31197   /   0.0766  0.0754  0.0744 0.0808  2784913.943
224 4579    5696    /   8791    8850    /   6514    4292    /   48788   41481   /   0.0569  0.0566  0.0549 0.0628  2237243.274
225 4579    7207    /   8791    10129   /   6514    6844    /   48788   60890   /   0.0497  0.0493  0.0481 0.0541  1840213.782
226 4579    11332   /   8791    6381    /   6514    3686    /   48788   52139   /   0.0742  0.0732  0.0718 0.0789  3711210.346
227 4579    7592    /   8791    9089    /   6514    4009    /   48788   43186   /   0.0657  0.0648  0.064  0.0699  3249675.782
228 4579    7807    /   8791    10002   /   6514    4489    /   48788   43409   /   0.0597  0.0584  0.0574 0.0637  2746572.247
229 4579    8517    /   8791    8666    /   6514    4593    /   48788   55602   /   0.0511  0.0511  0.0496 0.0549  2134431.175
230 4579    13160   /   8791    10535   /   6514    6918    /   48788   67905   /   0.0467  0.0463  0.0451 0.0499  1886730.46
231 4579    0   /   8791    0   /   6514    0   /   48788   0   /   0   0   0  0   3770720.518
232 4579    11590   /   8791    6113    /   6514    4106    /   48788   52448   /   0.0698  0.0691  0.0677 0.0745  3672383.027
233 4579    4633    /   8791    8321    /   6514    3804    /   48788   31122   /   0.0817  0.0809  0.079  0.0865  3201077.474
234 4579    8487    /   8791    9082    /   6514    5277    /   48788   55672   /   0.0336  0.0331  0.0321 0.0369  1498688.472
235 4579    13041   /   8791    10639   /   6514    7133    /   48788   67906   /   0.0405  0.04    0.0389 0.0442  1662005.795
236 4579    11336   /   8791    6220    /   6514    3604    /   48788   52107   /   0.0825  0.0818  0.0803 0.0897  4125194.734
237 4579    7529    /   8791    6126    /   6514    3475    /   48788   43142   /   0.0686  0.0677  0.0665 0.0727  3451690.501
238 4579    5089    /   8791    8339    /   6514    3813    /   48788   31111   /   0.0849  0.0843  0.0823 0.0897  3174108.545
239 4579    8487    /   8791    8793    /   6514    5211    /   48788   55690   /   0.0512  0.0512  0.0496 0.0551  2229519.49
240 4579    7164    /   8791    10192   /   6514    7039    /   48788   61163   /   0.0497  0.0495  0.0482 0.0543  1796198.421
241 4579    7451    /   8791    8987    /   6514    4607    /   48788   43268   /   0.0623  0.061   0.0598 0.067   3225957.281
242 4579    6947    /   8791    12173   /   6514    8679    /   48788   60807   /   0.089   0.0877  0.0868 0.0919  3629423.271
243 4579    11900   /   8791    8813    /   6514    3815    /   48788   52240   /   0.0672  0.0662  0.0651 0.0716  2839632.552
244 4579    5663    /   8791    8481    /   6514    4151    /   48788   41448   /   0.0617  0.0615  0.0599 0.0665  2232661.139
245 4579    13151   /   8791    11671   /   6514    8333    /   48788   68449   /   0.0409  0.0403  0.0394 0.0443  1606395.433
246 4579    7447    /   8791    8973    /   6514    4604    /   48788   43264   /   0.0724  0.0713  0.0699 0.0767  3452110.363
247 4579    4952    /   8791    5592    /   6514    2733    /   48788   29444   /   0.141   0.14    0.138  0.146   4862523.135
248 4579    6474    /   8791    11170   /   6514    8433    /   48788   59108   /   0.0814  0.0802  0.0792 0.0847  2906914.902
249 4579    12282   /   8791    8657    /   6514    5375    /   48788   65684   /   0.041   0.0407  0.0393 0.0448  1841652.78
250 4579    7263    /   8791    11390   /   6514    7219    /   48788   60854   /   0.0534  0.0531  0.052  0.0577  1811327.114
251 4579    0   /   8791    0   /   6514    0   /   48788   0   /   0   0   0  0   3901515.968
252 4579    4849    /   8791    5695    /   6514    3262    /   48788   29773   /   0.0939  0.093   0.0911 0.0987  3948614.011
253 4579    7807    /   8791    8515    /   6514    4553    /   48788   43346   /   0.0558  0.0549  0.0537 0.0592  2389243.266
254 4579    8493    /   8791    8800    /   6514    4862    /   48788   55627   /   0.0506  0.0506  0.0492 0.0541  2034156.059
255 4579    13152   /   8791    10590   /   6514    6945    /   48788   67920   /   0.042   0.0416  0.0407 0.0454  1657277.819
256 4579    11336   /   8791    6364    /   6514    4658    /   48788   52374   /   0.0727  0.0718  0.0703 0.0778  3588383.822
257 4579    9195    /   8791    11656   /   6514    8694    /   48788   65135   /   0.0558  0.0549  0.0543 0.0583  2396396.649
258 4579    11982   /   8791    8699    /   6514    4561    /   48788   52453   /   0.0517  0.0506  0.0495 0.056   2312017.335
259 4579    12186   /   8791    10693   /   6514    5744    /   48788   65867   /   0.0472  0.0466  0.0458 0.0508  2004081.341
260 4579    13152   /   8791    10519   /   6514    6934    /   48788   67917   /   0.0497  0.0495  0.0485 0.0526  1845773.575
261 4579    4794    /   8791    5743    /   6514    2983    /   48788   29835   /   0.125   0.124   0.122  0.131   4359836.381
262 4579    11831   /   8791    5976    /   6514    3864    /   48788   52035   /   0.0695  0.0689  0.0673 0.0739  3524620.665
263 4579    5101    /   8791    8191    /   6514    3685    /   48788   31344   /   0.0972  0.0962  0.0945  0.102  3477430.631
264 4579    8517    /   8791    8934    /   6514    4830    /   48788   55603   /   0.0415  0.0413  0.04   0.0456  1747345.563
265 4579    9712    /   8791    10551   /   6514    6832    /   48788   64063   /   0.0448  0.0447  0.0437 0.048   1809141.894
266 4579    11500   /   8791    6636    /   6514    3910    /   48788   52161   /   0.0981  0.0972  0.096  0.103   3872550.019
267 4579    7592    /   8791    6540    /   6514    3277    /   48788   43108   /   0.0623  0.0613  0.0601 0.0662  3188801.426
268 4579    11930   /   8791    8691    /   6514    4590    /   48788   52334   /   0.0623  0.0614  0.06   0.0666  2713637.628
269 4579    12448   /   8791    9043    /   6514    5631    /   48788   65720   /   0.0368  0.0362  0.0351 0.0405  1614352.159
270 4579    7127    /   8791    10100   /   6514    6865    /   48788   60890   /   0.0527  0.0526  0.0511 0.0574  1982908.832
271 4579    11332   /   8791    6411    /   6514    3668    /   48788   52139   /   0.0683  0.0673  0.0659 0.0731  3524203.761
272 4579    7529    /   8791    6077    /   6514    3621    /   48788   43151   /   0.0773  0.0766  0.0751 0.0812  3982197.696
273 4579    5101    /   8791    8502    /   6514    3971    /   48788   31129   /   0.0806  0.0794  0.0779 0.085   2929409.613
274 4579    5707    /   8791    8931    /   6514    4434    /   48788   41796   /   0.049   0.0485  0.0472 0.0545  1972405.373
275 4579    13147   /   8791    11105   /   6514    8339    /   48788   68510   /   0.0469  0.0466  0.0454 0.0503  1845720.599
276 4579    0   /   8791    0   /   6514    0   /   48788   0   /   0   0   0  0   3428925.786
277 4579    7592    /   8791    5988    /   6514    3236    /   48788   43092   /   0.102   0.101   0.0997 0.105   3820474.729
278 4579    7807    /   8791    8467    /   6514    4041    /   48788   43268   /   0.0546  0.0538  0.0524 0.0581  2387057.191
279 4579    12811   /   8791    8857    /   6514    5476    /   48788   65748   /   0.0465  0.0462  0.0448 0.05    2010258.362
280 4579    9818    /   8791    10558   /   6514    6871    /   48788   64101   /   0.0481  0.0481  0.0472 0.0507  1812126.429
281 4579    0   /   8791    0   /   6514    0   /   48788   0   /   0   0   0  0   3000536.103
282 4579    4806    /   8791    5711    /   6514    3017    /   48788   29727   /   0.0909  0.0902  0.0883 0.0958  3974441.695
283 4579    5153    /   8791    8242    /   6514    4540    /   48788   32203   /   0.0831  0.0822  0.0807 0.0876  3053206.406
284 4579    5809    /   8791    8373    /   6514    4355    /   48788   41691   /   0.0582  0.0578  0.0564 0.0636  2159902.724
285 4579    7142    /   8791    10710   /   6514    8229    /   48788   61329   /   0.0586  0.0584  0.057  0.0635  2001657.564
286 4579    7447    /   8791    5913    /   6514    3173    /   48788   43147   /   0.113   0.112   0.111  0.117   4243457.443
287 4579    4847    /   8791    5865    /   6514    3326    /   48788   29487   /   0.113   0.112   0.111  0.118   3776935.808
288 4579    11913   /   8791    8726    /   6514    3902    /   48788   52299   /   0.0612  0.0605  0.0592 0.0658  2708151.805
289 4579    12303   /   8791    9087    /   6514    5403    /   48788   65737   /   0.0413  0.0408  0.0396 0.0448  1839696.727
290 4579    7164    /   8791    10068   /   6514    7039    /   48788   61163   /   0.0527  0.0526  0.0511 0.0575  1917437.677
291 4579    7447    /   8791    5979    /   6514    3424    /   48788   43173   /   0.0992  0.0982  0.0969 0.103   3745478.353
292 4579    4842    /   8791    5680    /   6514    2853    /   48788   29582   /   0.126   0.125   0.124  0.131   4197905.117
293 4579    7807    /   8791    8388    /   6514    3819    /   48788   43239   /   0.0566  0.0556  0.0542 0.0601  2583516.13
294 4579    8487    /   8791    8929    /   6514    4650    /   48788   55605   /   0.041   0.0408  0.0396 0.0448  1856705.347
295 4579    13139   /   8791    10531   /   6514    6933    /   48788   67895   /   0.0488  0.0483  0.0473 0.0519  1865102.347
296 4579    0   /   8791    0   /   6514    0   /   48788   0   /   0   0   0  0   3291946.335
297 4579    5003    /   8791    5870    /   6514    3019    /   48788   29463   /   0.131   0.13    0.128  0.135   4602474.869
298 4579    8416    /   8791    10770   /   6514    8485    /   48788   61952   /   0.0535  0.0528  0.052  0.0561  2334675.69
299 4579    5809    /   8791    8452    /   6514    4306    /   48788   41529   /   0.068   0.0676  0.066  0.0738  2496507.263
300 4579    7346    /   8791    11256   /   6514    7270    /   48788   61125   /   0.0468  0.0464  0.0455 0.0502  1610051.651
301 4579    4799    /   8791    6200    /   6514    2946    /   48788   29657   /   0.0979  0.0966  0.0951 0.103   4370276.97
302 4579    4810    /   8791    5959    /   6514    3234    /   48788   29604   /   0.0978  0.0969  0.0949 0.103   4074261.809
303 4579    8416    /   8791    10693   /   6514    8470    /   48788   61961   /   0.0584  0.0576  0.0567 0.0613  2577955.449
304 4579    5583    /   8791    8570    /   6514    4321    /   48788   41589   /   0.0659  0.0654  0.064  0.0715  2533785.444
305 4579    9789    /   8791    10465   /   6514    6845    /   48788   64102   /   0.0445  0.0444  0.0435 0.047   1666408.827
306 4579    0   /   8791    0   /   6514    0   /   48788   0   /   0   0   0  0   3591463.024
307 4579    5081    /   8791    5904    /   6514    4366    /   48788   32746   /   0.12    0.119   0.118  0.125   3975248.313
308 4579    11913   /   8791    8787    /   6514    3838    /   48788   52274   /   0.0629  0.062   0.0609 0.0671  2725725.99
309 4579    8487    /   8791    9271    /   6514    5068    /   48788   55646   /   0.0503  0.0502  0.0489 0.0541  2106439.225
310 4579    12717   /   8791    10555   /   6514    7070    /   48788   67905   /   0.0516  0.0515  0.0504 0.0545  1970849.51
311 4579    4871    /   8791    5674    /   6514    3403    /   48788   29480   /   0.122   0.121   0.119  0.127   4112426.39
312 4579    7592    /   8791    6589    /   6514    3273    /   48788   43108   /   0.0609  0.0601  0.0588 0.0645  3147762.631
313 4579    7965    /   8791    9995    /   6514    4500    /   48788   43391   /   0.0579  0.0568  0.0559 0.0614  2458194.906
314 4579    8544    /   8791    8874    /   6514    5007    /   48788   55645   /   0.0396  0.0395  0.0383 0.043   1759750.508
315 4579    9780    /   8791    10441   /   6514    6868    /   48788   64093   /   0.044   0.0439  0.0427 0.0474  1792098.771
316 4579    4764    /   8791    6041    /   6514    2925    /   48788   29714   /   0.0914  0.0903  0.0887 0.0967  3916049.43
317 4579    5097    /   8791    5878    /   6514    2729    /   48788   29590   /   0.094   0.0931  0.0912 0.0989  4111376.792
318 4579    11913   /   8791    10112   /   6514    4639    /   48788   52544   /   0.0575  0.0565  0.0556 0.0621  2453311.343
319 4579    12194   /   8791    9026    /   6514    5319    /   48788   65820   /   0.0458  0.0455  0.0441 0.0494  2062863.816
320 4579    13160   /   8791    10540   /   6514    7093    /   48788   67905   /   0.0383  0.0378  0.0369 0.0411  1570789.52
321 4579    4767    /   8791    5973    /   6514    2882    /   48788   29660   /   0.103   0.102   0.1    0.108   4358793.334
322 4579    4884    /   8791    5694    /   6514    3245    /   48788   29845   /   0.1 0.099   0.0971 0.105   4131479.127
323 4579    12121   /   8791    10781   /   6514    8472    /   48788   60911   /   0.0588  0.0578  0.0566 0.0622  2605877.285
324 4579    5698    /   8791    8583    /   6514    4982    /   48788   41929   /   0.0511  0.0509  0.0496 0.0558  1855576.851
325 4579    13387   /   8791    10682   /   6514    6959    /   48788   68781   /   0.0439  0.0435  0.0426 0.047   1677061.558
326 4579    7447    /   8791    6463    /   6514    3273    /   48788   43156   /   0.0693  0.0681  0.0668 0.0735  3471785
327 4579    11842   /   8791    11504   /   6514    8867    /   48788   64634   /   0.0662  0.0649  0.0639 0.0691  3284142.676
328 4579    12176   /   8791    10800   /   6514    8551    /   48788   61207   /   0.0653  0.0643  0.0633 0.0687  2770153.204
329 4579    8729    /   8791    10437   /   6514    8095    /   48788   61049   /   0.0424  0.0422  0.0411 0.0452  1768488.745
330 4579    9789    /   8791    10454   /   6514    6841    /   48788   64079   /   0.0421  0.042   0.0408 0.0458  1727941.234
331 4579    11550   /   8791    9094    /   6514    4265    /   48788   52176   /   0.0697  0.0684  0.0673 0.0746  3736604.841
332 4579    7009    /   8791    10992   /   6514    8718    /   48788   60708   /   0.0929  0.0916  0.0904 0.0958  3842746.3
333 4579    5009    /   8791    8526    /   6514    4535    /   48788   32122   /   0.0778  0.0766  0.0754 0.0822  2808298.451
334 4579    12186   /   8791    8738    /   6514    5350    /   48788   65833   /   0.061   0.061   0.0598 0.0643  2351422.909
335 4579    7106    /   8791    10760   /   6514    8222    /   48788   61290   /   0.0478  0.0475  0.0462 0.0526  1760177.622
336 4579    4777    /   8791    6029    /   6514    2978    /   48788   29680   /   0.0929  0.092   0.0902 0.0987  4162000.177
337 4579    5069    /   8791    5993    /   6514    3222    /   48788   29615   /   0.0866  0.0856  0.084  0.0915  3656658.56
338 4579    11767   /   8791    10143   /   6514    4570    /   48788   52570   /   0.0571  0.0559  0.0549 0.0616  2580198.715
339 4579    12811   /   8791    10630   /   6514    5840    /   48788   65778   /   0.0431  0.0421  0.0411 0.0474  2000381.05
340 4579    9776    /   8791    11032   /   6514    8162    /   48788   64560   /   0.0454  0.0453  0.0433 0.0483  1707781.223
341 4579    4881    /   8791    5802    /   6514    2883    /   48788   29578   /   0.104   0.103   0.101  0.11    4476596.528
342 4579    7592    /   8791    6137    /   6514    3305    /   48788   43098   /   0.0746  0.0737  0.0725 0.0787  3788541.047
343 4579    6302    /   8791    10518   /   6514    8497    /   48788   58912   /   0.0782  0.0771  0.076  0.0815  2831063.879
344 4579    5698    /   8791    8502    /   6514    4606    /   48788   41783   /   0.0575  0.0573  0.0556 0.0628  2115143.449
345 4579    7226    /   8791    11311   /   6514    8241    /   48788   61310   /   0.0565  0.0563  0.055  0.0616  1947964.937
346 4579    7447    /   8791    6119    /   6514    3267    /   48788   43147   /   0.0727  0.0718  0.0703 0.0774  3781912.325
347 45  79    7592    /   8791    6117    /   6514    3235    /   48788   43096   /   0.0718    0.0711  0.0695  0.0758  3721850.856
348 4579    5181    /   8791    8208    /   6514    4027    /   48788   31172   /   0.096   0.0951  0.0931 0.1 3390532.515
349 4579    5838    /   8791    8607    /   6514    5403    /   48788   42140   /   0.0631  0.0629  0.0613 0.0688  2345554.607
350 4579    7175    /   8791    10234   /   6514    6927    /   48788   60859   /   0.0538  0.0536  0.0526 0.0572  1902240.149
351 4579    4836    /   8791    6233    /   6514    3033    /   48788   29694   /   0.104   0.103   0.101  0.11    4600323.853
352 4579    5097    /   8791    5743    /   6514    3198    /   48788   29707   /   0.095   0.094   0.0922 0.0998  3931289.765
353 4579    5118    /   8791    8419    /   6514    4583    /   48788   32147   /   0.0835  0.0824  0.0809 0.0879  3071113.171
354 4579    5627    /   8791    8475    /   6514    4382    /   48788   41583   /   0.0512  0.0509  0.0493 0.0563  2075780.039
355 4579    9815    /   8791    10658   /   6514    6900    /   48788   64110   /   0.0385  0.0383  0.0374 0.0415  1646473.209
356 4579    7447    /   8791    6480    /   6514    3286    /   48788   43159   /   0.0729  0.0719  0.0704 0.0773  3701832.234
357 4579    5069    /   8791    5977    /   6514    2979    /   48788   29655   /   0.0877  0.0866  0.0851 0.0923  3792348.344
358 4579    5048    /   8791    8507    /   6514    3847    /   48788   31348   /   0.0856  0.0844  0.083  0.0902  3128796.792
359 4579    8493    /   8791    8779    /   6514    5239    /   48788   55684   /   0.0425  0.0425  0.0411 0.0465  1752328.11
360 4579    7315    /   8791    10080   /   6514    7078    /   48788   61032   /   0.0491  0.0489  0.0473 0.0547  1831358.284
361 4579    4843    /   8791    6114    /   6514    4604    /   48788   33007   /   0.119   0.118   0.116  0.124   4019280.6
362 4579    7592    /   8791    9067    /   6514    4015    /   48788   43217   /   0.0735  0.0725  0.0715 0.0774  3502230.732
363 4579    5297    /   8791    9679    /   6514    4479    /   48788   31139   /   0.0842  0.0827  0.0816 0.0885  3065816.882
364 4579    5671    /   8791    8882    /   6514    4317    /   48788   41438   /   0.0653  0.065   0.0635 0.0709  2451886.761
365 4579    13160   /   8791    10608   /   6514    6918    /   48788   67905   /   0.0413 0.0408   0.0399 0.0447  1607405.335
366 4579    4713    /   8791    6228    /   6514    2897    /   48788   29669   /   0.105   0.104   0.102  0.111   4599017.689
367 4579    11495   /   8791    5741    /   6514    3678    /   48788   52036   /   0.0959  0.0953  0.0938 0.101   3760978.719
368 4579    7807    /   8791    8462    /   6514    3700    /   48788   43208   /   0.066   0.065   0.0638 0.0694  2838403.782
369 4579    12194   /   8791    10658   /   6514    5863    /   48788   65854   /   0.0514  0.0508  0.05   0.0549  2086256.955
370 4579    9772    /   8791    10471   /   6514    6843    /   48788   64086   /   0.05    0.0501  0.0488 0.0535  1976000.364
371 4579    7447    /   8791    6333    /   6514    3420    /   48788   43187   /   0.072   0.0712  0.0696 0.0762  3493263.434
372 4579    4849    /   8791    5641    /   6514    2976    /   48788   29431   /   0.124   0.123   0.121  0.129   4233714.832
373 4579    8416    /   8791    11399   /   6514    8440    /   48788   61952   /   0.0497  0.049   0.0482 0.0524  2185823.947
374 4579    8487    /   8791    8883    /   6514    5216    /   48788   55690   /   0.0423  0.0422  0.041  0.0455  1785198.552
375 4579    7299    /   8791    11299   /   6514    7346    /   48788   60937   /   0.0583  0.0579  0.0568 0.0628  1889592.17
376 4579    7447    /   8791    5999    /   6514    3135    /   48788   43147   /   0.0754  0.0745  0.0729 0.0799  4013930.087
377 4579    11443   /   8791    6006    /   6514    3725    /   48788   52042   /   0.0935  0.0926  0.0914 0.0979  3599461.107
378 4579    11930   /   8791    10135   /   6514    4743    /   48788   52665   /   0.0646  0.0636  0.0624 0.0696  2784313.89
379 4579    5696    /   8791    8312    /   6514    4318    /   48788   41493   /   0.0564  0.0562  0.0544 0.062   2251047.176
380 4579    12861   /   8791    10695   /   6514    6959    /   48788   68783   /   0.0503  0.0499  0.0489 0.0536  1962011.368
381 4579    5053    /   8791    6178    /   6514    3600    /   48788   33585   /   0.0925  0.0914  0.0902 0.0979  3932846.704
382 4579    4863    /   8791    8767    /   6514    3959    /   48788   29658   /   0.086   0.0846  0.0835 0.0912  3619124.671
383 4579    11900   /   8791    8811    /   6514    3799    /   48788   52239   /   0.0585  0.0574  0.0554 0.063   2632894.811
384 4579    5803    /   8791    8484    /   6514    4444    /   48788   41693   /   0.0572  0.057   0.0526 0.0628  2075668.729
385 4579    7207    /   8791    10113   /   6514    6844    /   48788   60890   /   0.0543  0.054   0.0526 0.0593  1974106.443
386 4579    4767    /   8791    8646    /   6514    3978    /   48788   29741   /   0.0965  0.0953  0.0939 0.102   4109061.972
387 4579    7107    /   8791    11069   /   6514    8716    /   48788   60590   /   0.096   0.0949  0.0936 0.0988  3989734.143
388 4579    11930   /   8791    10135   /   6514    4743    /   48788   52665   /   0.055   0.0538  0.0528 0.0595  2430908.274
389 4579    6249    /   8791    10241   /   6514    8095    /   48788   57328   /   0.0539  0.0537  0.0525 0.0585  1946811.995
390 4579    9772    /   8791    10368   /   6514    6845    /   48788   64063   /   0.0523  0.0524  0.0513 0.055   1897523.038
391 4579    4828    /   8791    5764    /   6514    2701    /   48788   29414   /   0.102   0.101   0.0993 0.108   4628668.571
392 4579    7592    /   8791    5767    /   6514    3251    /   48788   43096   /   0.0854  0.0851  0.0831 0.0892  4153307.891
393 4579    5131    /   8791    8254    /   6514    4013    /   48788   31177   /   0.0901  0.0893  0.0874 0.0946  3178300.17
394 4579    12194   /   8791    9211    /   6514    5453    /   48788   65830   /   0.0526  0.0525  0.0514 0.0559  2036563.04
395 4579    13091   /   8791    11617   /   6514    7331    /   48788   67959   /   0.0418  0.0413  0.0405 00.0447 1686538.247
396 4579    0   /   8791    0   /   6514    0   /   48788   0   /   0   0   0  0   3366442.295
397 4579    7592    /   8791    6634    /   6514    4428    /   48788   43180   /   0.062   0.0612  0.06   0.0662  3037881.124
398 4579    7807    /   8791    8291    /   6514    4046    /   48788   43267   /   0.0586  0.058   0.0561 0.0623  2626387.989
399 4579    12194   /   8791    9318    /   6514    5665    /   48788   65835   /   0.0422  0.0418  0.041  0.0449  1741185.537
400 4579    13091   /   8791    10408   /   6514    6933    /   48788   67908   /   0.053   0.0528  0.0519 0.056   1960763.536
401 4579    4914    /   8791    5907    /   6514    2950    /   48788   29697   /   0.102   0.101   0.099  0.107   4259985.913
402 4579    4982    /   8791    6348    /   6514    4329    /   48788   32853   /   0.089   0.0878  0.0864 0.094   3655658.402
403 4579    11982   /   8791    8410    /   6514    3881    /   48788   52608   /   0.0636  0.0631  0.0615 0.0686  2769825.828
404 4579    5758    /   8791    8462    /   6514    4204    /   48788   41442   /   0.0638  0.0637  0.0622 0.0682  2242538.523
405 4579    7152    /   8791    10029   /   6514    6840    /   48788   60870   /   0.0564  0.0562  0.0547 0.0608  2095005.524
406 4579    7447    /   8791    6071    /   6514    3339    /   48788   43164   /   0.0765  0.0755  0.0739 0.0804  3724322.855
407 4579    4770    /   8791    5917    /   6514    2861    /   48788   29624   /   0.0997  0.0987  0.0967 0.105   4425358.866
408 4579    12121   /   8791    10866   /   6514    8467    /   48788   60911   /   0.0579  0.0569  0.0557 0.061   2572121.092
409 4579    12186   /   8791    10693   /   6514    5744    /   48788   65867   /   0.0438  0.0432  0.0423 0.0471  1832696.007
410 4579    9772    /   8791    10424   /   6514    6860    /   48788   64086   /   0.0534  0.0533  0.0522 0.0565  2025891.458
411 4579    11638   /   8791    6816    /   6514    4655    /   48788   52390   /   0.0632  0.0621  0.0607 0.0679  3180588.996
412 4579    11407   /   8791    5738    /   6514    3676    /   48788   52019   /   0.117   0.117   0.115  0.122   4410942.011
413 4579    11913   /   8791    8789    /   6514    4030    /   48788   52296   /   0.0593  0.0584  0.0573 0.0635  2520586.41
414 4579    12186   /   8791    8944    /   6514    5344    /   48788   65833   /   0.0519  0.0517  0.0506 0.0549  2080544.741
415 4579    13160   /   8791    11634   /   6514    7331    /   48788   68679   /   0.039   0.0384  0.0377 0.0423  1567469.416
416 4579    0   /   8791    0   /   6514    0   /   48788   0   /   0   0   0  0   3598092.241
417 4579    11951   /   8791    12472   /   6514    8807    /   48788   64482   /   0.0603  0.0589  0.0582 0.0633  3014519.718
418 4579    5227    /   8791    8513    /   6514    3879    /   48788   31125   /   0.0959  0.0946  0.0932 0.1 3387609.54
419 4579    8734    /   8791    11625   /   6514    8059    /   48788   61045   /   0.0353  0.0348  0.034  0.0386  1536599.558
420 4579    13160   /   8791    10535   /   6514    6918    /   48788   67905   /   0.0432  0.0427  0.0417 0.0464  1674228.622
421 4579    7447    /   8791    6136    /   6514    3310    /   48788   43155   /   0.0668  0.0659  0.0644 0.071   3549021.47
422 4579    11999   /   8791    11454   /   6514    8935    /   48788   64473   /   0.064   0.0629  0.0619 0.0669  3268626.954
423 4579    5010    /   8791    9625    /   6514    4485    /   48788   31139   /   0.0943  0.0928  0.0916 0.0993  3567301.591
424 4579    5790    /   8791    8895    /   6514    4399    /   48788   41424   /   0.0558  0.0556  0.0541 0.0613  1988956.319
425 4579    12717   /   8791    10559   /   6514    6929    /   48788   67883   /   0.051   0.0507  0.0499 0.0537  1925499.176
426 4579    11332   /   8791    6162    /   6514    3738    /   48788   52141   /   0.103   0.102   0.1    0.107   4101216.623
427 4579    11443   /   8791    6418    /   6514    4517    /   48788   52458   /   0.0672  0.0663  0.0649 0.0716  3280809.953
428 4579    11913   /   8791    8601    /   6514    3799    /   48788   52272   /   0.0696  0.069   0.0675 0.0741  2990493.173
429 4579    5671    /   8791    10365   /   6514    5111    /   48788   41950   /   0.0514  0.0509  0.0496 0.0569  2014383.331
430 4579    7113    /   8791    10189   /   6514    6858    /   48788   60867   /   0.0669  0.0668  0.0655 0.0706  2220399.828
431 4579    7627    /   8791    6535    /   6514    3667    /   48788   43238   /   0.0775  0.0767  0.0752 0.0818  3934328.473
432 4579    11495   /   8791    6712    /   6514    3658    /   48788   52034   /   0.0697  0.0688  0.0676 0.0744  308878.162
433 4579    5492    /   8791    8429    /   6514    3858    /   48788   31395   /   0.0845  0.0833  0.082  0.0886  3096773.739
434 4579    12015   /   8791    11641   /   6514    8181    /   48788   67133   /   0.0446  0.0439  0.0431 0.0485  1801578.442
435 4579    7124    /   8791    10230   /   6514    6897    /   48788   60957   /   0.051   0.0508  0.0496 0.0556  1804780.226
436 4579    7447    /   8791    8995    /   6514    3979    /   48788   43275   /   0.0738  0.0725  0.0714 0.0785  3788351.069
437 4579    7592    /   8791    6491    /   6514    3350    /   48788   43104   /   0.0716  0.0707  0.0695 0.0753  3442889.024
438 4579    7807    /   8791    8446    /   6514    4521    /   48788   43330   /   0.0627  0.062   0.0604 0.0664  2637692.622
439 4579    8517    /   8791    10689   /   6514    5495    /   48788   55739   /   0.0449  0.0444  0.0435 0.0489  1963677.493
440 4579    13151   /   8791    11047   /   6514    8313    /   48788   68449   /   0.0387  0.0381  0.037  0.0425  1641392.316
441 4579    0   /   8791    0   /   6514    0   /   48788   0   /   0   0   0  0   4098779.577
442 4579    7012    /   8791    11443   /   6514    8750    /   48788   60692   /   0.0884  0.087   0.0861 0.0918  3660228.515
443 4579    4989    /   8791    8274    /   6514    3748    /   48788   31049   /   0.0912  0.09    0.0885 0.0957  3390232.825
444 4579    12186   /   8791    8746    /   6514    5483    /   48788   65806   /   0.0438  0.0436  0.0424 0.0474  1877559.265
445 4579    7299    /   8791    11299   /   6514    7346    /   48788   60937   /   0.0574  0.0571  0.0562 0.0612  1840161.239
446 4579    0   /   8791    0   /   6514    0   /   48788   0   /   0   0   0  0   2874156.607
447 4579    7592    /   8791    6535    /   6514    3246    /   48788   43102   /   0.0811  0.0801  0.0789 0.0851  3998033.026
448 4579    7978    /   8791    8842    /   6514    3906    /   48788   43327   /   0.0485  0.0477  0.0465 0.0519  2280976.598
449 4579    12535   /   8791    8695    /   6514    5581    /   48788   65855   /   0.0548  0.0548  0.0535 0.0577  2149628.722
450 4579    9712    /   8791    10499   /   6514    6832    /   48788   64063   /   0.0427  0.0425  0.0415 0.0457  1699244.009
451 4579    0   /   8791    0   /   6514    0   /   48788   0   /   0   0   0  0   3657787.224
452 4579    4882    /   8791    6160    /   6514    3048    /   48788   29716   /   0.0987  0.0974  0.0961 0.104   4147563.188
453 4579    12121   /   8791    10844   /   6514    8468    /   48788   60911   /   0.0569  0.0558  0.0547 0.0604  2434537.196
454 4579    8518    /   8791    10748   /   6514    5540    /   48788   55781   /   0.0498  0.0493  0.0484 0.0533  1985354.386
455 4579    9789    /   8791    10404   /   6514    6845    /   48788   64102   /   0.0539  0.0539  0.0529 0.0567  2006819.191
456 4579    11638   /   8791    6028    /   6514    3682    /   48788   52506   /   0.0943  0.0932  0.092  0.099   3762138.117
457 4579    7592    /   8791    6123    /   6514    4332    /   48788   43154   /   0.0688  0.0682  0.0667 0.0728  3391300.748
458 4579    7807    /   8791    8302    /   6514    4010    /   48788   43264   /   0.0613  0.0608  0.059  0.0651  2707891.153
459 4579    8756    /   8791    11650   /   6514    8063    /   48788   61079   /   0.0359  0.0355  0.0347 0.0391  1540913.036
460 4579    9720    /   8791    10619   /   6514    6833    /   48788   64070   /   0.0374  0.0372  0.0363 0.0404  1551222.24
461 4579    7447    /   8791    6444    /   6514    3271    /   48788   43166   /   0.0719  0.0708  0.0695 0.0763  3591094.261
462 4579    7592    /   8791    5919    /   6514    3311    /   48788   43116   /   0.064   0.0633  0.0618 0.0679  3420741.802
463 4579    5041    /   8791    8442    /   6514    3715    /   48788   31158   /   0.0871  0.0859  0.0847 0.0915  3200290.439
464 4579    12186   /   8791    8827    /   6514    5403    /   48788   65833   /   0.0503  0.0501  0.0489 0.0538  2042913.676
465 4579    13041   /   8791    10634   /   6514    6929    /   48788   67884   /   0.0484  0.0479  0.0467 0.052   1885501.444
466 4579    7672    /   8791    6781    /   6514    3607    /   48788   43236   /   0.0609  0.0599  0.0588 0.0653  3286237.961
467 4579    4907    /   8791    8893    /   6514    3917    /   48788   29884   /   0.0824  0.0809  0.0798 0.0869  3389322/312
468 4579    5086    /   8791    8279    /   6514    3649    /   48788   31352   /   0.0925  0.0914  0.0897 0.0971  3481661.731
469 4579    8517    /   8791    8829    /   6514    4650    /   48788   55603   /   0.0504  0.0503  0.0492 0.0536  2016753.292
470 4579    7033    /   8791    10153   /   6514    6839    /   48788   60855   /   0.0552  0.0551  0.0538 0.059   1845400.397
471 4579    7447    /   8791    5980    /   6514    3345    /   48788   43171   /   0.0944  0.0934  0.0922 0.0983  3579633.956
472 4579    11768   /   8791    11591   /   6514    8852    /   48788   64296   /   0.0857  0.0845  0.0835 0.0886  3214335.379
473 4579    5297    /   8791    9625    /   6514    4485    /   48788   31138   /   0.0847  0.0833  0.0822 0.0892  3106828.135
474 4579    12194   /   8791    8697    /   6514    5346    /   48788   65824   /   0.058   0.0579  0.0567 0.0615  2270444.224
475 4579    7220    /   8791    10075   /   6514    6844    /   48788   60872   /   0.0589  0.0588  0.0574 0.0632  2085504.636
476 4579    7447    /   8791    8966    /   6514    3929    /   48788   43252   /   0.0771  0.0761  0.0748 0.0818  3774790.003
477 4579    11289   /   8791    6261    /   6514    4044    /   48788   52469   /   0.0695  0.0689  0.0675 0.074   3402682.369
478 4579    5348    /   8791    8472    /   6514    3911    /   48788   30975   /   0.0749  0.0737  0.0724 0.0792  2808171.573
479 4579    5869    /   8791    8392    /   6514    4963    /   48788   41800   /   0.0553  0.0549  0.0532 0.0605  2081608.271
480 4579    7188    /   8791    11305   /   6514    8222    /   48788   61310   /   0.0477  0.0474  0.0462 0.0523  1674693.778
481 4579    11332   /   8791    6175    /   6514    3869    /   48788   52145   /   0.0794  0.0786  0.077  0.0839  3884431.104
482 4579    4776    /   8791    8748    /   6514    4000    /   48788   29784   /   0.0936  0.0922  0.0911 0.0984  3927914.336
483 4579    5089    /   8791    8371    /   6514    3805    /   48788   31101   /   0.0836  0.0828  0.081  0.0884  3183561.658
484 4579    8517    /   8791    9129    /   6514    4731    /   48788   55603   /   0.0426  0.0425  0.0412 0.0468  1872232.093
485 4579    13387   /   8791    10716   /   6514    7018    /   48788   68781   /   0.0368  0.0364  0.0355 0.0397  1548622.884
486 4579    11332   /   8791    6381    /   6514    3686    /   48788   52139   /   0.0815  0.0806  0.0792 0.0865  4130646.953
487 4579    7592    /   8791    5679    /   6514    3269    /   48788   43118   /   0.0951  0.0944  0.0928 0.099   3887374.055
488 4579    12234   /   8791    10827   /   6514    8504    /   48788   61242   /   0.0549  0.0539  0.0528 0.0583  2460692.008
489 4579    12194   /   8791    9110    /   6514    5362    /   48788   65828   /   0.0408  0.0403  0.0392 0.0445  1830519.155
490 4579    13152   /   8791    10531   /   6514    6941    /   48788   67919   /   0.0398  0.0395  0.0388 0.0423  1614690.167
491 4579    7447    /   8791    6461    /   6514    3244    /   48788   43154   /   0.0775  0.0765  0.0753 0.0818  3866539.709
492 4579    7592    /   8791    5847    /   6514    3162    /   48788   43094   /   0.106   0.106   0.104  0.11    4155733.218
493 4579    5302    /   8791    8446    /   6514    4080    /   48788   31486   /   0.0784  0.0773  0.0759 0.0827  2888181.191
494 4579    8493    /   8791    9118    /   6514    4997    /   48788   55667   /   0.0401  0.0401  0.039  0.0434  1795638.906
495 4579    9772    /   8791    10493   /   6514    6867    /   48788   64086   /   0.0454  0.0454  0.0445 0.048   1745546.763
496 4579    11332   /   8791    9048    /   6514    4739    /   48788   52432   /   0.068   0.067   0.0657 0.0729  3339827.778
497 4579    11407   /   8791    9277    /   6514    4267    /   48788   52082   /   0.0746  0.0735  0.0724 0.0796  3637556.05
498 4579    11913   /   8791    8632    /   6514    4038    /   48788   52296   /   0.0664  0.0658  0.0644 0.0707  2741210.756
499 4579    5571    /   8791    10209   /   6514    5083    /   48788   41953   /   0.0506  0.0501  0.0487 0.0567  2141696.792
500 4579    13564   /   8791    11073   /   6514    8388    /   48788   68526   /   0.0426  0.0424  0.0415 0.0455  1670656.782