1.000000 8.000000 4.000000 12.000000 5.000000 105.000000 1.000000 0.000000 3.000000 2.000000 1.290120 0.069725 3519210.000000
1.000000 8.000000 4.000000 8.000000 4.000000 64.000000 6.000000 0.000000 0.000000 3.000000 1.186428 0.064125 3024789.000000
0.000000 8.000000 5.000000 8.000000 3.000000 96.000000 1.000000 3.000000 0.000000 2.000000 1.249056 0.085475 3000502.000000
1.000000 4.000000 2.000000 12.000000 2.000000 96.000000 5.000000 6.000000 3.000000 0.000000 0.745642 0.043175 1773124.000000
1.000000 4.000000 3.000000 16.000000 1.000000 64.000000 4.000000 4.000000 1.000000 4.000000 0.768231 0.043600 1590355.000000
0.000000 8.000000 6.000000 12.000000 5.000000 105.000000 3.000000 6.000000 3.000000 0.000000 1.691301 0.105000 4612423.000000
2.000000 8.000000 1.000000 20.000000 4.000000 84.000000 5.000000 0.000000 0.000000 4.000000 0.677016 0.061625 2946612.000000
2.000000 8.000000 6.000000 20.000000 3.000000 84.000000 3.000000 1.000000 5.000000 0.000000 1.123870 0.069300 2921911.000000
1.000000 4.000000 5.000000 12.000000 2.000000 64.000000 5.000000 0.000000 0.000000 2.000000 0.744168 0.038850 1531933.000000
0.000000 4.000000 2.000000 8.000000 1.000000 128.000000 4.000000 2.000000 3.000000 2.000000 0.813053 0.059625 2032782.000000
1.000000 8.000000 4.000000 8.000000 5.000000 120.000000 5.000000 1.000000 1.000000 2.000000 0.000000 0.000000 3067341.000000
0.000000 8.000000 4.000000 8.000000 4.000000 120.000000 5.000000 6.000000 3.000000 2.000000 0.755014 0.092800 3802836.000000
1.000000 8.000000 5.000000 12.000000 3.000000 96.000000 6.000000 6.000000 5.000000 0.000000 1.194567 0.057650 2410053.000000
1.000000 4.000000 0.000000 16.000000 2.000000 64.000000 0.000000 0.000000 1.000000 3.000000 0.985659 0.047250 1753293.000000
2.000000 4.000000 2.000000 16.000000 1.000000 84.000000 2.000000 3.000000 5.000000 1.000000 0.735707 0.052675 1831614.000000
2.000000 8.000000 4.000000 16.000000 5.000000 120.000000 3.000000 2.000000 1.000000 4.000000 1.267620 0.081350 4087010.000000
1.000000 8.000000 3.000000 16.000000 4.000000 120.000000 6.000000 1.000000 2.000000 0.000000 1.388141 0.067650 3272367.000000
1.000000 8.000000 6.000000 8.000000 3.000000 105.000000 6.000000 2.000000 4.000000 0.000000 1.204835 0.057550 2554890.000000
0.000000 4.000000 5.000000 16.000000 2.000000 32.000000 3.000000 2.000000 2.000000 1.000000 1.162858 0.068400 2336944.000000
1.000000 4.000000 3.000000 12.000000 1.000000 128.000000 0.000000 4.000000 0.000000 4.000000 0.756851 0.037800 1473635.000000
0.000000 8.000000 4.000000 8.000000 5.000000 120.000000 6.000000 2.000000 2.000000 0.000000 1.604264 0.093500 3838504.000000
1.000000 8.000000 2.000000 16.000000 4.000000 84.000000 5.000000 0.000000 3.000000 1.000000 0.702348 0.061350 3060482.000000
0.000000 8.000000 5.000000 20.000000 3.000000 96.000000 2.000000 5.000000 1.000000 3.000000 1.386896 0.102450 3423378.000000
0.000000 4.000000 4.000000 12.000000 2.000000 84.000000 3.000000 3.000000 3.000000 4.000000 1.223509 0.069325 2463698.000000
2.000000 4.000000 5.000000 20.000000 1.000000 128.000000 1.000000 1.000000 3.000000 4.000000 0.734639 0.049450 1822060.000000
1.000000 8.000000 6.000000 8.000000 5.000000 105.000000 3.000000 0.000000 3.000000 1.000000 1.291342 0.068850 3754690.000000
1.000000 8.000000 2.000000 8.000000 4.000000 96.000000 1.000000 1.000000 4.000000 2.000000 1.428697 0.095000 3452418.000000
1.000000 8.000000 5.000000 16.000000 3.000000 84.000000 0.000000 1.000000 4.000000 4.000000 1.110604 0.059475 2481155.000000
1.000000 4.000000 0.000000 8.000000 2.000000 96.000000 5.000000 5.000000 0.000000 2.000000 0.741649 0.038625 1564296.000000
1.000000 4.000000 1.000000 8.000000 1.000000 130.000000 4.000000 2.000000 4.000000 3.000000 0.766827 0.054200 1962689.000000
1.000000 8.000000 5.000000 12.000000 5.000000 130.000000 1.000000 3.000000 5.000000 2.000000 1.423916 0.076725 3705190.000000
1.000000 8.000000 2.000000 12.000000 4.000000 128.000000 3.000000 3.000000 4.000000 4.000000 1.479757 0.107250 4060019.000000
2.000000 8.000000 2.000000 8.000000 3.000000 84.000000 0.000000 2.000000 2.000000 3.000000 1.040928 0.065050 2617561.000000
2.000000 4.000000 2.000000 12.000000 2.000000 96.000000 5.000000 3.000000 3.000000 1.000000 0.702345 0.046975 1894088.000000
1.000000 4.000000 2.000000 16.000000 1.000000 64.000000 4.000000 6.000000 0.000000 4.000000 0.757222 0.046000 1602981.000000
2.000000 8.000000 6.000000 16.000000 5.000000 120.000000 1.000000 0.000000 0.000000 2.000000 1.093684 0.071075 3491658.000000
1.000000 8.000000 4.000000 8.000000 4.000000 64.000000 2.000000 1.000000 2.000000 0.000000 1.399288 0.063050 3304094.000000
1.000000 8.000000 2.000000 16.000000 3.000000 84.000000 6.000000 0.000000 2.000000 0.000000 1.178022 0.053975 2277345.000000
2.000000 4.000000 1.000000 8.000000 2.000000 64.000000 5.000000 3.000000 4.000000 1.000000 0.702148 0.044125 1855024.000000
2.000000 4.000000 4.000000 8.000000 1.000000 128.000000 4.000000 4.000000 3.000000 2.000000 0.735829 0.046225 1770744.000000
2.000000 8.000000 4.000000 8.000000 5.000000 105.000000 1.000000 4.000000 1.000000 1.000000 1.253336 0.065925 3309580.000000
1.000000 8.000000 1.000000 16.000000 4.000000 84.000000 1.000000 3.000000 2.000000 1.000000 1.428059 0.074325 3525713.000000
1.000000 8.000000 2.000000 16.000000 3.000000 120.000000 6.000000 1.000000 4.000000 2.000000 1.188833 0.063475 2645641.000000
1.000000 4.000000 5.000000 16.000000 2.000000 64.000000 3.000000 3.000000 4.000000 4.000000 1.090667 0.058450 2278692.000000
1.000000 4.000000 6.000000 8.000000 1.000000 120.000000 2.000000 2.000000 4.000000 0.000000 0.768285 0.047050 1809933.000000
1.000000 8.000000 5.000000 20.000000 5.000000 130.000000 2.000000 2.000000 5.000000 4.000000 1.442238 0.081600 3887017.000000
2.000000 8.000000 2.000000 12.000000 4.000000 32.000000 4.000000 6.000000 0.000000 2.000000 1.089636 0.070000 3414405.000000
1.000000 8.000000 6.000000 12.000000 3.000000 105.000000 6.000000 3.000000 1.000000 2.000000 1.200628 0.062325 2620157.000000
2.000000 4.000000 3.000000 20.000000 2.000000 130.000000 0.000000 0.000000 5.000000 3.000000 0.912981 0.054275 2062995.000000
0.000000 4.000000 5.000000 8.000000 1.000000 105.000000 2.000000 1.000000 0.000000 0.000000 0.803599 0.054700 1784311.000000
2.000000 8.000000 5.000000 8.000000 5.000000 105.000000 6.000000 5.000000 4.000000 1.000000 1.257902 0.096425 3572312.000000
1.000000 8.000000 4.000000 12.000000 4.000000 64.000000 2.000000 5.000000 3.000000 1.000000 1.429975 0.070775 3564204.000000
2.000000 8.000000 5.000000 16.000000 3.000000 96.000000 1.000000 6.000000 4.000000 0.000000 1.126256 0.066300 2799598.000000
1.000000 4.000000 1.000000 12.000000 2.000000 64.000000 2.000000 6.000000 1.000000 2.000000 1.078131 0.048975 1950943.000000
0.000000 4.000000 3.000000 12.000000 1.000000 96.000000 1.000000 4.000000 2.000000 4.000000 0.815733 0.054825 1915667.000000
1.000000 8.000000 4.000000 16.000000 5.000000 105.000000 1.000000 6.000000 2.000000 4.000000 1.423689 0.076225 3676783.000000
2.000000 8.000000 1.000000 16.000000 4.000000 32.000000 4.000000 1.000000 0.000000 2.000000 1.080229 0.068750 3316354.000000
1.000000 8.000000 5.000000 12.000000 3.000000 105.000000 6.000000 5.000000 5.000000 2.000000 1.189913 0.058975 2472407.000000
1.000000 4.000000 1.000000 12.000000 2.000000 120.000000 4.000000 4.000000 0.000000 4.000000 0.958004 0.040800 1678502.000000
1.000000 4.000000 5.000000 20.000000 1.000000 32.000000 6.000000 0.000000 5.000000 4.000000 0.767104 0.038050 1521027.000000
0.000000 8.000000 5.000000 12.000000 5.000000 105.000000 1.000000 2.000000 3.000000 3.000000 1.717571 0.108250 4387261.000000
2.000000 8.000000 2.000000 20.000000 4.000000 96.000000 1.000000 5.000000 4.000000 2.000000 1.296461 0.107750 3865428.000000
2.000000 8.000000 6.000000 16.000000 3.000000 84.000000 0.000000 3.000000 3.000000 4.000000 1.042782 0.065025 2748959.000000
1.000000 4.000000 5.000000 20.000000 2.000000 64.000000 2.000000 5.000000 4.000000 3.000000 1.086915 0.064825 2339971.000000
0.000000 4.000000 3.000000 8.000000 1.000000 120.000000 3.000000 5.000000 4.000000 1.000000 0.815574 0.061075 2222342.000000
0.000000 8.000000 4.000000 20.000000 5.000000 130.000000 2.000000 3.000000 4.000000 1.000000 1.743626 0.146000 4896650.000000
0.000000 8.000000 3.000000 16.000000 4.000000 128.000000 6.000000 6.000000 2.000000 2.000000 1.646545 0.102725 4056960.000000
1.000000 8.000000 2.000000 20.000000 3.000000 84.000000 5.000000 4.000000 1.000000 3.000000 0.739359 0.063125 2490568.000000
0.000000 4.000000 4.000000 12.000000 2.000000 64.000000 0.000000 1.000000 5.000000 1.000000 1.153648 0.057175 1925504.000000
2.000000 4.000000 1.000000 8.000000 1.000000 105.000000 0.000000 0.000000 0.000000 1.000000 0.721865 0.035100 1410844.000000
1.000000 8.000000 4.000000 16.000000 5.000000 105.000000 3.000000 1.000000 5.000000 0.000000 1.427622 0.076850 3840045.000000
2.000000 8.000000 1.000000 16.000000 4.000000 120.000000 2.000000 1.000000 0.000000 2.000000 1.081790 0.073950 3532725.000000
2.000000 8.000000 5.000000 8.000000 3.000000 105.000000 0.000000 0.000000 2.000000 2.000000 1.043926 0.055700 2367750.000000
0.000000 4.000000 3.000000 12.000000 2.000000 32.000000 1.000000 1.000000 3.000000 2.000000 1.165075 0.058700 2188109.000000
0.000000 4.000000 0.000000 8.000000 1.000000 84.000000 3.000000 1.000000 5.000000 0.000000 0.810103 0.053425 1890735.000000
0.000000 8.000000 6.000000 8.000000 5.000000 120.000000 0.000000 0.000000 5.000000 4.000000 1.317072 0.089425 3575801.000000
1.000000 8.000000 4.000000 16.000000 4.000000 96.000000 0.000000 1.000000 2.000000 2.000000 1.212941 0.069200 3256434.000000
2.000000 8.000000 6.000000 12.000000 3.000000 84.000000 1.000000 5.000000 0.000000 2.000000 0.999955 0.060175 2597639.000000
0.000000 4.000000 2.000000 8.000000 2.000000 84.000000 2.000000 0.000000 5.000000 2.000000 1.193759 0.054800 2052599.000000
1.000000 4.000000 6.000000 8.000000 1.000000 64.000000 0.000000 5.000000 2.000000 3.000000 0.764350 0.049625 1743384.000000
0.000000 8.000000 6.000000 8.000000 5.000000 120.000000 3.000000 4.000000 2.000000 4.000000 1.684074 0.097075 4275179.000000
1.000000 8.000000 4.000000 20.000000 4.000000 32.000000 6.000000 3.000000 4.000000 3.000000 1.338004 0.113250 3986335.000000
1.000000 8.000000 5.000000 20.000000 3.000000 105.000000 3.000000 5.000000 5.000000 0.000000 1.215860 0.069300 2821290.000000
2.000000 4.000000 0.000000 8.000000 2.000000 128.000000 5.000000 2.000000 3.000000 0.000000 0.705718 0.041275 1700223.000000
2.000000 4.000000 6.000000 16.000000 1.000000 64.000000 0.000000 4.000000 0.000000 1.000000 0.721319 0.041775 1536101.000000
1.000000 8.000000 5.000000 12.000000 5.000000 130.000000 6.000000 1.000000 2.000000 4.000000 1.389939 0.069000 3318233.000000
1.000000 8.000000 1.000000 8.000000 4.000000 96.000000 1.000000 2.000000 1.000000 1.000000 1.396030 0.064050 3183834.000000
0.000000 8.000000 5.000000 16.000000 3.000000 96.000000 4.000000 3.000000 1.000000 2.000000 1.388044 0.094600 3234537.000000
0.000000 4.000000 4.000000 20.000000 2.000000 130.000000 0.000000 1.000000 2.000000 1.000000 1.153648 0.064400 2130608.000000
1.000000 4.000000 5.000000 16.000000 1.000000 84.000000 0.000000 0.000000 2.000000 4.000000 0.760557 0.041025 1523534.000000
1.000000 8.000000 6.000000 20.000000 5.000000 130.000000 3.000000 3.000000 5.000000 1.000000 1.443304 0.088575 4327416.000000
0.000000 8.000000 2.000000 8.000000 4.000000 96.000000 3.000000 6.000000 1.000000 4.000000 1.652692 0.096600 4121835.000000
1.000000 8.000000 5.000000 20.000000 3.000000 96.000000 0.000000 3.000000 0.000000 3.000000 1.073296 0.071025 2706198.000000
2.000000 4.000000 0.000000 12.000000 2.000000 130.000000 5.000000 2.000000 0.000000 0.000000 0.705588 0.040725 1624857.000000
1.000000 4.000000 2.000000 20.000000 1.000000 96.000000 6.000000 2.000000 2.000000 0.000000 0.768144 0.043850 1664677.000000
0.000000 8.000000 5.000000 20.000000 5.000000 105.000000 2.000000 1.000000 2.000000 4.000000 1.732963 0.106250 4332077.000000
1.000000 8.000000 2.000000 12.000000 4.000000 120.000000 1.000000 6.000000 5.000000 0.000000 1.402748 0.069250 3385280.000000
1.000000 8.000000 5.000000 8.000000 3.000000 96.000000 1.000000 4.000000 5.000000 1.000000 1.213896 0.052875 2292791.000000
0.000000 4.000000 1.000000 16.000000 2.000000 32.000000 0.000000 1.000000 1.000000 0.000000 1.152725 0.052575 1837614.000000
0.000000 4.000000 1.000000 12.000000 1.000000 105.000000 1.000000 5.000000 5.000000 2.000000 0.813664 0.058675 1943071.000000
2.000000 8.000000 6.000000 12.000000 5.000000 130.000000 3.000000 5.000000 1.000000 4.000000 1.268728 0.076625 3998517.000000
2.000000 8.000000 2.000000 12.000000 4.000000 84.000000 0.000000 3.000000 5.000000 1.000000 1.140715 0.069775 3339234.000000
1.000000 8.000000 2.000000 16.000000 3.000000 96.000000 3.000000 4.000000 0.000000 2.000000 1.082672 0.063100 2643070.000000
1.000000 4.000000 1.000000 8.000000 2.000000 120.000000 3.000000 1.000000 2.000000 0.000000 1.049184 0.043250 1889764.000000
0.000000 4.000000 5.000000 20.000000 1.000000 130.000000 6.000000 1.000000 1.000000 4.000000 0.814674 0.059650 1912273.000000
2.000000 8.000000 4.000000 16.000000 5.000000 130.000000 4.000000 4.000000 2.000000 0.000000 1.283306 0.072700 3601984.000000
2.000000 8.000000 2.000000 20.000000 4.000000 120.000000 3.000000 6.000000 5.000000 1.000000 1.288687 0.084900 4039899.000000
0.000000 8.000000 2.000000 16.000000 3.000000 96.000000 6.000000 1.000000 4.000000 2.000000 1.351096 0.091175 3140916.000000
1.000000 4.000000 5.000000 8.000000 2.000000 96.000000 2.000000 0.000000 2.000000 1.000000 1.044608 0.042450 1760911.000000
0.000000 4.000000 0.000000 20.000000 1.000000 64.000000 1.000000 1.000000 3.000000 4.000000 0.809068 0.057450 1924192.000000
0.000000 8.000000 5.000000 20.000000 5.000000 105.000000 6.000000 3.000000 1.000000 4.000000 1.585158 0.106000 4138384.000000
1.000000 8.000000 3.000000 8.000000 4.000000 84.000000 3.000000 1.000000 0.000000 3.000000 1.187028 0.072000 3631015.000000
2.000000 8.000000 2.000000 16.000000 3.000000 84.000000 1.000000 3.000000 5.000000 0.000000 1.126426 0.063900 2666715.000000
0.000000 4.000000 4.000000 8.000000 2.000000 84.000000 0.000000 5.000000 1.000000 1.000000 1.136896 0.056200 1904714.000000
2.000000 4.000000 5.000000 8.000000 1.000000 32.000000 1.000000 1.000000 2.000000 1.000000 0.734137 0.040875 1565454.000000
1.000000 8.000000 5.000000 16.000000 5.000000 105.000000 6.000000 6.000000 3.000000 4.000000 1.390052 0.075650 3635189.000000
0.000000 8.000000 2.000000 16.000000 4.000000 32.000000 5.000000 0.000000 0.000000 3.000000 0.755773 0.092750 3510863.000000
1.000000 8.000000 6.000000 8.000000 3.000000 96.000000 0.000000 2.000000 0.000000 4.000000 1.073620 0.052550 2282384.000000
0.000000 4.000000 2.000000 8.000000 2.000000 64.000000 3.000000 1.000000 1.000000 4.000000 1.192480 0.055150 2109213.000000
2.000000 4.000000 5.000000 20.000000 1.000000 130.000000 4.000000 6.000000 1.000000 4.000000 0.735078 0.052575 1827671.000000
0.000000 8.000000 4.000000 16.000000 5.000000 105.000000 6.000000 6.000000 1.000000 0.000000 1.573988 0.100300 3988750.000000
2.000000 8.000000 3.000000 8.000000 4.000000 96.000000 2.000000 6.000000 3.000000 3.000000 1.310875 0.078275 3959609.000000
1.000000 8.000000 5.000000 20.000000 3.000000 96.000000 1.000000 0.000000 4.000000 3.000000 1.183957 0.070300 2848920.000000
1.000000 4.000000 1.000000 20.000000 2.000000 96.000000 0.000000 0.000000 4.000000 4.000000 1.007199 0.044825 1839219.000000
2.000000 4.000000 5.000000 20.000000 1.000000 32.000000 4.000000 4.000000 2.000000 2.000000 0.734088 0.047375 1767021.000000
0.000000 8.000000 5.000000 12.000000 5.000000 105.000000 1.000000 3.000000 0.000000 4.000000 1.393870 0.098925 4006438.000000
1.000000 8.000000 1.000000 8.000000 4.000000 96.000000 3.000000 5.000000 0.000000 3.000000 1.191795 0.072925 3629352.000000
0.000000 8.000000 6.000000 12.000000 3.000000 120.000000 0.000000 5.000000 2.000000 4.000000 1.271430 0.085625 2986675.000000
1.000000 4.000000 5.000000 16.000000 2.000000 128.000000 0.000000 2.000000 5.000000 1.000000 1.000468 0.048900 1797429.000000
0.000000 4.000000 4.000000 20.000000 1.000000 120.000000 2.000000 5.000000 4.000000 4.000000 0.815700 0.073025 2207846.000000
0.000000 8.000000 5.000000 20.000000 5.000000 130.000000 4.000000 2.000000 4.000000 1.000000 1.750529 0.139750 4600042.000000
2.000000 8.000000 4.000000 8.000000 4.000000 64.000000 6.000000 3.000000 4.000000 2.000000 1.273174 0.096125 3645891.000000
2.000000 8.000000 5.000000 20.000000 3.000000 120.000000 6.000000 6.000000 5.000000 1.000000 1.106848 0.067850 2711840.000000
0.000000 4.000000 5.000000 20.000000 2.000000 96.000000 4.000000 5.000000 3.000000 2.000000 1.223774 0.071850 2391352.000000
0.000000 4.000000 0.000000 20.000000 1.000000 96.000000 2.000000 3.000000 2.000000 0.000000 0.810103 0.068000 2051980.000000
2.000000 8.000000 4.000000 8.000000 5.000000 120.000000 3.000000 3.000000 1.000000 2.000000 1.267208 0.076200 4078717.000000
1.000000 8.000000 3.000000 16.000000 4.000000 128.000000 2.000000 0.000000 3.000000 0.000000 1.340668 0.070275 3512699.000000
0.000000 8.000000 6.000000 8.000000 3.000000 84.000000 3.000000 2.000000 3.000000 1.000000 1.410446 0.089025 3312727.000000
2.000000 4.000000 0.000000 12.000000 2.000000 84.000000 0.000000 0.000000 3.000000 4.000000 0.899600 0.040575 1673526.000000
0.000000 4.000000 2.000000 20.000000 1.000000 120.000000 6.000000 3.000000 4.000000 0.000000 0.815301 0.063250 2112603.000000
1.000000 8.000000 6.000000 8.000000 5.000000 105.000000 4.000000 4.000000 5.000000 4.000000 1.413579 0.064900 3369138.000000
1.000000 8.000000 3.000000 12.000000 4.000000 64.000000 5.000000 1.000000 2.000000 4.000000 0.700837 0.060325 3039953.000000
2.000000 8.000000 2.000000 20.000000 3.000000 105.000000 1.000000 1.000000 5.000000 3.000000 1.139322 0.073375 2886091.000000
2.000000 4.000000 2.000000 20.000000 2.000000 96.000000 1.000000 1.000000 1.000000 4.000000 0.976907 0.048550 1886088.000000
1.000000 4.000000 1.000000 12.000000 1.000000 130.000000 6.000000 4.000000 5.000000 4.000000 0.768527 0.040300 1543334.000000
0.000000 8.000000 6.000000 20.000000 5.000000 130.000000 0.000000 5.000000 4.000000 4.000000 1.350059 0.132500 4305001.000000
1.000000 8.000000 2.000000 12.000000 4.000000 84.000000 1.000000 3.000000 0.000000 3.000000 1.188542 0.075300 3509966.000000
0.000000 8.000000 2.000000 16.000000 3.000000 96.000000 2.000000 5.000000 3.000000 0.000000 1.393975 0.091000 3176860.000000
0.000000 4.000000 2.000000 12.000000 2.000000 128.000000 2.000000 1.000000 3.000000 0.000000 1.189583 0.058900 2180755.000000
0.000000 4.000000 3.000000 8.000000 1.000000 120.000000 5.000000 3.000000 0.000000 1.000000 0.769583 0.054300 1813654.000000
0.000000 8.000000 4.000000 16.000000 5.000000 130.000000 2.000000 5.000000 0.000000 0.000000 1.394929 0.100000 4130102.000000
2.000000 8.000000 1.000000 20.000000 4.000000 64.000000 3.000000 6.000000 0.000000 0.000000 1.080198 0.079375 3843047.000000
0.000000 8.000000 6.000000 20.000000 3.000000 96.000000 1.000000 4.000000 3.000000 4.000000 1.392200 0.090225 3162356.000000
1.000000 4.000000 4.000000 20.000000 2.000000 130.000000 1.000000 4.000000 4.000000 1.000000 1.073033 0.052525 2052264.000000
1.000000 4.000000 3.000000 20.000000 1.000000 120.000000 1.000000 1.000000 0.000000 4.000000 0.756851 0.042850 1637646.000000
0.000000 8.000000 5.000000 8.000000 5.000000 130.000000 1.000000 0.000000 1.000000 0.000000 1.440631 0.089625 3653970.000000
2.000000 8.000000 4.000000 20.000000 4.000000 32.000000 3.000000 0.000000 2.000000 1.000000 1.213882 0.076650 3765747.000000
2.000000 8.000000 5.000000 8.000000 3.000000 120.000000 0.000000 4.000000 2.000000 3.000000 1.040118 0.064300 2548221.000000
2.000000 4.000000 4.000000 20.000000 2.000000 64.000000 3.000000 2.000000 4.000000 4.000000 0.989478 0.061825 2350193.000000
1.000000 4.000000 2.000000 16.000000 1.000000 64.000000 6.000000 2.000000 0.000000 4.000000 0.757222 0.042975 1523845.000000
2.000000 8.000000 6.000000 20.000000 5.000000 120.000000 4.000000 0.000000 3.000000 2.000000 1.180223 0.100550 3930812.000000
2.000000 8.000000 1.000000 8.000000 4.000000 64.000000 1.000000 5.000000 4.000000 0.000000 1.276788 0.091850 3426730.000000
1.000000 8.000000 6.000000 16.000000 3.000000 120.000000 6.000000 4.000000 0.000000 3.000000 1.084592 0.065550 2588792.000000
2.000000 4.000000 1.000000 8.000000 2.000000 84.000000 3.000000 2.000000 2.000000 3.000000 0.986550 0.054500 2231864.000000
1.000000 4.000000 5.000000 12.000000 1.000000 120.000000 3.000000 4.000000 3.000000 2.000000 0.768328 0.050650 1915537.000000
2.000000 8.000000 4.000000 8.000000 5.000000 105.000000 6.000000 1.000000 2.000000 3.000000 1.264394 0.074000 3546040.000000
2.000000 8.000000 3.000000 16.000000 4.000000 32.000000 4.000000 2.000000 5.000000 1.000000 1.226041 0.071625 3582918.000000
1.000000 8.000000 2.000000 8.000000 3.000000 105.000000 2.000000 6.000000 2.000000 3.000000 1.233093 0.067775 2813634.000000
0.000000 4.000000 0.000000 20.000000 2.000000 32.000000 6.000000 4.000000 3.000000 2.000000 1.147874 0.060100 2081918.000000
0.000000 4.000000 3.000000 8.000000 1.000000 130.000000 4.000000 0.000000 0.000000 2.000000 0.804945 0.053050 1885456.000000
1.000000 8.000000 6.000000 16.000000 5.000000 120.000000 1.000000 4.000000 5.000000 2.000000 1.422947 0.073500 3554597.000000
1.000000 8.000000 2.000000 20.000000 4.000000 64.000000 0.000000 0.000000 0.000000 0.000000 1.154674 0.061050 2855827.000000
0.000000 8.000000 6.000000 8.000000 3.000000 96.000000 6.000000 3.000000 2.000000 1.000000 1.357954 0.086000 3042207.000000
0.000000 4.000000 0.000000 8.000000 2.000000 84.000000 4.000000 2.000000 3.000000 3.000000 1.168719 0.064500 2299381.000000
2.000000 4.000000 3.000000 8.000000 1.000000 105.000000 3.000000 1.000000 3.000000 0.000000 0.736589 0.043775 1858590.000000
1.000000 8.000000 5.000000 12.000000 5.000000 105.000000 4.000000 6.000000 0.000000 4.000000 1.204865 0.070500 3496189.000000
2.000000 8.000000 2.000000 20.000000 4.000000 120.000000 6.000000 5.000000 5.000000 3.000000 1.247172 0.080675 3668981.000000
0.000000 8.000000 6.000000 8.000000 3.000000 120.000000 1.000000 1.000000 1.000000 2.000000 1.387405 0.085275 3005209.000000
2.000000 4.000000 3.000000 16.000000 2.000000 128.000000 3.000000 2.000000 1.000000 0.000000 0.963115 0.053250 2135076.000000
0.000000 4.000000 6.000000 20.000000 1.000000 32.000000 4.000000 0.000000 4.000000 2.000000 0.811897 0.063425 2147313.000000
1.000000 8.000000 4.000000 12.000000 5.000000 105.000000 3.000000 3.000000 1.000000 2.000000 1.403272 0.080325 4073170.000000
0.000000 8.000000 1.000000 8.000000 4.000000 128.000000 6.000000 1.000000 3.000000 1.000000 1.623424 0.092625 3680396.000000
1.000000 8.000000 6.000000 12.000000 3.000000 105.000000 4.000000 1.000000 5.000000 2.000000 1.225366 0.060025 2615887.000000
2.000000 4.000000 2.000000 20.000000 2.000000 32.000000 2.000000 4.000000 3.000000 2.000000 0.949067 0.053375 2074729.000000
2.000000 4.000000 0.000000 8.000000 1.000000 96.000000 0.000000 0.000000 2.000000 3.000000 0.730468 0.043650 1659232.000000
0.000000 8.000000 5.000000 12.000000 5.000000 130.000000 0.000000 5.000000 5.000000 1.000000 1.350067 0.096575 3784537.000000
2.000000 8.000000 1.000000 8.000000 4.000000 32.000000 2.000000 6.000000 3.000000 3.000000 1.213551 0.075550 3788843.000000
0.000000 8.000000 2.000000 12.000000 3.000000 84.000000 1.000000 6.000000 4.000000 1.000000 1.381460 0.091225 3181443.000000
0.000000 4.000000 1.000000 16.000000 2.000000 32.000000 1.000000 5.000000 4.000000 2.000000 1.166881 0.063175 2268809.000000
1.000000 4.000000 0.000000 8.000000 1.000000 120.000000 6.000000 6.000000 2.000000 2.000000 0.767220 0.044125 1634361.000000
2.000000 8.000000 5.000000 8.000000 5.000000 105.000000 0.000000 2.000000 1.000000 0.000000 1.123641 0.064550 3200569.000000
2.000000 8.000000 3.000000 12.000000 4.000000 84.000000 6.000000 2.000000 0.000000 4.000000 1.091739 0.066075 3234600.000000
0.000000 8.000000 2.000000 12.000000 3.000000 120.000000 5.000000 1.000000 5.000000 2.000000 0.000000 0.083150 2880955.000000
1.000000 4.000000 4.000000 20.000000 2.000000 130.000000 4.000000 6.000000 4.000000 1.000000 0.000000 0.058925 2218989.000000
2.000000 4.000000 3.000000 20.000000 1.000000 32.000000 1.000000 6.000000 1.000000 3.000000 0.734389 0.056025 1977444.000000
2.000000 8.000000 6.000000 12.000000 5.000000 130.000000 6.000000 2.000000 2.000000 4.000000 1.261781 0.072550 3592514.000000
2.000000 8.000000 4.000000 20.000000 4.000000 32.000000 5.000000 0.000000 3.000000 4.000000 0.679801 0.064375 3180681.000000
1.000000 8.000000 5.000000 8.000000 3.000000 120.000000 1.000000 3.000000 2.000000 4.000000 1.223447 0.058900 2560708.000000
2.000000 4.000000 1.000000 12.000000 2.000000 128.000000 2.000000 0.000000 2.000000 3.000000 0.964111 0.053550 2090639.000000
2.000000 4.000000 5.000000 20.000000 1.000000 130.000000 6.000000 5.000000 2.000000 0.000000 0.736617 0.046150 1732558.000000
