0.000000 8.000000 4.000000 16.000000 5.000000 105.000000 4.000000 0.000000 0.000000 1.000000 1.334728 0.095625 3866053.000000
2.000000 8.000000 4.000000 16.000000 4.000000 128.000000 4.000000 6.000000 5.000000 0.000000 1.269464 0.073950 3625401.000000
2.000000 8.000000 5.000000 8.000000 3.000000 84.000000 5.000000 0.000000 0.000000 4.000000 0.718081 0.048900 2109805.000000
0.000000 4.000000 3.000000 16.000000 2.000000 64.000000 5.000000 5.000000 5.000000 4.000000 0.801854 0.055175 2008898.000000
0.000000 4.000000 3.000000 8.000000 1.000000 130.000000 0.000000 2.000000 3.000000 4.000000 0.808350 0.056600 1953086.000000
1.000000 8.000000 4.000000 8.000000 5.000000 130.000000 0.000000 5.000000 1.000000 0.000000 1.184288 0.062750 3088036.000000
1.000000 8.000000 4.000000 20.000000 4.000000 32.000000 2.000000 5.000000 4.000000 2.000000 1.348486 0.108750 3963257.000000
0.000000 8.000000 6.000000 20.000000 3.000000 120.000000 2.000000 3.000000 3.000000 4.000000 1.414183 0.101700 3529388.000000
1.000000 4.000000 2.000000 16.000000 2.000000 64.000000 3.000000 5.000000 0.000000 3.000000 0.958093 0.057025 2161207.000000
1.000000 4.000000 4.000000 20.000000 1.000000 130.000000 0.000000 5.000000 1.000000 3.000000 0.764047 0.052850 1880163.000000
1.000000 8.000000 5.000000 12.000000 5.000000 105.000000 2.000000 0.000000 0.000000 4.000000 1.193798 0.065850 3327956.000000
1.000000 8.000000 4.000000 8.000000 4.000000 64.000000 5.000000 0.000000 4.000000 2.000000 0.701960 0.085975 3128126.000000
1.000000 8.000000 6.000000 20.000000 3.000000 84.000000 6.000000 2.000000 0.000000 3.000000 1.084592 0.070425 2732518.000000
2.000000 4.000000 0.000000 20.000000 2.000000 128.000000 4.000000 1.000000 4.000000 2.000000 0.931366 0.055150 2168029.000000
0.000000 4.000000 2.000000 12.000000 1.000000 105.000000 2.000000 4.000000 4.000000 1.000000 0.815264 0.059825 2030344.000000
1.000000 8.000000 6.000000 20.000000 5.000000 120.000000 6.000000 3.000000 1.000000 4.000000 1.380910 0.079300 3699982.000000
0.000000 8.000000 3.000000 16.000000 4.000000 120.000000 6.000000 1.000000 1.000000 4.000000 1.618659 0.094900 3708571.000000
2.000000 8.000000 6.000000 20.000000 3.000000 84.000000 5.000000 6.000000 1.000000 3.000000 0.716970 0.071175 2847988.000000
2.000000 4.000000 2.000000 8.000000 2.000000 32.000000 2.000000 0.000000 0.000000 3.000000 0.874085 0.045425 1837951.000000
0.000000 4.000000 5.000000 20.000000 1.000000 105.000000 4.000000 0.000000 2.000000 2.000000 0.811347 0.061900 2031562.000000
0.000000 8.000000 4.000000 20.000000 5.000000 105.000000 3.000000 3.000000 5.000000 0.000000 1.657761 0.114000 4729860.000000
0.000000 8.000000 3.000000 20.000000 4.000000 120.000000 0.000000 2.000000 2.000000 2.000000 1.401275 0.102750 4021984.000000
2.000000 8.000000 6.000000 20.000000 3.000000 84.000000 3.000000 1.000000 3.000000 0.000000 1.136564 0.070825 3007037.000000
0.000000 4.000000 5.000000 16.000000 2.000000 96.000000 6.000000 5.000000 3.000000 3.000000 1.192810 0.073700 2373239.000000
1.000000 4.000000 2.000000 8.000000 1.000000 120.000000 3.000000 3.000000 4.000000 0.000000 0.768687 0.048625 1924364.000000
0.000000 8.000000 4.000000 16.000000 5.000000 120.000000 6.000000 1.000000 0.000000 2.000000 1.391091 0.098050 3850310.000000
1.000000 8.000000 4.000000 20.000000 4.000000 128.000000 5.000000 3.000000 3.000000 4.000000 0.701960 0.072375 3523294.000000
0.000000 8.000000 2.000000 20.000000 3.000000 84.000000 2.000000 0.000000 3.000000 4.000000 1.363175 0.091625 3147459.000000
1.000000 4.000000 1.000000 8.000000 2.000000 120.000000 1.000000 0.000000 0.000000 3.000000 0.958136 0.044375 1762441.000000
2.000000 4.000000 2.000000 12.000000 1.000000 32.000000 0.000000 5.000000 3.000000 3.000000 0.730925 0.050750 1816577.000000
0.000000 8.000000 5.000000 16.000000 5.000000 130.000000 0.000000 4.000000 1.000000 1.000000 1.354320 0.094650 3716115.000000
1.000000 8.000000 3.000000 16.000000 4.000000 96.000000 3.000000 6.000000 2.000000 1.000000 1.450617 0.080150 3934763.000000
0.000000 8.000000 5.000000 20.000000 3.000000 120.000000 5.000000 2.000000 3.000000 4.000000 0.786394 0.089475 3101260.000000
1.000000 4.000000 3.000000 20.000000 2.000000 32.000000 4.000000 5.000000 2.000000 3.000000 1.039632 0.058525 2179168.000000
1.000000 4.000000 0.000000 20.000000 1.000000 128.000000 2.000000 0.000000 3.000000 2.000000 0.766542 0.051475 1830987.000000
0.000000 8.000000 6.000000 8.000000 5.000000 130.000000 1.000000 5.000000 1.000000 3.000000 1.655841 0.102025 4129306.000000
2.000000 8.000000 1.000000 8.000000 4.000000 64.000000 6.000000 3.000000 0.000000 2.000000 1.081790 0.065750 3217907.000000
1.000000 8.000000 2.000000 12.000000 3.000000 120.000000 5.000000 4.000000 2.000000 4.000000 0.739359 0.052450 2253826.000000
2.000000 4.000000 4.000000 20.000000 2.000000 84.000000 6.000000 0.000000 3.000000 2.000000 0.956485 0.051125 1955424.000000
1.000000 4.000000 2.000000 16.000000 1.000000 130.000000 1.000000 3.000000 4.000000 3.000000 0.767941 0.062275 2116198.000000
0.000000 8.000000 4.000000 8.000000 5.000000 105.000000 2.000000 3.000000 2.000000 3.000000 1.699139 0.107000 4492869.000000
2.000000 8.000000 1.000000 12.000000 4.000000 120.000000 0.000000 5.000000 0.000000 4.000000 1.078885 0.064350 3050917.000000
2.000000 8.000000 6.000000 12.000000 3.000000 120.000000 1.000000 4.000000 4.000000 0.000000 1.127575 0.059700 2693478.000000
2.000000 4.000000 5.000000 16.000000 2.000000 128.000000 4.000000 5.000000 1.000000 4.000000 0.969692 0.050900 1915767.000000
0.000000 4.000000 6.000000 12.000000 1.000000 84.000000 3.000000 1.000000 0.000000 2.000000 0.803855 0.063400 2110640.000000
2.000000 8.000000 5.000000 20.000000 5.000000 105.000000 0.000000 1.000000 5.000000 2.000000 1.127536 0.074800 3520361.000000
0.000000 8.000000 2.000000 12.000000 4.000000 64.000000 2.000000 4.000000 5.000000 3.000000 1.680703 0.101575 4065304.000000
0.000000 8.000000 5.000000 12.000000 3.000000 105.000000 5.000000 1.000000 3.000000 1.000000 0.786394 0.082625 2874954.000000
2.000000 4.000000 4.000000 20.000000 2.000000 32.000000 3.000000 2.000000 5.000000 3.000000 0.957151 0.067650 2418345.000000
1.000000 4.000000 5.000000 20.000000 1.000000 32.000000 5.000000 1.000000 5.000000 4.000000 0.726040 0.039600 1504986.000000
