4 3 24 96 32 112 112 16 16 8 2 4 2 2 2 8 2 32 2
4 2 8 64 16 64 64 24 24 16 1 2 1 8 2 32 4 32 2
4 2 8 64 24 64 64 24 24 16 1 2 1 8 2 32 4 32 2
4 2 8 64 16 64 64 24 24 16 1 2 1 8 2 32 2 32 2
4 2 8 64 16 64 64 16 16 16 1 2 1 8 2 32 4 32 2
4 2 8 64 24 64 64 24 24 16 1 2 1 8 2 32 2 32 2
4 2 8 64 16 64 64 16 16 16 1 2 1 8 2 32 2 32 2
4 2 8 64 16 64 64 24 24 16 1 2 1 8 2 32 8 32 2
4 2 8 64 24 64 64 24 24 16 1 2 1 8 2 32 8 32 2
4 2 8 64 24 64 64 16 16 16 1 2 1 8 2 32 4 32 2
4 2 8 64 24 64 64 16 16 16 1 2 1 8 2 32 2 32 2
