3 4 12 20 6 1 32 56 48 1 6 1 1 6 1 1 6 1 8 8 4 64 4 64 2 0.819841 0.018506 1282129.558
2 4 8 16 4 1 24 60 52 1 8 1 1 8 1 1 8 1 8 8 4 64 8 64 2 0.846536 0.018164 1393296.547
3 4 12 20 6 1 36 60 52 1 8 1 1 8 1 1 8 1 8 10 4 64 4 64 4 0.834574 0.019637 1346953.912
1 4 6 12 10 1 36 48 40 1 8 1 1 10 1 1 8 1 8 8 4 64 8 64 4 0.852749 0.026175 1719184.895
2 4 10 16 4 1 32 48 40 1 8 1 1 10 1 1 8 1 8 10 4 64 8 64 2 0.854586 0.018289 1386205.169
3 4 10 20 10 1 36 60 52 1 6 1 1 8 1 1 6 1 6 6 4 64 8 64 2 0.785441 0.020112 1500066.382
2 4 6 12 4 1 36 40 34 1 6 1 1 10 1 1 8 1 8 8 4 64 8 64 2 0.701628 0.01779 1358122.99
1 4 10 16 4 1 32 52 48 1 6 1 1 6 1 1 6 1 8 10 4 64 8 64 4 0.877299 0.024742 1678049.125
1 4 12 20 8 1 32 52 48 1 8 1 1 8 1 1 8 1 6 6 4 64 8 64 2 0.80787 0.024961 1688982.783
2 4 10 20 6 1 32 60 52 1 6 1 1 10 1 1 8 1 8 10 4 64 4 64 2 0.844609 0.018485 1255409.442
2 4 12 20 4 1 36 60 52 1 6 1 1 8 1 1 6 1 6 8 4 64 4 64 2 0.808121 0.01777 1234788.526
3 4 12 20 10 1 36 60 52 1 8 1 1 10 1 1 8 1 8 8 4 64 8 64 4 0.83644 0.021087 1551380.253
3 4 10 16 10 1 28 40 34 1 8 1 1 8 1 1 8 1 6 6 4 64 4 64 2 0.647819 0.018643 1263548.831
1 8 24 36 18 3 96 90 80 2 16 3 3 32 3 2 24 3 22 24 8 64 8 64 6 2.127826 0.055919 3965461.752
2 8 30 44 12 3 90 116 96 2 16 3 3 32 3 2 24 3 22 24 4 32 4 64 6 1.872361 0.039213 3004299.263
2 8 24 28 18 3 84 116 96 2 12 3 3 32 3 2 20 3 22 24 4 32 8 64 6 1.900975 0.042985 3374208.531
1 8 24 36 14 3 114 120 100 1 12 3 3 32 3 1 20 3 24 28 8 64 8 64 4 1.688624 0.04985 3284293.469
3 8 24 36 18 3 114 116 96 1 14 3 3 36 3 1 22 3 24 28 8 64 4 64 4 1.474785 0.039998 2790432.381
2 8 30 40 14 3 90 100 96 2 16 3 3 32 3 2 24 3 22 22 4 32 8 64 6 1.883366 0.041532 3309515.409
3 8 24 28 14 3 90 120 100 1 12 3 3 32 3 1 20 3 22 24 8 32 8 64 4 1.491189 0.038145 2717509.793
1 8 30 40 12 3 114 120 100 2 16 3 3 32 3 2 24 3 22 22 8 32 8 64 6 2.113771 0.053787 3966181.297
1 8 30 44 14 3 102 90 80 1 16 3 3 32 3 1 24 3 24 28 8 64 8 64 4 1.682952 0.04953 3209355.148
3 8 24 36 12 3 96 120 100 1 12 3 3 32 3 1 20 3 22 22 8 32 8 64 4 1.49002 0.036745 2722724.356
3 8 30 40 12 3 114 116 96 1 14 3 3 36 3 1 22 3 24 28 8 32 4 64 4 1.483038 0.03706 2640701.682
1 8 30 44 14 3 90 90 80 2 16 3 3 32 3 2 24 3 22 24 8 64 8 64 6 2.135456 0.054082 3894542.837
1 8 30 40 16 3 114 100 96 1 12 3 3 32 3 1 20 3 22 22 8 64 8 64 4 1.676275 0.050126 3248507.661
2 8 24 36 12 3 90 90 80 1 12 3 3 32 3 1 20 3 24 24 4 32 4 64 4 1.5524 0.03317 2260304.874
1 8 24 32 16 3 90 116 96 1 12 3 3 32 3 1 20 3 22 22 8 64 8 64 6 1.685719 0.050687 3251841.824
1 8 24 32 18 3 96 120 100 1 12 3 3 36 3 1 24 3 24 28 8 64 4 64 4 1.63724 0.051339 3152585.431
3 8 24 28 16 3 96 116 96 2 16 3 3 32 3 2 24 3 24 28 8 32 4 64 6 1.667683 0.042293 3194151.228
2 8 24 28 14 3 96 116 96 1 14 3 3 36 3 1 22 3 22 24 8 32 4 64 4 1.55401 0.036728 2448439.473
2 8 40 52 20 5 150 144 128 2 20 5 5 52 5 2 28 5 32 36 8 64 8 128 10 1.970949 0.067983 4582911.176
2 8 40 52 22 5 140 160 132 2 20 5 5 48 5 2 30 5 30 30 8 64 8 64 10 1.996587 0.057778 4960017.87
3 8 40 48 16 5 130 128 128 2 24 5 5 40 5 2 32 5 30 32 8 64 8 64 10 1.738137 0.051434 4563555.92
1 8 45 64 18 5 130 176 132 2 20 5 5 52 5 2 28 5 32 32 4 32 8 128 10 2.536475 0.067409 6062228.945
3 8 40 48 22 5 140 176 132 2 20 5 5 40 5 2 28 5 32 36 4 32 8 128 8 1.763278 0.069272 5662198.814
2 8 45 64 18 5 150 144 128 2 22 5 5 52 5 3 28 5 30 32 8 64 8 64 10 1.99347 0.05668 4961730.118
2 8 40 64 20 5 150 128 128 2 22 5 5 40 5 3 32 5 30 32 8 32 8 64 8 2.001049 0.055942 4725860.229
2 8 40 64 22 5 160 160 132 2 20 5 5 48 5 2 30 5 30 32 8 64 8 128 10 1.967187 0.058666 4752457.675
3 8 40 48 20 5 120 128 128 2 24 5 5 40 5 2 32 5 30 32 4 32 8 64 10 1.739554 0.053755 4599076.731
3 8 40 40 18 5 120 176 132 2 22 5 5 48 5 3 30 5 30 30 4 32 8 64 8 1.727995 0.056467 5075364.549
2 8 40 52 20 5 160 160 132 2 22 5 5 52 5 3 28 5 32 36 8 32 8 128 10 2.007778 0.070683 5849151.985
3 8 40 40 18 5 140 160 132 2 20 5 5 40 5 2 28 5 32 36 8 32 8 64 8 1.746982 0.066945 4856500.904
1 8 45 64 22 5 150 176 132 2 22 5 5 48 5 3 30 5 32 32 4 32 8 64 10 2.499762 0.08306 5707189.346
3 8 40 64 18 5 140 176 132 2 20 5 5 52 5 2 28 5 30 30 4 32 8 64 10 1.744277 0.056265 4964577.796
1 8 40 64 18 5 120 144 128 2 20 5 5 48 5 2 30 5 32 32 8 64 8 128 10 2.349934 0.067566 4950594.146
1 8 40 48 20 5 160 176 132 2 24 5 5 40 5 2 32 5 32 32 8 64 8 128 8 2.404548 0.079888 5168600.395
3 8 40 52 20 5 160 160 132 2 24 5 5 40 5 2 32 5 32 36 4 32 8 128 8 1.719205 0.069372 4548059.296
3 8 40 64 18 5 140 176 132 2 24 5 5 40 5 2 32 5 30 30 4 32 8 64 10 1.741777 0.056004 4931343.362
3 8 45 64 20 5 150 160 132 2 22 5 5 40 5 3 32 5 32 32 8 32 8 128 8 1.767162 0.06911 5773356.679
3 8 45 64 18 5 160 160 132 2 22 5 5 40 5 3 32 5 30 30 4 32 8 64 10 1.741497 0.056311 5014036.662
3 8 40 64 22 5 130 128 128 2 22 5 5 52 5 3 28 5 32 36 4 32 8 64 10 1.740218 0.069753 4941000.026
3 4 16 36 12 2 60 72 56 2 10 2 2 20 2 2 14 2 14 14 4 64 8 64 2 1.23993 0.027215 2468874.501
2 4 20 36 8 2 64 80 64 1 10 2 2 24 2 1 14 2 14 14 4 64 4 64 2 1.235759 0.022876 1624082.377
1 4 14 20 12 2 70 88 72 2 10 2 2 20 2 2 14 2 14 16 4 64 4 64 4 1.472746 0.033231 2449430.525
3 4 16 36 10 2 70 88 64 2 10 2 2 20 2 2 14 2 16 18 4 64 4 64 2 1.277981 0.026663 2200590.134
2 4 14 20 10 2 70 84 64 2 10 2 2 20 2 2 14 2 14 16 4 64 8 64 4 1.376013 0.027426 2474696.235
1 4 14 20 14 2 70 72 56 1 12 2 2 20 2 1 16 2 14 16 4 64 4 64 2 1.347215 0.030383 1907969.401
1 4 16 32 14 2 70 84 64 1 10 2 2 20 2 1 14 2 14 16 4 64 8 64 4 1.421581 0.031917 2171600.953
3 4 20 36 14 2 64 88 72 1 10 2 2 26 2 1 12 2 14 16 4 64 8 64 4 1.164319 0.026994 2011855.022
1 4 20 36 8 2 70 72 56 1 10 2 2 20 2 1 14 2 16 16 4 64 4 64 4 1.403208 0.028949 1942462.454
2 4 14 20 14 2 64 72 56 1 10 2 2 26 2 1 12 2 14 16 4 64 4 64 4 1.230571 0.025092 1673249.408
2 4 20 36 12 2 56 80 64 1 10 2 2 20 2 1 14 2 16 18 4 64 4 64 4 1.284329 0.024415 1704703.014
3 4 16 32 10 2 70 72 56 1 10 2 2 24 2 1 14 2 14 14 4 64 8 64 2 1.154558 0.023975 1843048.111
3 4 20 36 12 2 64 88 64 1 12 2 2 20 2 1 16 2 16 16 4 64 4 64 4 1.153161 0.025254 1793554.683
2 4 16 36 12 2 70 88 64 2 10 2 2 20 2 2 14 2 16 18 4 64 8 64 2 1.45039 0.028052 2524069.532
1 4 20 36 10 2 70 72 56 1 12 2 2 20 2 1 16 2 16 18 4 64 4 64 2 1.408377 0.029231 1956839.513
3 8 32 40 22 4 116 128 128 2 20 4 4 48 4 2 32 4 32 32 8 32 8 128 10 1.758407 0.054323 5112086.879
2 8 32 48 16 4 128 128 100 2 24 4 4 48 4 2 30 4 32 32 8 64 8 64 10 1.983545 0.048733 4206368.055
3 8 28 40 22 4 120 128 128 2 22 4 4 48 4 3 30 4 30 30 8 32 8 64 8 1.732503 0.055027 4535661.529
1 8 32 40 22 4 128 144 128 2 22 4 4 40 4 3 32 4 32 36 8 32 8 64 10 2.475868 0.080649 5186634.729
2 8 28 40 16 4 120 128 100 2 24 4 4 48 4 2 30 4 30 30 4 32 8 128 8 2.000177 0.04749 4704155.902
2 8 32 40 22 4 120 128 100 2 22 4 4 48 4 3 30 4 30 30 8 32 8 128 8 1.996239 0.053305 5069106.46
3 8 28 40 20 4 116 144 128 2 24 4 4 40 4 2 32 4 32 32 8 64 8 128 8 1.748812 0.051996 5183322.196
1 8 32 44 20 4 136 144 128 2 22 4 4 40 4 3 32 4 30 30 8 32 8 64 10 2.473635 0.066541 5110322.096
1 8 28 40 20 4 128 128 100 2 20 4 4 40 4 2 28 4 32 32 8 32 8 128 8 2.489627 0.062046 5315288.472
1 8 36 52 16 4 136 128 100 2 22 4 4 48 4 3 30 4 32 36 4 32 8 64 8 2.451013 0.07311 4822265.802
3 8 32 48 20 4 116 160 132 2 22 4 4 48 4 3 30 4 30 32 4 32 8 128 10 1.749322 0.055086 5382250.941
3 8 32 44 18 4 136 160 132 2 22 4 4 40 4 3 32 4 30 30 8 64 8 64 8 1.737486 0.054164 4722273.475
1 8 28 40 16 4 144 128 128 2 20 4 4 40 4 2 28 4 32 32 4 32 8 128 8 2.493059 0.060229 5282073.356
1 8 36 52 22 4 116 144 128 2 20 4 4 48 4 2 32 4 32 32 8 32 8 128 8 2.491915 0.067123 5684086.144
2 8 36 52 16 4 136 144 128 2 22 4 4 40 4 3 32 4 32 36 8 64 8 128 10 2.015725 0.063252 5269394.021
3 8 32 40 16 4 128 128 100 2 20 4 4 48 4 2 32 4 32 32 4 32 8 64 8 1.735139 0.048127 4155819.906
1 8 32 44 16 4 136 128 128 2 20 4 4 40 4 2 28 4 32 32 4 32 8 128 8 2.496798 0.060332 5284140.416
1 8 32 44 22 4 116 144 128 2 22 4 4 48 4 3 30 4 30 30 8 64 8 128 10 2.511457 0.068644 5921139.547
1 8 32 44 22 4 136 128 128 2 22 4 4 40 4 3 32 4 32 32 8 32 8 64 10 2.458708 0.06769 5037409.633
2 8 36 52 18 4 116 160 132 2 22 4 4 40 4 3 32 4 32 36 8 64 8 64 8 1.991154 0.065241 4661829.227
2 8 28 40 18 4 128 160 132 2 22 4 4 40 4 3 32 4 32 32 8 32 8 128 8 1.995545 0.053357 5230675.385
2 8 32 40 16 4 128 128 100 2 20 4 4 48 4 2 32 4 32 36 4 32 8 64 8 1.998798 0.047728 4058578.481
3 8 32 44 22 4 128 144 128 2 22 4 4 40 4 3 32 4 32 32 4 32 8 64 8 1.733666 0.055005 4636278.746
2 8 32 44 18 4 144 160 132 2 22 4 4 40 4 3 32 4 30 32 8 32 8 64 8 1.982 0.053855 4588499.555
2 8 28 40 22 4 136 160 132 2 24 4 4 40 4 2 32 4 32 36 4 32 8 128 10 2.007372 0.068488 5232924.455
2 8 32 48 18 4 128 144 128 2 24 4 4 48 4 2 30 4 30 30 4 32 8 128 10 2.000193 0.051981 5015662.522
2 8 28 40 20 4 120 128 100 2 24 4 4 40 4 2 32 4 32 32 4 32 8 128 8 1.990329 0.049492 4784762.078
1 8 36 52 18 4 116 128 128 2 20 4 4 40 4 2 28 4 30 30 8 64 8 64 10 2.473368 0.0633 4800069.768
1 4 8 16 8 1 32 52 48 1 8 1 1 8 1 1 8 1 8 8 4 64 4 64 2 0.783695 0.020367 1504764.4
1 4 16 32 12 2 64 80 64 1 12 2 2 20 2 1 16 2 16 16 4 64 4 64 2 1.193842 0.025567 1933210.36
1 8 24 32 16 3 96 100 96 1 16 3 3 32 3 1 24 3 24 24 8 64 8 64 4 1.487098 0.044567 3205484.56
1 8 32 40 20 4 128 128 128 2 24 4 4 40 4 2 32 4 32 32 8 64 8 64 8 1.950033 0.057767 4805888.81
1 8 40 40 20 5 130 128 128 2 24 5 5 40 5 2 32 5 32 32 8 64 8 64 8 1.949057 0.068533 5069115.92