2.000000 1.000000 0.000000 2.000000 1.000000 1.000000 0.818879 0.004625 326562.000000
1.000000 0.000000 1.000000 2.000000 0.000000 2.000000 0.772845 0.005305 671876.000000
0.000000 2.000000 1.000000 1.000000 1.000000 3.000000 0.676030 0.004600 586944.000000
0.000000 1.000000 0.000000 1.000000 1.000000 1.000000 0.670508 0.003770 303311.000000
4.000000 4.000000 0.000000 0.000000 1.000000 5.000000 0.838235 0.007140 405125.000000
0.000000 0.000000 0.000000 1.000000 0.000000 7.000000 0.680501 0.003285 667743.000000
2.000000 5.000000 0.000000 1.000000 1.000000 3.000000 0.825169 0.005170 433394.000000
2.000000 5.000000 0.000000 0.000000 0.000000 6.000000 0.820612 0.003515 499202.000000
0.000000 2.000000 1.000000 0.000000 1.000000 2.000000 0.644086 0.005060 415455.000000
1.000000 5.000000 0.000000 2.000000 0.000000 8.000000 0.822826 0.004820 466967.000000
0.000000 4.000000 0.000000 1.000000 1.000000 9.000000 0.676496 0.004685 383409.000000
3.000000 5.000000 0.000000 0.000000 0.000000 0.000000 0.838178 0.010420 616424.000000
0.000000 3.000000 1.000000 0.000000 1.000000 7.000000 0.680475 0.006050 584002.000000
4.000000 1.000000 1.000000 2.000000 0.000000 2.000000 0.772535 0.004860 555576.000000
3.000000 5.000000 1.000000 2.000000 0.000000 6.000000 0.813077 0.009980 665676.000000
2.000000 5.000000 0.000000 2.000000 1.000000 8.000000 0.825127 0.005690 296440.000000
4.000000 4.000000 0.000000 1.000000 1.000000 2.000000 0.774350 0.006140 305094.000000
3.000000 0.000000 0.000000 0.000000 1.000000 8.000000 0.830600 0.012500 434985.000000
2.000000 1.000000 1.000000 0.000000 0.000000 6.000000 0.819240 0.004175 642881.000000
4.000000 3.000000 1.000000 2.000000 1.000000 7.000000 0.835045 0.007755 608296.000000
4.000000 3.000000 0.000000 0.000000 0.000000 0.000000 0.831048 0.005465 634094.000000
2.000000 1.000000 0.000000 0.000000 0.000000 8.000000 0.827787 0.003840 456993.000000
1.000000 0.000000 1.000000 0.000000 0.000000 3.000000 0.827361 0.005795 857229.000000
2.000000 2.000000 0.000000 2.000000 1.000000 2.000000 0.772540 0.004730 285948.000000
1.000000 5.000000 1.000000 1.000000 1.000000 7.000000 0.835361 0.007610 568497.000000
3.000000 0.000000 1.000000 0.000000 1.000000 7.000000 0.833411 0.013000 702560.000000
4.000000 4.000000 1.000000 1.000000 0.000000 1.000000 0.820361 0.005090 677629.000000
3.000000 2.000000 1.000000 1.000000 0.000000 6.000000 0.822084 0.009820 675443.000000
1.000000 3.000000 1.000000 2.000000 1.000000 4.000000 0.829762 0.007685 609654.000000
2.000000 5.000000 1.000000 0.000000 1.000000 8.000000 0.826707 0.006540 422334.000000
0.000000 1.000000 1.000000 1.000000 0.000000 8.000000 0.674930 0.003205 560953.000000
0.000000 3.000000 0.000000 0.000000 1.000000 0.000000 0.680498 0.005550 455998.000000
3.000000 1.000000 0.000000 0.000000 0.000000 2.000000 0.774144 0.010040 452560.000000
4.000000 2.000000 1.000000 0.000000 0.000000 6.000000 0.820361 0.005605 687133.000000
4.000000 4.000000 1.000000 1.000000 0.000000 3.000000 0.827361 0.005120 783314.000000
0.000000 1.000000 0.000000 2.000000 1.000000 4.000000 0.676412 0.004535 420980.000000
3.000000 5.000000 1.000000 2.000000 1.000000 9.000000 0.827592 0.012700 514197.000000
3.000000 3.000000 0.000000 0.000000 0.000000 0.000000 0.838703 0.010535 650406.000000
3.000000 0.000000 0.000000 1.000000 0.000000 4.000000 0.829791 0.009550 722435.000000
4.000000 4.000000 0.000000 1.000000 0.000000 2.000000 0.772845 0.004480 459478.000000
4.000000 5.000000 1.000000 0.000000 0.000000 8.000000 0.824252 0.006055 617459.000000
3.000000 1.000000 0.000000 0.000000 0.000000 4.000000 0.828915 0.009840 633403.000000
2.000000 4.000000 1.000000 0.000000 0.000000 0.000000 0.838144 0.004765 765595.000000
2.000000 3.000000 0.000000 1.000000 0.000000 1.000000 0.819524 0.003085 523031.000000
0.000000 3.000000 1.000000 1.000000 0.000000 4.000000 0.676030 0.003050 755448.000000
3.000000 2.000000 1.000000 0.000000 1.000000 7.000000 0.833411 0.012750 624862.000000
0.000000 3.000000 0.000000 2.000000 0.000000 7.000000 0.680501 0.003050 606962.000000
3.000000 5.000000 0.000000 1.000000 1.000000 2.000000 0.774936 0.011650 281413.000000
4.000000 5.000000 0.000000 2.000000 0.000000 5.000000 0.836053 0.004655 502499.000000
3.000000 5.000000 0.000000 0.000000 1.000000 7.000000 0.832087 0.012950 477118.000000
2.000000 1.000000 0.000000 0.000000 0.000000 1.000000 0.819205 0.003510 499202.000000
4.000000 0.000000 1.000000 1.000000 1.000000 6.000000 0.822188 0.007385 574364.000000
3.000000 5.000000 0.000000 0.000000 0.000000 4.000000 0.829653 0.009885 633403.000000
1.000000 5.000000 1.000000 1.000000 0.000000 2.000000 0.775028 0.004990 567659.000000
4.000000 3.000000 0.000000 1.000000 1.000000 2.000000 0.774350 0.006610 297863.000000
4.000000 1.000000 1.000000 0.000000 1.000000 3.000000 0.828053 0.006855 571573.000000
1.000000 0.000000 0.000000 1.000000 0.000000 4.000000 0.827430 0.004605 703925.000000
1.000000 1.000000 1.000000 2.000000 1.000000 3.000000 0.830413 0.006365 565565.000000
1.000000 2.000000 0.000000 0.000000 0.000000 2.000000 0.772845 0.004970 467321.000000
0.000000 3.000000 1.000000 1.000000 0.000000 5.000000 0.677847 0.003385 651332.000000
1.000000 3.000000 1.000000 1.000000 0.000000 9.000000 0.822870 0.005735 694705.000000
0.000000 4.000000 1.000000 1.000000 0.000000 9.000000 0.676470 0.003675 668766.000000
4.000000 2.000000 1.000000 1.000000 0.000000 7.000000 0.835685 0.005795 773575.000000
4.000000 0.000000 0.000000 0.000000 1.000000 4.000000 0.829895 0.007585 567707.000000
0.000000 4.000000 1.000000 2.000000 0.000000 6.000000 0.670508 0.003010 653989.000000
3.000000 5.000000 0.000000 2.000000 1.000000 9.000000 0.826545 0.012300 394427.000000
2.000000 0.000000 0.000000 2.000000 1.000000 8.000000 0.825309 0.005505 402679.000000
4.000000 2.000000 0.000000 1.000000 1.000000 0.000000 0.838808 0.006645 471127.000000
0.000000 3.000000 0.000000 1.000000 0.000000 3.000000 0.676412 0.002385 611416.000000
3.000000 3.000000 0.000000 1.000000 0.000000 6.000000 0.822084 0.009390 550855.000000
2.000000 4.000000 1.000000 2.000000 0.000000 4.000000 0.828753 0.003795 777132.000000
2.000000 0.000000 0.000000 2.000000 0.000000 6.000000 0.819524 0.003305 593898.000000
0.000000 4.000000 1.000000 2.000000 0.000000 1.000000 0.670508 0.003015 653989.000000
4.000000 5.000000 1.000000 2.000000 1.000000 9.000000 0.833683 0.007680 498323.000000
0.000000 0.000000 1.000000 0.000000 1.000000 0.000000 0.680191 0.005620 650163.000000
4.000000 0.000000 0.000000 0.000000 1.000000 8.000000 0.825326 0.007410 418958.000000
4.000000 0.000000 1.000000 2.000000 0.000000 2.000000 0.772845 0.005345 673622.000000
2.000000 4.000000 0.000000 2.000000 1.000000 0.000000 0.838521 0.005215 469389.000000
4.000000 1.000000 1.000000 2.000000 1.000000 4.000000 0.828681 0.007100 573301.000000
2.000000 5.000000 0.000000 0.000000 0.000000 9.000000 0.832463 0.004180 518882.000000
2.000000 2.000000 0.000000 0.000000 0.000000 0.000000 0.830616 0.004115 622892.000000
2.000000 0.000000 0.000000 1.000000 0.000000 3.000000 0.828822 0.003325 694480.000000
3.000000 5.000000 1.000000 1.000000 0.000000 1.000000 0.822425 0.009985 660952.000000
4.000000 5.000000 0.000000 0.000000 1.000000 4.000000 0.830586 0.007785 460274.000000
4.000000 3.000000 0.000000 2.000000 0.000000 4.000000 0.827430 0.004480 644732.000000
1.000000 1.000000 1.000000 0.000000 1.000000 2.000000 0.775040 0.006795 389299.000000
2.000000 2.000000 1.000000 1.000000 0.000000 8.000000 0.825630 0.004250 629105.000000
1.000000 2.000000 0.000000 0.000000 0.000000 6.000000 0.820361 0.004930 542287.000000
2.000000 5.000000 1.000000 1.000000 0.000000 9.000000 0.830117 0.004320 651973.000000
1.000000 0.000000 1.000000 0.000000 0.000000 8.000000 0.826303 0.006300 714011.000000
4.000000 3.000000 1.000000 0.000000 1.000000 5.000000 0.839903 0.007905 519707.000000
3.000000 0.000000 0.000000 0.000000 1.000000 2.000000 0.774247 0.012000 396633.000000
1.000000 4.000000 0.000000 2.000000 1.000000 9.000000 0.832645 0.006815 416611.000000
0.000000 3.000000 0.000000 1.000000 0.000000 0.000000 0.680498 0.002835 595243.000000
3.000000 2.000000 0.000000 1.000000 1.000000 7.000000 0.831524 0.011850 495443.000000
3.000000 0.000000 1.000000 2.000000 0.000000 2.000000 0.774247 0.010390 690429.000000
4.000000 3.000000 0.000000 0.000000 1.000000 4.000000 0.829895 0.007870 494082.000000
1.000000 5.000000 1.000000 1.000000 1.000000 4.000000 0.828201 0.007575 572231.000000
0.000000 4.000000 1.000000 1.000000 0.000000 6.000000 0.670508 0.003005 649411.000000
1.000000 0.000000 0.000000 1.000000 1.000000 1.000000 0.822188 0.006250 442280.000000
3.000000 5.000000 1.000000 0.000000 1.000000 3.000000 0.827501 0.012350 593016.000000
4.000000 1.000000 0.000000 1.000000 0.000000 4.000000 0.828580 0.004395 607253.000000
3.000000 0.000000 1.000000 2.000000 0.000000 9.000000 0.825595 0.010950 784332.000000
3.000000 1.000000 0.000000 2.000000 0.000000 2.000000 0.773457 0.009455 447940.000000
3.000000 4.000000 0.000000 0.000000 1.000000 7.000000 0.831524 0.012550 517578.000000
2.000000 1.000000 0.000000 1.000000 1.000000 0.000000 0.838290 0.005185 426385.000000
1.000000 5.000000 0.000000 2.000000 0.000000 5.000000 0.831048 0.004675 505537.000000
0.000000 2.000000 0.000000 2.000000 0.000000 5.000000 0.679208 0.002725 512462.000000
1.000000 2.000000 0.000000 1.000000 1.000000 8.000000 0.825326 0.006520 328191.000000
4.000000 5.000000 0.000000 2.000000 0.000000 9.000000 0.826682 0.005020 524681.000000
2.000000 0.000000 0.000000 0.000000 1.000000 4.000000 0.830126 0.006230 555941.000000
2.000000 5.000000 1.000000 1.000000 1.000000 3.000000 0.829929 0.005830 577396.000000
1.000000 1.000000 0.000000 0.000000 0.000000 9.000000 0.828647 0.005505 528156.000000
3.000000 3.000000 0.000000 0.000000 0.000000 7.000000 0.833165 0.010745 656952.000000
4.000000 5.000000 1.000000 2.000000 0.000000 5.000000 0.831600 0.005400 651001.000000
4.000000 5.000000 1.000000 2.000000 1.000000 4.000000 0.829826 0.007640 578533.000000
3.000000 4.000000 1.000000 1.000000 0.000000 1.000000 0.822084 0.010015 693774.000000
2.000000 3.000000 0.000000 0.000000 0.000000 6.000000 0.819524 0.003610 532872.000000
1.000000 4.000000 0.000000 1.000000 0.000000 4.000000 0.827430 0.004425 637806.000000
3.000000 1.000000 1.000000 1.000000 0.000000 1.000000 0.822084 0.009930 660952.000000
1.000000 5.000000 0.000000 2.000000 1.000000 5.000000 0.838235 0.006930 358084.000000
2.000000 1.000000 1.000000 2.000000 1.000000 0.000000 0.832455 0.005615 552591.000000
4.000000 0.000000 0.000000 0.000000 1.000000 5.000000 0.838235 0.007355 471738.000000
1.000000 1.000000 1.000000 2.000000 0.000000 4.000000 0.827948 0.004975 752808.000000
1.000000 4.000000 1.000000 2.000000 1.000000 4.000000 0.829762 0.007180 616639.000000
2.000000 5.000000 1.000000 0.000000 1.000000 2.000000 0.772402 0.005985 384798.000000
1.000000 2.000000 0.000000 2.000000 1.000000 5.000000 0.838235 0.006485 386613.000000
1.000000 0.000000 1.000000 0.000000 0.000000 4.000000 0.827361 0.005800 857229.000000
3.000000 4.000000 0.000000 2.000000 1.000000 4.000000 0.829791 0.011750 513481.000000
3.000000 0.000000 0.000000 2.000000 1.000000 0.000000 0.828821 0.011950 571714.000000
4.000000 1.000000 1.000000 1.000000 0.000000 4.000000 0.827034 0.005050 750675.000000
4.000000 2.000000 0.000000 0.000000 1.000000 3.000000 0.829895 0.006640 483226.000000
3.000000 1.000000 1.000000 0.000000 1.000000 0.000000 0.831763 0.012450 584985.000000
0.000000 3.000000 1.000000 2.000000 1.000000 6.000000 0.670508 0.005790 495968.000000
1.000000 0.000000 1.000000 1.000000 1.000000 1.000000 0.822188 0.006655 566514.000000
3.000000 0.000000 1.000000 1.000000 1.000000 9.000000 0.834365 0.012450 617256.000000
3.000000 4.000000 1.000000 2.000000 0.000000 5.000000 0.839868 0.010505 701029.000000
1.000000 5.000000 0.000000 2.000000 1.000000 0.000000 0.838458 0.007045 445604.000000
2.000000 4.000000 0.000000 1.000000 0.000000 4.000000 0.828822 0.003135 628560.000000
3.000000 0.000000 1.000000 2.000000 0.000000 7.000000 0.834939 0.011000 861191.000000
2.000000 5.000000 0.000000 2.000000 0.000000 2.000000 0.773139 0.003030 419963.000000
1.000000 0.000000 0.000000 2.000000 1.000000 2.000000 0.774350 0.006330 372706.000000
0.000000 2.000000 1.000000 2.000000 1.000000 8.000000 0.675007 0.004865 428627.000000
2.000000 0.000000 0.000000 1.000000 0.000000 9.000000 0.832463 0.003925 608027.000000
0.000000 3.000000 0.000000 1.000000 1.000000 1.000000 0.670508 0.004445 343204.000000
1.000000 2.000000 0.000000 1.000000 0.000000 1.000000 0.820361 0.004410 532609.000000
3.000000 4.000000 0.000000 1.000000 0.000000 1.000000 0.822084 0.009395 550855.000000
0.000000 5.000000 1.000000 2.000000 0.000000 4.000000 0.676030 0.002955 726922.000000
0.000000 2.000000 1.000000 0.000000 1.000000 3.000000 0.676030 0.005140 597186.000000
0.000000 4.000000 0.000000 0.000000 0.000000 3.000000 0.676412 0.002900 621205.000000
4.000000 2.000000 0.000000 2.000000 0.000000 5.000000 0.830278 0.004815 540628.000000
4.000000 5.000000 0.000000 1.000000 1.000000 9.000000 0.835574 0.007260 372812.000000
1.000000 3.000000 0.000000 1.000000 1.000000 8.000000 0.825326 0.007055 333044.000000
2.000000 5.000000 0.000000 1.000000 1.000000 8.000000 0.821159 0.005660 290487.000000
0.000000 1.000000 0.000000 2.000000 1.000000 0.000000 0.680313 0.004360 412990.000000
1.000000 1.000000 0.000000 0.000000 1.000000 4.000000 0.829171 0.007190 453701.000000
1.000000 4.000000 0.000000 1.000000 0.000000 1.000000 0.820361 0.004405 532609.000000
1.000000 2.000000 1.000000 1.000000 0.000000 1.000000 0.820361 0.005035 675560.000000
4.000000 0.000000 0.000000 0.000000 1.000000 2.000000 0.774350 0.006890 379521.000000
0.000000 2.000000 1.000000 0.000000 1.000000 4.000000 0.676030 0.005825 602993.000000
2.000000 5.000000 1.000000 2.000000 1.000000 4.000000 0.827640 0.006275 567666.000000
4.000000 2.000000 0.000000 0.000000 0.000000 0.000000 0.831048 0.005465 634094.000000
3.000000 2.000000 0.000000 1.000000 1.000000 6.000000 0.822084 0.011650 390285.000000
0.000000 3.000000 0.000000 1.000000 0.000000 7.000000 0.680501 0.003045 602076.000000
4.000000 3.000000 1.000000 0.000000 0.000000 2.000000 0.772845 0.005675 613040.000000
0.000000 0.000000 0.000000 2.000000 0.000000 4.000000 0.676412 0.002650 682387.000000
3.000000 5.000000 0.000000 0.000000 0.000000 8.000000 0.824522 0.010445 490063.000000
4.000000 4.000000 0.000000 2.000000 1.000000 3.000000 0.829895 0.006150 490882.000000
0.000000 5.000000 0.000000 2.000000 0.000000 8.000000 0.675007 0.002750 441256.000000
3.000000 0.000000 1.000000 1.000000 0.000000 3.000000 0.829722 0.010230 865747.000000
1.000000 5.000000 1.000000 2.000000 0.000000 3.000000 0.828684 0.004985 752808.000000
3.000000 5.000000 1.000000 1.000000 0.000000 6.000000 0.815884 0.009925 660952.000000
0.000000 2.000000 0.000000 1.000000 0.000000 8.000000 0.675007 0.002860 469242.000000
3.000000 1.000000 0.000000 0.000000 0.000000 1.000000 0.822084 0.009905 527315.000000
0.000000 2.000000 0.000000 0.000000 0.000000 6.000000 0.670508 0.002885 516191.000000
0.000000 3.000000 0.000000 1.000000 0.000000 9.000000 0.676496 0.002995 524990.000000
2.000000 0.000000 1.000000 2.000000 1.000000 8.000000 0.828762 0.005885 523448.000000
0.000000 4.000000 0.000000 1.000000 0.000000 5.000000 0.679208 0.002705 507506.000000
1.000000 2.000000 1.000000 2.000000 1.000000 1.000000 0.822188 0.006375 492933.000000
0.000000 2.000000 0.000000 0.000000 0.000000 8.000000 0.675007 0.003370 478665.000000
1.000000 4.000000 0.000000 2.000000 0.000000 8.000000 0.824961 0.004920 500572.000000
1.000000 3.000000 0.000000 1.000000 0.000000 0.000000 0.835497 0.004865 622197.000000
3.000000 0.000000 1.000000 0.000000 0.000000 1.000000 0.822084 0.010525 770552.000000
3.000000 3.000000 0.000000 0.000000 1.000000 5.000000 0.828016 0.012700 414998.000000
3.000000 5.000000 1.000000 2.000000 1.000000 7.000000 0.833411 0.012750 591846.000000
0.000000 4.000000 1.000000 2.000000 1.000000 5.000000 0.677847 0.004855 493133.000000
1.000000 5.000000 1.000000 1.000000 1.000000 0.000000 0.833816 0.007450 563259.000000
1.000000 2.000000 1.000000 0.000000 0.000000 3.000000 0.827361 0.005605 791554.000000
4.000000 4.000000 0.000000 0.000000 0.000000 0.000000 0.831048 0.005465 634094.000000
0.000000 1.000000 0.000000 1.000000 1.000000 9.000000 0.676496 0.004525 338123.000000
3.000000 4.000000 0.000000 0.000000 0.000000 1.000000 0.822084 0.009990 560199.000000
1.000000 1.000000 1.000000 0.000000 0.000000 2.000000 0.772845 0.005520 578178.000000
2.000000 0.000000 1.000000 0.000000 0.000000 3.000000 0.828753 0.004500 848482.000000
2.000000 3.000000 0.000000 1.000000 1.000000 9.000000 0.832498 0.005975 394329.000000
1.000000 1.000000 1.000000 1.000000 0.000000 0.000000 0.833943 0.005460 732571.000000
1.000000 4.000000 1.000000 0.000000 0.000000 2.000000 0.772845 0.005610 611265.000000
0.000000 3.000000 0.000000 0.000000 1.000000 6.000000 0.670508 0.005650 357070.000000
1.000000 2.000000 0.000000 1.000000 1.000000 3.000000 0.829831 0.006015 470278.000000
4.000000 5.000000 0.000000 2.000000 1.000000 0.000000 0.838220 0.007110 447900.000000
1.000000 0.000000 1.000000 1.000000 0.000000 3.000000 0.827361 0.005270 847563.000000
4.000000 4.000000 1.000000 2.000000 0.000000 1.000000 0.820361 0.005105 682454.000000
2.000000 3.000000 1.000000 1.000000 0.000000 0.000000 0.000000 0.004255 756185.000000
2.000000 5.000000 0.000000 1.000000 0.000000 7.000000 0.000000 0.002870 585956.000000
1.000000 0.000000 1.000000 1.000000 1.000000 8.000000 0.827329 0.007150 528750.000000
2.000000 0.000000 1.000000 2.000000 0.000000 2.000000 0.773004 0.003970 661968.000000
2.000000 5.000000 1.000000 2.000000 0.000000 8.000000 0.826610 0.004180 600625.000000
4.000000 5.000000 0.000000 0.000000 1.000000 7.000000 0.830179 0.007860 458890.000000
0.000000 1.000000 0.000000 0.000000 0.000000 8.000000 0.675007 0.003260 445712.000000
3.000000 0.000000 1.000000 0.000000 1.000000 0.000000 0.834803 0.012800 696292.000000
1.000000 1.000000 1.000000 2.000000 0.000000 1.000000 0.820361 0.004960 647331.000000
2.000000 2.000000 1.000000 2.000000 0.000000 4.000000 0.828753 0.003800 777132.000000
3.000000 3.000000 0.000000 2.000000 1.000000 2.000000 0.774247 0.011700 320211.000000
3.000000 4.000000 0.000000 2.000000 1.000000 6.000000 0.822084 0.011750 407125.000000
1.000000 2.000000 0.000000 2.000000 1.000000 9.000000 0.832645 0.006755 403759.000000
1.000000 0.000000 0.000000 1.000000 1.000000 9.000000 0.832645 0.006985 476131.000000
3.000000 4.000000 1.000000 0.000000 0.000000 1.000000 0.822084 0.010630 704545.000000
0.000000 1.000000 1.000000 0.000000 0.000000 2.000000 0.643984 0.003410 551954.000000
0.000000 1.000000 0.000000 1.000000 1.000000 3.000000 0.676412 0.003815 409477.000000
4.000000 1.000000 1.000000 0.000000 1.000000 9.000000 0.832442 0.007530 497812.000000
3.000000 5.000000 1.000000 0.000000 0.000000 7.000000 0.835256 0.011350 766654.000000
4.000000 0.000000 0.000000 1.000000 1.000000 4.000000 0.829895 0.007025 557362.000000
3.000000 0.000000 0.000000 2.000000 1.000000 3.000000 0.829791 0.011200 572858.000000
0.000000 2.000000 1.000000 0.000000 0.000000 4.000000 0.676030 0.003550 765176.000000
4.000000 3.000000 0.000000 0.000000 0.000000 6.000000 0.820361 0.004980 544182.000000
2.000000 1.000000 1.000000 2.000000 0.000000 3.000000 0.828563 0.003720 744284.000000
2.000000 4.000000 0.000000 0.000000 0.000000 6.000000 0.819524 0.003610 532872.000000
4.000000 2.000000 1.000000 0.000000 1.000000 0.000000 0.838984 0.007455 602657.000000
0.000000 5.000000 1.000000 0.000000 1.000000 4.000000 0.676005 0.006240 574690.000000
4.000000 3.000000 0.000000 2.000000 0.000000 7.000000 0.836991 0.005150 634843.000000
3.000000 5.000000 1.000000 1.000000 0.000000 5.000000 0.839868 0.010400 663237.000000
2.000000 4.000000 1.000000 0.000000 1.000000 2.000000 0.772540 0.005630 425519.000000
3.000000 4.000000 1.000000 0.000000 1.000000 3.000000 0.829722 0.011950 633653.000000
3.000000 5.000000 1.000000 1.000000 0.000000 9.000000 0.825806 0.010685 679462.000000
0.000000 2.000000 0.000000 2.000000 0.000000 4.000000 0.676412 0.002410 616484.000000
3.000000 5.000000 1.000000 1.000000 0.000000 2.000000 0.773251 0.010075 586661.000000
2.000000 5.000000 1.000000 2.000000 1.000000 2.000000 0.772868 0.005560 380417.000000
2.000000 5.000000 0.000000 0.000000 0.000000 1.000000 0.820551 0.003515 499202.000000
0.000000 5.000000 1.000000 0.000000 0.000000 7.000000 0.680475 0.004110 721858.000000
0.000000 2.000000 0.000000 2.000000 0.000000 8.000000 0.675007 0.002865 474584.000000
2.000000 5.000000 0.000000 0.000000 1.000000 8.000000 0.826557 0.006230 300823.000000
4.000000 5.000000 1.000000 0.000000 0.000000 5.000000 0.825678 0.005965 656241.000000
4.000000 5.000000 1.000000 2.000000 0.000000 1.000000 0.820223 0.005010 649197.000000
4.000000 2.000000 1.000000 1.000000 0.000000 1.000000 0.820361 0.005085 677629.000000
3.000000 0.000000 0.000000 1.000000 1.000000 0.000000 0.828821 0.011900 566351.000000
3.000000 2.000000 1.000000 2.000000 1.000000 9.000000 0.834365 0.012250 543676.000000
4.000000 5.000000 0.000000 1.000000 1.000000 8.000000 0.825326 0.007020 301953.000000
0.000000 0.000000 1.000000 2.000000 1.000000 0.000000 0.680191 0.005185 646131.000000
2.000000 3.000000 1.000000 1.000000 0.000000 5.000000 0.838144 0.004135 668262.000000
2.000000 3.000000 0.000000 0.000000 1.000000 0.000000 0.000000 0.000000 474396.000000
0.000000 3.000000 1.000000 2.000000 0.000000 4.000000 0.676030 0.003075 760165.000000
0.000000 5.000000 0.000000 0.000000 1.000000 5.000000 0.679208 0.005305 334162.000000
4.000000 5.000000 0.000000 2.000000 0.000000 8.000000 0.822302 0.004895 469250.000000
1.000000 3.000000 1.000000 2.000000 0.000000 9.000000 0.822870 0.005730 699058.000000
1.000000 2.000000 1.000000 1.000000 1.000000 1.000000 0.822188 0.006365 488677.000000
0.000000 1.000000 1.000000 1.000000 0.000000 2.000000 0.643984 0.002875 541639.000000
4.000000 4.000000 0.000000 0.000000 1.000000 8.000000 0.825326 0.007220 352939.000000
2.000000 1.000000 0.000000 2.000000 1.000000 4.000000 0.829999 0.005360 439295.000000
1.000000 1.000000 1.000000 2.000000 1.000000 7.000000 0.833948 0.007130 567920.000000
3.000000 2.000000 1.000000 1.000000 1.000000 0.000000 0.834803 0.012050 609370.000000
4.000000 5.000000 0.000000 2.000000 1.000000 7.000000 0.833130 0.007295 454526.000000
3.000000 5.000000 0.000000 0.000000 0.000000 7.000000 0.832429 0.010640 623279.000000
1.000000 4.000000 1.000000 1.000000 1.000000 8.000000 0.827329 0.006970 462749.000000
3.000000 3.000000 1.000000 1.000000 1.000000 2.000000 0.774247 0.012050 436998.000000
4.000000 0.000000 0.000000 1.000000 1.000000 9.000000 0.832645 0.007045 479653.000000
2.000000 1.000000 0.000000 0.000000 1.000000 4.000000 0.829895 0.005895 444247.000000
2.000000 5.000000 0.000000 2.000000 0.000000 3.000000 0.828356 0.003055 600668.000000
2.000000 3.000000 0.000000 2.000000 1.000000 4.000000 0.830126 0.005985 477679.000000
4.000000 1.000000 1.000000 0.000000 1.000000 4.000000 0.829826 0.007540 577628.000000
2.000000 0.000000 1.000000 2.000000 1.000000 5.000000 0.835848 0.005825 575421.000000
4.000000 5.000000 1.000000 1.000000 1.000000 9.000000 0.824928 0.007665 494657.000000
3.000000 4.000000 0.000000 2.000000 1.000000 8.000000 0.830600 0.011650 364736.000000
0.000000 4.000000 1.000000 0.000000 0.000000 1.000000 0.670508 0.003520 659304.000000
3.000000 2.000000 1.000000 1.000000 1.000000 9.000000 0.834365 0.012150 538960.000000
3.000000 1.000000 0.000000 1.000000 0.000000 3.000000 0.829791 0.009290 623436.000000
2.000000 1.000000 0.000000 0.000000 0.000000 7.000000 0.834792 0.004230 595097.000000
2.000000 5.000000 1.000000 2.000000 0.000000 6.000000 0.819033 0.003675 637938.000000
2.000000 3.000000 1.000000 0.000000 0.000000 7.000000 0.833650 0.004985 772215.000000
1.000000 1.000000 0.000000 1.000000 0.000000 2.000000 0.774396 0.004335 424296.000000
1.000000 3.000000 1.000000 2.000000 0.000000 7.000000 0.835685 0.005580 776859.000000
0.000000 2.000000 1.000000 2.000000 0.000000 9.000000 0.676470 0.003685 673612.000000
2.000000 3.000000 1.000000 2.000000 1.000000 9.000000 0.831166 0.006130 520306.000000
3.000000 1.000000 0.000000 2.000000 0.000000 0.000000 0.838703 0.009830 611886.000000
4.000000 5.000000 1.000000 2.000000 0.000000 7.000000 0.835685 0.005705 744579.000000
3.000000 5.000000 0.000000 0.000000 0.000000 2.000000 0.774110 2.460000 452560.000000
3.000000 4.000000 0.000000 0.000000 1.000000 5.000000 0.828016 0.012250 422261.000000
4.000000 0.000000 0.000000 1.000000 1.000000 5.000000 0.838235 0.006650 461937.000000
2.000000 3.000000 1.000000 1.000000 0.000000 7.000000 0.833650 0.004450 762279.000000
2.000000 4.000000 1.000000 1.000000 1.000000 3.000000 0.830057 0.005205 596899.000000
1.000000 2.000000 1.000000 1.000000 0.000000 7.000000 0.835685 0.005770 772140.000000
2.000000 5.000000 1.000000 1.000000 0.000000 2.000000 0.773459 0.003465 540266.000000
2.000000 2.000000 1.000000 0.000000 1.000000 4.000000 0.830057 0.006275 600247.000000
4.000000 4.000000 1.000000 2.000000 1.000000 0.000000 0.838984 0.007120 610208.000000
0.000000 5.000000 0.000000 1.000000 1.000000 1.000000 0.670355 0.004320 309668.000000
2.000000 2.000000 0.000000 0.000000 1.000000 0.000000 0.838521 0.005820 469690.000000
1.000000 2.000000 1.000000 1.000000 0.000000 0.000000 0.833053 0.005555 765958.000000
4.000000 3.000000 1.000000 2.000000 0.000000 9.000000 0.822870 0.005760 700669.000000
1.000000 1.000000 0.000000 1.000000 0.000000 5.000000 0.832673 0.004670 500231.000000
1.000000 1.000000 1.000000 1.000000 1.000000 7.000000 0.834405 0.007080 563788.000000
0.000000 1.000000 0.000000 0.000000 1.000000 3.000000 0.676412 0.000000 419691.000000
3.000000 1.000000 0.000000 2.000000 1.000000 2.000000 0.775005 0.011050 280290.000000
0.000000 1.000000 0.000000 2.000000 1.000000 7.000000 0.680501 0.004590 419695.000000
4.000000 0.000000 1.000000 0.000000 1.000000 0.000000 0.838984 0.007715 680406.000000
4.000000 1.000000 1.000000 1.000000 0.000000 8.000000 0.825442 0.005525 607406.000000
0.000000 1.000000 0.000000 1.000000 1.000000 0.000000 0.680498 0.004355 407932.000000
2.000000 2.000000 0.000000 1.000000 1.000000 2.000000 0.772540 0.004710 280799.000000
2.000000 3.000000 0.000000 2.000000 1.000000 8.000000 0.825309 0.005765 329136.000000
4.000000 2.000000 1.000000 0.000000 1.000000 5.000000 0.839903 0.007380 514089.000000
4.000000 3.000000 1.000000 1.000000 1.000000 2.000000 0.774350 0.007025 420573.000000
1.000000 4.000000 0.000000 1.000000 0.000000 6.000000 0.820361 0.004405 532609.000000
1.000000 1.000000 0.000000 2.000000 1.000000 1.000000 0.821500 0.005915 335981.000000
0.000000 4.000000 0.000000 2.000000 1.000000 2.000000 0.644086 0.003980 280539.000000
1.000000 5.000000 1.000000 1.000000 1.000000 5.000000 0.824767 0.007345 475369.000000
3.000000 2.000000 0.000000 1.000000 1.000000 8.000000 0.830600 0.011550 346661.000000
1.000000 5.000000 0.000000 1.000000 0.000000 8.000000 0.823445 0.004805 461888.000000
4.000000 1.000000 0.000000 0.000000 0.000000 4.000000 0.828615 0.004925 616782.000000
2.000000 3.000000 0.000000 0.000000 0.000000 0.000000 0.830616 0.004115 622892.000000
3.000000 2.000000 0.000000 2.000000 0.000000 6.000000 0.822084 0.009400 555534.000000
3.000000 2.000000 0.000000 2.000000 1.000000 6.000000 0.822084 0.011700 395025.000000
1.000000 2.000000 1.000000 2.000000 0.000000 7.000000 0.835685 0.005785 776859.000000
4.000000 4.000000 0.000000 0.000000 1.000000 6.000000 0.822188 0.007340 394967.000000
2.000000 0.000000 1.000000 2.000000 1.000000 7.000000 0.836048 0.006100 670274.000000
4.000000 4.000000 0.000000 2.000000 1.000000 9.000000 0.832645 0.006875 419205.000000
3.000000 1.000000 0.000000 0.000000 0.000000 9.000000 0.832469 0.010610 546252.000000
1.000000 4.000000 0.000000 1.000000 1.000000 2.000000 0.774350 0.006090 302561.000000
4.000000 1.000000 1.000000 2.000000 0.000000 5.000000 0.830341 0.005400 651001.000000
1.000000 2.000000 1.000000 0.000000 0.000000 7.000000 0.835685 0.006305 781136.000000
2.000000 2.000000 1.000000 2.000000 1.000000 7.000000 0.836048 0.005915 592293.000000
2.000000 4.000000 1.000000 0.000000 1.000000 9.000000 0.831166 0.006340 532532.000000
4.000000 5.000000 0.000000 1.000000 0.000000 8.000000 0.824961 0.004860 464349.000000
0.000000 4.000000 1.000000 1.000000 1.000000 0.000000 0.680191 0.004960 577124.000000
2.000000 4.000000 0.000000 1.000000 1.000000 3.000000 0.830126 0.004800 474183.000000
1.000000 5.000000 0.000000 0.000000 0.000000 4.000000 0.827085 0.004865 614596.000000
0.000000 1.000000 1.000000 1.000000 0.000000 3.000000 0.676030 0.002935 722093.000000
4.000000 4.000000 1.000000 1.000000 0.000000 7.000000 0.835685 0.005795 773575.000000
2.000000 3.000000 1.000000 1.000000 1.000000 6.000000 0.822475 0.006295 489976.000000
3.000000 2.000000 0.000000 1.000000 1.000000 9.000000 0.834310 0.011800 417273.000000
1.000000 5.000000 1.000000 2.000000 1.000000 6.000000 0.815915 0.007540 470043.000000
0.000000 5.000000 1.000000 0.000000 1.000000 9.000000 0.676470 0.005925 473366.000000
2.000000 1.000000 0.000000 2.000000 1.000000 5.000000 0.830292 0.005080 343340.000000
2.000000 1.000000 1.000000 0.000000 1.000000 2.000000 0.772540 0.005455 379953.000000
3.000000 0.000000 0.000000 2.000000 0.000000 7.000000 0.833165 0.010295 717746.000000
2.000000 4.000000 0.000000 0.000000 1.000000 5.000000 0.830257 0.005785 394527.000000
3.000000 2.000000 0.000000 1.000000 0.000000 3.000000 0.829791 0.000000 656565.000000
1.000000 4.000000 0.000000 1.000000 0.000000 2.000000 0.772845 0.004340 453822.000000
0.000000 3.000000 1.000000 1.000000 1.000000 5.000000 0.677847 2.585000 481006.000000
1.000000 2.000000 0.000000 1.000000 1.000000 1.000000 0.822188 0.005990 364146.000000
2.000000 3.000000 0.000000 2.000000 0.000000 9.000000 0.832463 0.003755 546705.000000
4.000000 4.000000 1.000000 2.000000 0.000000 3.000000 0.827361 0.004940 769153.000000
3.000000 5.000000 0.000000 1.000000 0.000000 7.000000 0.833165 0.009930 608317.000000
4.000000 0.000000 0.000000 2.000000 1.000000 4.000000 0.829895 0.007055 562981.000000
2.000000 5.000000 1.000000 1.000000 1.000000 2.000000 0.680346 0.002925 568671.000000
2.000000 4.000000 0.000000 2.000000 0.000000 7.000000 0.828821 0.011700 500005.000000
2.000000 2.000000 0.000000 1.000000 0.000000 7.000000 0.820361 0.004980 544182.000000
4.000000 0.000000 1.000000 1.000000 0.000000 6.000000 0.822084 0.010950 382738.000000
1.000000 4.000000 0.000000 0.000000 1.000000 1.000000 0.822188 0.006600 386861.000000
2.000000 1.000000 1.000000 1.000000 0.000000 9.000000 0.825020 0.004330 651973.000000
1.000000 2.000000 1.000000 0.000000 1.000000 1.000000 0.822188 0.006835 497046.000000
1.000000 3.000000 0.000000 0.000000 0.000000 2.000000 0.772845 0.004965 467321.000000
2.000000 2.000000 1.000000 0.000000 1.000000 2.000000 0.772540 0.005525 413066.000000
4.000000 0.000000 1.000000 1.000000 1.000000 0.000000 0.838984 0.007280 671166.000000
4.000000 1.000000 0.000000 2.000000 1.000000 1.000000 0.822050 0.005950 338010.000000
0.000000 2.000000 1.000000 0.000000 1.000000 9.000000 0.676470 0.005510 501971.000000
2.000000 0.000000 0.000000 0.000000 0.000000 3.000000 0.828822 0.003635 699425.000000
3.000000 1.000000 0.000000 1.000000 0.000000 4.000000 0.830310 0.009300 623436.000000
1.000000 4.000000 1.000000 0.000000 0.000000 9.000000 0.822870 0.005970 684471.000000
1.000000 1.000000 1.000000 0.000000 0.000000 1.000000 0.820361 0.005195 632571.000000
1.000000 5.000000 1.000000 2.000000 0.000000 7.000000 0.832947 0.005660 742961.000000
2.000000 4.000000 1.000000 1.000000 0.000000 0.000000 0.838144 0.004255 756185.000000
4.000000 2.000000 0.000000 1.000000 1.000000 4.000000 0.829895 0.006775 479224.000000
0.000000 0.000000 0.000000 1.000000 1.000000 2.000000 0.644086 0.004200 340550.000000
3.000000 1.000000 0.000000 0.000000 0.000000 0.000000 0.837788 0.010430 616424.000000
1.000000 1.000000 0.000000 0.000000 1.000000 3.000000 0.829757 0.006510 447116.000000
3.000000 2.000000 0.000000 1.000000 0.000000 0.000000 0.838703 0.000000 635365.000000
4.000000 1.000000 1.000000 2.000000 0.000000 7.000000 0.832996 0.005710 744579.000000
0.000000 4.000000 0.000000 2.000000 0.000000 9.000000 0.676496 0.081590 529965.000000
4.000000 4.000000 1.000000 1.000000 0.000000 5.000000 0.831600 0.764000 678838.000000
1.000000 1.000000 0.000000 1.000000 0.000000 0.000000 0.838677 0.741000 588620.000000
4.000000 4.000000 1.000000 2.000000 0.000000 5.000000 0.831600 0.005510 684049.000000
1.000000 5.000000 0.000000 1.000000 1.000000 7.000000 0.830635 0.007235 447251.000000
4.000000 0.000000 0.000000 0.000000 0.000000 8.000000 0.824961 0.005675 573456.000000
4.000000 0.000000 0.000000 1.000000 0.000000 1.000000 0.820361 0.004530 596285.000000
2.000000 0.000000 0.000000 2.000000 0.000000 1.000000 0.819524 0.394000 593898.000000
2.000000 2.000000 1.000000 2.000000 0.000000 7.000000 0.833650 0.004450 767094.000000
1.000000 0.000000 1.000000 0.000000 1.000000 3.000000 0.829762 0.007140 681451.000000
1.000000 3.000000 0.000000 0.000000 0.000000 6.000000 0.820361 0.004930 542287.000000
3.000000 5.000000 0.000000 1.000000 0.000000 1.000000 0.817017 0.009310 517901.000000
2.000000 0.000000 1.000000 1.000000 1.000000 5.000000 0.835848 0.005810 572426.000000
3.000000 2.000000 0.000000 1.000000 0.000000 6.000000 0.822084 0.009395 550855.000000
2.000000 3.000000 1.000000 0.000000 0.000000 2.000000 0.773004 0.004290 602038.000000
0.000000 0.000000 1.000000 0.000000 0.000000 6.000000 0.670508 0.003750 725164.000000
4.000000 0.000000 1.000000 1.000000 0.000000 4.000000 0.827361 0.005305 849502.000000
1.000000 0.000000 1.000000 1.000000 0.000000 8.000000 0.826303 0.005775 705344.000000
1.000000 4.000000 0.000000 0.000000 0.000000 9.000000 0.826682 0.005615 561147.000000
3.000000 1.000000 1.000000 2.000000 1.000000 3.000000 0.828655 0.011300 583640.000000
2.000000 3.000000 1.000000 1.000000 0.000000 4.000000 0.828753 0.003780 771821.000000
4.000000 4.000000 0.000000 2.000000 1.000000 1.000000 0.822188 0.006110 383855.000000
4.000000 5.000000 0.000000 0.000000 1.000000 2.000000 0.774350 3.117000 273224.000000
4.000000 4.000000 1.000000 0.000000 1.000000 3.000000 0.829826 0.006990 617371.000000
0.000000 4.000000 1.000000 1.000000 0.000000 3.000000 0.676030 0.002850 737495.000000
0.000000 4.000000 1.000000 0.000000 1.000000 3.000000 0.676030 0.005460 608903.000000
1.000000 4.000000 1.000000 2.000000 1.000000 3.000000 0.829762 0.006510 610735.000000
2.000000 2.000000 0.000000 1.000000 1.000000 0.000000 0.838521 0.005280 459953.000000
1.000000 2.000000 1.000000 1.000000 0.000000 8.000000 0.826303 0.005560 638625.000000
2.000000 5.000000 1.000000 1.000000 1.000000 1.000000 0.822475 0.005780 469703.000000
4.000000 5.000000 0.000000 2.000000 1.000000 2.000000 0.774902 0.006540 269103.000000
4.000000 2.000000 1.000000 0.000000 0.000000 8.000000 0.826303 0.006155 650906.000000
4.000000 1.000000 0.000000 2.000000 0.000000 2.000000 0.774167 0.004405 431192.000000
1.000000 4.000000 0.000000 2.000000 0.000000 7.000000 0.836991 0.005100 632920.000000
4.000000 5.000000 1.000000 0.000000 1.000000 7.000000 0.833182 0.008135 580112.000000
2.000000 0.000000 1.000000 0.000000 1.000000 7.000000 0.836048 0.006525 674943.000000
4.000000 0.000000 1.000000 2.000000 0.000000 7.000000 0.835685 0.006000 844184.000000
0.000000 4.000000 1.000000 1.000000 1.000000 1.000000 0.670508 0.004605 493003.000000
4.000000 2.000000 1.000000 0.000000 1.000000 6.000000 0.822188 0.007595 505570.000000
2.000000 2.000000 0.000000 1.000000 1.000000 3.000000 0.830126 0.004740 461035.000000
1.000000 3.000000 0.000000 2.000000 0.000000 2.000000 0.772845 0.004450 462935.000000
0.000000 0.000000 1.000000 0.000000 1.000000 7.000000 0.680475 0.005840 656857.000000
4.000000 3.000000 1.000000 2.000000 1.000000 8.000000 0.827329 0.007545 462543.000000
0.000000 0.000000 0.000000 0.000000 0.000000 5.000000 0.679208 0.003485 583243.000000
4.000000 5.000000 1.000000 1.000000 1.000000 2.000000 0.774350 0.006940 387591.000000
0.000000 2.000000 1.000000 1.000000 0.000000 3.000000 0.676030 0.003050 755448.000000
4.000000 3.000000 1.000000 0.000000 0.000000 5.000000 0.831600 0.006035 689373.000000
4.000000 2.000000 1.000000 0.000000 0.000000 2.000000 0.772845 0.005675 613040.000000
0.000000 0.000000 1.000000 2.000000 0.000000 7.000000 0.680475 0.003955 815949.000000
3.000000 3.000000 1.000000 0.000000 1.000000 4.000000 0.829722 0.013150 632557.000000
4.000000 0.000000 1.000000 1.000000 1.000000 2.000000 0.774350 0.006720 494053.000000
1.000000 0.000000 1.000000 2.000000 0.000000 7.000000 0.835685 0.005935 842082.000000
1.000000 1.000000 1.000000 1.000000 0.000000 9.000000 0.824340 0.005615 661308.000000
1.000000 4.000000 0.000000 0.000000 1.000000 9.000000 0.832645 0.007390 420577.000000
3.000000 0.000000 1.000000 2.000000 1.000000 4.000000 0.829722 0.012350 701010.000000
2.000000 0.000000 1.000000 1.000000 1.000000 0.000000 0.835848 0.005900 660391.000000
0.000000 2.000000 1.000000 0.000000 0.000000 1.000000 0.670508 0.003520 659304.000000
2.000000 4.000000 1.000000 0.000000 1.000000 4.000000 0.830057 0.006330 612162.000000
0.000000 1.000000 1.000000 1.000000 0.000000 1.000000 0.670508 0.002880 616445.000000
4.000000 3.000000 1.000000 0.000000 1.000000 4.000000 0.829826 0.008170 615692.000000
4.000000 5.000000 0.000000 0.000000 1.000000 3.000000 0.829895 0.007075 454976.000000
2.000000 0.000000 0.000000 1.000000 1.000000 6.000000 0.822475 0.005645 439628.000000
2.000000 3.000000 1.000000 2.000000 1.000000 8.000000 0.828762 0.006180 451184.000000
0.000000 5.000000 0.000000 0.000000 1.000000 8.000000 0.675007 0.005360 281937.000000
4.000000 1.000000 1.000000 0.000000 0.000000 0.000000 0.832420 0.006040 743519.000000
3.000000 4.000000 1.000000 1.000000 0.000000 7.000000 0.834939 0.010850 790537.000000
2.000000 2.000000 1.000000 2.000000 0.000000 5.000000 0.838144 0.004155 673363.000000
0.000000 4.000000 1.000000 0.000000 0.000000 8.000000 0.675007 0.004050 622941.000000
1.000000 5.000000 0.000000 1.000000 1.000000 9.000000 0.825343 0.007195 370824.000000
3.000000 4.000000 1.000000 1.000000 0.000000 0.000000 0.838949 0.010560 783560.000000
0.000000 0.000000 0.000000 0.000000 0.000000 3.000000 0.676412 0.003140 687170.000000
2.000000 3.000000 1.000000 2.000000 1.000000 6.000000 0.822475 0.006325 494300.000000
2.000000 3.000000 0.000000 0.000000 0.000000 2.000000 0.773004 0.003640 458233.000000
2.000000 2.000000 1.000000 1.000000 1.000000 2.000000 0.772540 0.005355 423609.000000
2.000000 0.000000 1.000000 0.000000 1.000000 3.000000 0.830057 0.005830 671988.000000
1.000000 3.000000 0.000000 1.000000 1.000000 0.000000 0.838808 0.007135 474671.000000
3.000000 5.000000 0.000000 2.000000 0.000000 6.000000 0.822463 0.009315 522967.000000
3.000000 1.000000 1.000000 0.000000 1.000000 2.000000 0.774247 0.012000 408258.000000
2.000000 0.000000 0.000000 0.000000 1.000000 6.000000 0.822475 0.006205 449169.000000
1.000000 2.000000 0.000000 0.000000 1.000000 9.000000 0.832645 0.007305 408670.000000
3.000000 2.000000 0.000000 2.000000 0.000000 7.000000 0.833165 0.010130 651994.000000
0.000000 1.000000 1.000000 0.000000 0.000000 6.000000 0.670508 0.003385 626406.000000
1.000000 1.000000 0.000000 0.000000 0.000000 1.000000 0.820361 0.004825 508907.000000
3.000000 4.000000 0.000000 1.000000 1.000000 1.000000 0.822084 0.011000 395794.000000
1.000000 1.000000 1.000000 0.000000 1.000000 3.000000 0.829826 0.006800 569428.000000
3.000000 1.000000 0.000000 2.000000 1.000000 5.000000 0.828016 2.424550 371084.000000
3.000000 0.000000 1.000000 2.000000 0.000000 6.000000 0.822084 0.010240 765362.000000
1.000000 0.000000 1.000000 1.000000 0.000000 4.000000 0.827361 0.005270 847563.000000
0.000000 3.000000 0.000000 1.000000 1.000000 3.000000 0.676412 0.004485 448762.000000
1.000000 1.000000 1.000000 0.000000 1.000000 1.000000 0.816864 0.006760 464244.000000
0.000000 1.000000 1.000000 1.000000 0.000000 4.000000 0.676030 0.002935 722093.000000
3.000000 0.000000 1.000000 1.000000 1.000000 6.000000 0.822084 0.012350 590847.000000
3.000000 3.000000 0.000000 0.000000 1.000000 6.000000 0.822084 0.012800 405116.000000
1.000000 4.000000 0.000000 1.000000 1.000000 8.000000 0.825326 0.006615 341304.000000
3.000000 4.000000 1.000000 1.000000 1.000000 4.000000 0.829722 0.012150 630668.000000
0.000000 1.000000 1.000000 1.000000 1.000000 8.000000 0.675007 0.004945 410147.000000
1.000000 1.000000 0.000000 1.000000 1.000000 2.000000 0.774396 0.005920 256822.000000
4.000000 0.000000 1.000000 0.000000 1.000000 9.000000 0.825700 0.007880 609259.000000
4.000000 2.000000 1.000000 1.000000 0.000000 2.000000 0.772845 0.365505 603081.000000
3.000000 2.000000 1.000000 2.000000 0.000000 5.000000 0.839868 0.010505 701029.000000
3.000000 1.000000 0.000000 0.000000 1.000000 2.000000 0.775074 0.011450 279117.000000
4.000000 2.000000 0.000000 1.000000 0.000000 2.000000 0.772845 0.716000 459478.000000
0.000000 4.000000 0.000000 2.000000 1.000000 7.000000 0.680501 0.004755 465886.000000
3.000000 3.000000 1.000000 0.000000 1.000000 9.000000 0.834365 0.013250 552629.000000
4.000000 4.000000 0.000000 2.000000 0.000000 0.000000 0.831048 0.004930 629169.000000
2.000000 0.000000 1.000000 1.000000 1.000000 7.000000 0.836048 0.006090 665855.000000
2.000000 0.000000 1.000000 0.000000 1.000000 0.000000 0.835848 0.006345 669407.000000
2.000000 5.000000 1.000000 1.000000 1.000000 6.000000 0.821067 0.006205 456686.000000
0.000000 1.000000 1.000000 1.000000 0.000000 5.000000 0.679234 0.003250 617769.000000
4.000000 1.000000 0.000000 2.000000 1.000000 5.000000 0.838235 0.006430 354699.000000
0.000000 1.000000 0.000000 2.000000 1.000000 1.000000 0.670508 0.003780 308098.000000
3.000000 4.000000 0.000000 2.000000 1.000000 3.000000 0.829791 0.011050 507908.000000
1.000000 5.000000 0.000000 1.000000 0.000000 1.000000 0.820051 0.004295 499165.000000
0.000000 2.000000 1.000000 0.000000 1.000000 8.000000 0.675007 0.005280 432653.000000
2.000000 2.000000 0.000000 1.000000 0.000000 0.000000 0.830616 0.003580 612907.000000
0.000000 1.000000 1.000000 2.000000 0.000000 8.000000 0.675007 0.003415 584457.000000
4.000000 3.000000 0.000000 2.000000 1.000000 5.000000 0.838235 0.007050 393241.000000
2.000000 1.000000 0.000000 0.000000 0.000000 5.000000 0.828847 0.003890 501083.000000
1.000000 4.000000 0.000000 0.000000 1.000000 7.000000 0.833341 0.007190 489507.000000
0.000000 5.000000 1.000000 2.000000 1.000000 7.000000 0.679933 0.005540 546346.000000
0.000000 1.000000 0.000000 1.000000 1.000000 5.000000 0.679208 1.240265 319842.000000
3.000000 2.000000 1.000000 1.000000 0.000000 8.000000 0.827224 0.010635 657109.000000
3.000000 2.000000 0.000000 2.000000 0.000000 9.000000 0.832469 0.010040 575005.000000
1.000000 5.000000 0.000000 1.000000 0.000000 3.000000 0.827292 0.004330 605017.000000
4.000000 0.000000 1.000000 2.000000 1.000000 8.000000 0.827329 0.007230 535188.000000
3.000000 4.000000 0.000000 1.000000 0.000000 4.000000 0.829791 0.009335 656565.000000
0.000000 0.000000 0.000000 0.000000 0.000000 6.000000 0.670508 0.003045 581539.000000
0.000000 3.000000 0.000000 2.000000 0.000000 4.000000 0.676412 0.002410 616484.000000
2.000000 3.000000 1.000000 1.000000 1.000000 0.000000 0.835848 0.006190 587326.000000
4.000000 4.000000 0.000000 2.000000 1.000000 7.000000 0.833341 0.006935 495963.000000
1.000000 1.000000 0.000000 2.000000 0.000000 4.000000 0.827430 0.004340 609820.000000
1.000000 1.000000 1.000000 0.000000 1.000000 7.000000 0.833948 0.007525 572548.000000
3.000000 4.000000 0.000000 0.000000 0.000000 6.000000 0.822084 0.009990 560199.000000
4.000000 4.000000 0.000000 1.000000 0.000000 7.000000 0.836991 0.005120 630133.000000
3.000000 4.000000 1.000000 0.000000 0.000000 3.000000 0.829722 0.010625 810521.000000
0.000000 2.000000 1.000000 2.000000 1.000000 4.000000 0.676030 1.236275 597700.000000
4.000000 0.000000 0.000000 2.000000 0.000000 8.000000 0.824961 0.005150 568290.000000
4.000000 5.000000 0.000000 1.000000 0.000000 4.000000 0.828615 0.004395 607253.000000
2.000000 1.000000 0.000000 2.000000 0.000000 7.000000 0.833475 0.003710 590472.000000
2.000000 2.000000 0.000000 2.000000 1.000000 7.000000 0.836580 0.005485 472025.000000
2.000000 0.000000 1.000000 1.000000 1.000000 4.000000 0.830057 0.006075 669313.000000
2.000000 2.000000 1.000000 0.000000 1.000000 0.000000 0.835848 0.006085 591330.000000
4.000000 2.000000 0.000000 0.000000 0.000000 3.000000 0.827430 0.005000 650035.000000
1.000000 1.000000 0.000000 0.000000 0.000000 0.000000 0.830733 0.005325 598339.000000
3.000000 4.000000 0.000000 2.000000 0.000000 5.000000 0.838095 0.009800 557179.000000
2.000000 2.000000 1.000000 2.000000 0.000000 3.000000 0.828753 0.003800 777132.000000
2.000000 5.000000 0.000000 1.000000 1.000000 7.000000 0.830471 0.005925 437461.000000
1.000000 3.000000 1.000000 0.000000 1.000000 4.000000 0.829762 0.008105 614292.000000
0.000000 2.000000 1.000000 0.000000 0.000000 5.000000 0.677847 0.003910 661189.000000
3.000000 2.000000 0.000000 0.000000 0.000000 8.000000 0.825221 0.010555 523349.000000
3.000000 5.000000 1.000000 2.000000 1.000000 8.000000 0.824345 0.012500 445343.000000
0.000000 1.000000 1.000000 1.000000 0.000000 0.000000 0.680524 0.003355 705486.000000
0.000000 2.000000 0.000000 1.000000 1.000000 8.000000 0.675007 0.004415 299703.000000
1.000000 5.000000 0.000000 2.000000 0.000000 4.000000 0.826912 0.004345 609820.000000
2.000000 5.000000 1.000000 2.000000 0.000000 5.000000 0.830862 0.004065 639646.000000
1.000000 5.000000 0.000000 2.000000 0.000000 2.000000 0.772707 0.004355 429089.000000
3.000000 4.000000 0.000000 1.000000 1.000000 8.000000 0.830600 0.011650 359247.000000
1.000000 4.000000 0.000000 0.000000 0.000000 0.000000 0.835497 0.005440 632261.000000
0.000000 1.000000 0.000000 2.000000 1.000000 5.000000 0.679208 0.004255 324799.000000
3.000000 2.000000 1.000000 0.000000 1.000000 1.000000 0.822084 0.011900 516145.000000
1.000000 3.000000 1.000000 2.000000 0.000000 6.000000 0.820361 0.005040 680399.000000
0.000000 2.000000 0.000000 2.000000 0.000000 9.000000 0.676496 0.003010 529965.000000
3.000000 3.000000 1.000000 0.000000 0.000000 7.000000 0.834939 0.011450 800062.000000
1.000000 2.000000 0.000000 1.000000 1.000000 0.000000 0.838808 0.006580 469263.000000
0.000000 0.000000 0.000000 1.000000 1.000000 5.000000 0.679208 0.004660 431641.000000
2.000000 1.000000 0.000000 0.000000 1.000000 9.000000 0.827434 0.005910 365852.000000
4.000000 4.000000 1.000000 0.000000 0.000000 5.000000 0.831600 0.006035 689373.000000
2.000000 3.000000 0.000000 1.000000 0.000000 9.000000 0.832463 0.003735 541828.000000
0.000000 2.000000 1.000000 0.000000 0.000000 0.000000 0.680191 0.004035 749370.000000
3.000000 1.000000 1.000000 1.000000 1.000000 1.000000 0.817187 0.011300 473504.000000
4.000000 0.000000 1.000000 2.000000 0.000000 5.000000 0.831600 0.005680 749883.000000
3.000000 3.000000 1.000000 2.000000 1.000000 0.000000 0.834803 0.012650 618459.000000
1.000000 1.000000 1.000000 2.000000 0.000000 8.000000 0.823288 0.005490 610193.000000
0.000000 3.000000 0.000000 1.000000 1.000000 4.000000 0.676412 0.005175 454862.000000
2.000000 3.000000 1.000000 0.000000 1.000000 1.000000 0.822475 0.006060 493068.000000
2.000000 0.000000 1.000000 1.000000 0.000000 5.000000 0.838144 0.004325 734369.000000
3.000000 1.000000 0.000000 2.000000 1.000000 6.000000 0.815360 0.011600 361917.000000
4.000000 2.000000 0.000000 2.000000 0.000000 7.000000 0.836991 0.005150 634843.000000
2.000000 4.000000 1.000000 0.000000 0.000000 2.000000 0.773004 0.004290 602038.000000
3.000000 3.000000 0.000000 0.000000 1.000000 9.000000 0.834310 0.012950 433632.000000
4.000000 3.000000 1.000000 0.000000 1.000000 8.000000 0.827329 0.007995 467172.000000
4.000000 0.000000 1.000000 1.000000 0.000000 7.000000 0.835685 0.005970 839293.000000
2.000000 0.000000 1.000000 2.000000 0.000000 3.000000 0.828753 0.003980 842946.000000
2.000000 4.000000 0.000000 2.000000 0.000000 5.000000 0.828598 0.003465 529914.000000
1.000000 3.000000 0.000000 0.000000 0.000000 1.000000 0.820361 0.004930 542287.000000
2.000000 5.000000 1.000000 1.000000 0.000000 0.000000 0.829951 0.004155 723075.000000
0.000000 5.000000 0.000000 0.000000 0.000000 5.000000 0.679208 0.003140 484595.000000
1.000000 4.000000 0.000000 2.000000 0.000000 4.000000 0.827430 0.004435 642522.000000
2.000000 4.000000 0.000000 1.000000 1.000000 7.000000 0.836580 0.005560 479442.000000
2.000000 0.000000 1.000000 0.000000 0.000000 4.000000 0.828753 0.004500 848482.000000
0.000000 4.000000 1.000000 0.000000 0.000000 6.000000 0.670508 0.003520 659304.000000
4.000000 3.000000 1.000000 2.000000 0.000000 2.000000 0.772845 0.005145 607929.000000
1.000000 1.000000 1.000000 0.000000 1.000000 8.000000 0.824702 0.007345 427108.000000
2.000000 1.000000 1.000000 1.000000 0.000000 6.000000 0.819343 0.003655 633210.000000
1.000000 1.000000 1.000000 2.000000 0.000000 0.000000 0.833053 0.005470 737816.000000
1.000000 0.000000 0.000000 1.000000 0.000000 1.000000 0.820361 0.004580 598312.000000
2.000000 1.000000 1.000000 2.000000 0.000000 4.000000 0.828356 0.003720 744284.000000
3.000000 4.000000 0.000000 1.000000 1.000000 7.000000 0.831524 0.011900 507815.000000
0.000000 0.000000 0.000000 2.000000 1.000000 1.000000 0.670508 0.004195 420099.000000
2.000000 1.000000 1.000000 2.000000 0.000000 6.000000 0.819136 0.003675 637938.000000
4.000000 3.000000 1.000000 2.000000 1.000000 1.000000 0.822188 0.007000 499820.000000
3.000000 3.000000 0.000000 0.000000 0.000000 5.000000 0.838095 0.010410 561991.000000
0.000000 5.000000 0.000000 2.000000 1.000000 2.000000 0.644086 0.004345 239971.000000
3.000000 0.000000 0.000000 1.000000 1.000000 5.000000 0.828016 0.011750 478479.000000
4.000000 0.000000 0.000000 2.000000 0.000000 3.000000 0.827430 0.004670 711036.000000
3.000000 2.000000 0.000000 2.000000 1.000000 5.000000 0.828016 0.011550 405416.000000
1.000000 4.000000 1.000000 2.000000 0.000000 5.000000 0.831600 0.005450 682117.000000
4.000000 2.000000 1.000000 1.000000 0.000000 9.000000 0.822870 0.005760 696989.000000
4.000000 4.000000 1.000000 2.000000 1.000000 8.000000 0.827329 0.007075 468943.000000
3.000000 4.000000 1.000000 0.000000 0.000000 5.000000 0.839868 0.011100 706144.000000
0.000000 2.000000 1.000000 2.000000 1.000000 6.000000 0.670508 0.005260 491359.000000
4.000000 4.000000 0.000000 0.000000 1.000000 7.000000 0.833341 0.007485 501269.000000
3.000000 0.000000 1.000000 0.000000 1.000000 2.000000 0.774247 0.012300 518937.000000
2.000000 2.000000 0.000000 0.000000 1.000000 8.000000 0.825309 0.005770 328983.000000
1.000000 3.000000 0.000000 0.000000 1.000000 4.000000 0.829831 0.007815 492480.000000
2.000000 3.000000 0.000000 1.000000 0.000000 5.000000 0.717775 0.003320 524692.000000
1.000000 3.000000 1.000000 2.000000 1.000000 3.000000 0.829762 0.006985 603597.000000
1.000000 2.000000 1.000000 1.000000 1.000000 9.000000 0.825700 0.007125 520607.000000
4.000000 3.000000 0.000000 1.000000 0.000000 3.000000 0.827430 0.004475 640194.000000
4.000000 1.000000 0.000000 2.000000 0.000000 6.000000 0.820361 0.004265 501826.000000
3.000000 5.000000 1.000000 1.000000 1.000000 3.000000 0.830310 0.011850 584894.000000
4.000000 2.000000 1.000000 0.000000 1.000000 4.000000 0.000000 0.000000 611019.000000
2.000000 1.000000 0.000000 1.000000 0.000000 7.000000 0.833538 0.003700 585956.000000
1.000000 1.000000 0.000000 1.000000 0.000000 8.000000 0.822826 0.004820 461888.000000
3.000000 0.000000 1.000000 2.000000 1.000000 1.000000 0.822084 0.011650 589470.000000
1.000000 5.000000 0.000000 1.000000 0.000000 4.000000 0.828059 0.004330 605017.000000
1.000000 2.000000 0.000000 0.000000 1.000000 7.000000 0.833341 0.007350 486015.000000
0.000000 4.000000 1.000000 0.000000 0.000000 9.000000 0.676470 0.004195 677957.000000
4.000000 1.000000 0.000000 2.000000 0.000000 4.000000 0.827430 0.004425 612255.000000
2.000000 5.000000 0.000000 2.000000 0.000000 9.000000 0.826264 0.003670 513685.000000
2.000000 3.000000 0.000000 1.000000 1.000000 3.000000 0.830126 0.005290 467426.000000
0.000000 4.000000 1.000000 2.000000 1.000000 9.000000 0.676470 0.005140 509817.000000
2.000000 5.000000 0.000000 2.000000 1.000000 6.000000 0.820464 0.005850 338271.000000
4.000000 4.000000 0.000000 2.000000 1.000000 0.000000 0.838808 0.006715 488384.000000
3.000000 4.000000 0.000000 2.000000 1.000000 7.000000 0.831524 0.011900 512358.000000
2.000000 3.000000 1.000000 1.000000 0.000000 2.000000 0.773004 0.003760 591957.000000
4.000000 0.000000 1.000000 2.000000 1.000000 5.000000 0.839903 0.007195 587734.000000
1.000000 0.000000 0.000000 0.000000 0.000000 3.000000 0.827430 0.005140 713576.000000
4.000000 1.000000 1.000000 0.000000 1.000000 1.000000 0.818553 0.006815 466232.000000
1.000000 3.000000 1.000000 2.000000 0.000000 5.000000 0.831600 0.005450 682117.000000
0.000000 2.000000 0.000000 2.000000 1.000000 1.000000 0.670508 0.003910 342056.000000
0.000000 1.000000 1.000000 1.000000 1.000000 4.000000 0.676056 0.005150 559448.000000
0.000000 0.000000 0.000000 2.000000 1.000000 5.000000 0.679208 0.004660 436074.000000
2.000000 1.000000 1.000000 0.000000 1.000000 5.000000 0.832455 0.005910 469365.000000
4.000000 4.000000 1.000000 0.000000 0.000000 2.000000 0.772845 0.005680 613040.000000
2.000000 1.000000 1.000000 0.000000 0.000000 5.000000 0.830862 0.004605 645027.000000
0.000000 0.000000 0.000000 0.000000 0.000000 0.000000 0.680498 0.003600 671366.000000
0.000000 0.000000 0.000000 1.000000 0.000000 8.000000 0.675007 0.003080 534944.000000
1.000000 1.000000 1.000000 2.000000 0.000000 5.000000 0.833873 0.005365 649509.000000
0.000000 5.000000 0.000000 2.000000 1.000000 3.000000 0.676412 0.004385 421042.000000
1.000000 0.000000 1.000000 1.000000 0.000000 1.000000 0.820361 0.005220 741423.000000
3.000000 0.000000 0.000000 2.000000 1.000000 7.000000 0.831524 0.012050 578142.000000
4.000000 1.000000 1.000000 2.000000 0.000000 0.000000 0.833053 0.005510 739463.000000
1.000000 0.000000 0.000000 0.000000 1.000000 6.000000 0.822188 0.007510 460087.000000
2.000000 1.000000 0.000000 0.000000 1.000000 3.000000 0.829999 0.005175 437492.000000
1.000000 4.000000 0.000000 2.000000 0.000000 0.000000 0.835497 0.004875 627418.000000
3.000000 0.000000 0.000000 1.000000 0.000000 5.000000 0.838095 0.009965 618253.000000
3.000000 2.000000 1.000000 1.000000 0.000000 7.000000 0.834939 0.010850 790537.000000
2.000000 1.000000 1.000000 0.000000 0.000000 8.000000 0.827657 0.004685 606199.000000
3.000000 2.000000 1.000000 1.000000 1.000000 2.000000 0.774247 0.011500 432144.000000
2.000000 4.000000 1.000000 2.000000 1.000000 5.000000 0.835848 0.005645 509699.000000
1.000000 0.000000 0.000000 0.000000 1.000000 0.000000 0.838808 0.007430 557987.000000
2.000000 5.000000 0.000000 1.000000 1.000000 4.000000 0.000000 0.005880 439150.000000
4.000000 0.000000 0.000000 1.000000 1.000000 7.000000 0.000000 0.000000 548709.000000
2.000000 0.000000 0.000000 1.000000 0.000000 0.000000 0.830616 0.000000 678380.000000
3.000000 5.000000 0.000000 0.000000 0.000000 1.000000 0.821878 0.009915 527315.000000
2.000000 4.000000 0.000000 0.000000 0.000000 1.000000 0.819524 0.000000 532872.000000
4.000000 5.000000 1.000000 1.000000 1.000000 4.000000 0.828339 0.007630 573938.000000
3.000000 1.000000 1.000000 0.000000 0.000000 8.000000 0.829142 0.011100 634238.000000
1.000000 0.000000 1.000000 2.000000 0.000000 1.000000 0.820361 0.000000 746368.000000
3.000000 1.000000 0.000000 2.000000 1.000000 3.000000 0.828793 0.000000 462000.000000
4.000000 0.000000 1.000000 0.000000 0.000000 0.000000 0.833053 0.006325 843074.000000
0.000000 3.000000 1.000000 0.000000 1.000000 0.000000 0.680191 0.005880 577799.000000
4.000000 0.000000 0.000000 1.000000 0.000000 5.000000 0.830278 0.004990 601791.000000
0.000000 2.000000 0.000000 1.000000 0.000000 7.000000 0.680501 0.000000 602076.000000
3.000000 0.000000 1.000000 1.000000 0.000000 1.000000 0.822084 0.010225 759805.000000
2.000000 4.000000 0.000000 1.000000 0.000000 5.000000 0.828598 0.003460 524692.000000
0.000000 0.000000 0.000000 2.000000 0.000000 3.000000 0.676412 0.000000 682387.000000
1.000000 5.000000 0.000000 2.000000 1.000000 9.000000 0.832189 0.007215 376212.000000
0.000000 0.000000 0.000000 2.000000 1.000000 8.000000 0.675007 0.004720 383455.000000
2.000000 5.000000 1.000000 2.000000 1.000000 6.000000 0.822475 0.000000 461369.000000
0.000000 5.000000 1.000000 1.000000 1.000000 9.000000 0.676393 0.005475 464868.000000
3.000000 0.000000 1.000000 0.000000 0.000000 2.000000 0.774247 0.011000 695925.000000
3.000000 0.000000 1.000000 1.000000 1.000000 1.000000 0.822084 0.011650 585068.000000
1.000000 0.000000 1.000000 0.000000 0.000000 6.000000 0.820361 0.005760 751369.000000
1.000000 3.000000 0.000000 1.000000 0.000000 6.000000 0.820361 0.004405 532609.000000
3.000000 4.000000 1.000000 1.000000 1.000000 8.000000 0.824415 0.012100 481530.000000
1.000000 0.000000 0.000000 0.000000 0.000000 5.000000 0.834727 0.005505 609825.000000
1.000000 5.000000 1.000000 1.000000 0.000000 5.000000 0.830795 0.005155 625133.000000
3.000000 2.000000 0.000000 2.000000 1.000000 7.000000 0.831524 0.011850 501142.000000
4.000000 2.000000 1.000000 0.000000 0.000000 4.000000 0.827361 0.000000 793319.000000
0.000000 3.000000 0.000000 2.000000 1.000000 6.000000 0.670508 0.005135 352705.000000
2.000000 4.000000 1.000000 1.000000 1.000000 2.000000 0.772540 0.005170 416546.000000
0.000000 1.000000 0.000000 2.000000 1.000000 8.000000 0.675007 0.004315 272257.000000
4.000000 0.000000 0.000000 1.000000 0.000000 3.000000 0.827430 0.004660 706066.000000
1.000000 0.000000 0.000000 1.000000 0.000000 0.000000 0.835497 0.004965 683377.000000
2.000000 1.000000 0.000000 0.000000 1.000000 5.000000 0.829350 0.005630 348167.000000
1.000000 5.000000 0.000000 1.000000 0.000000 7.000000 0.836991 0.004980 594771.000000
2.000000 3.000000 1.000000 2.000000 1.000000 1.000000 0.822475 0.005640 488467.000000
1.000000 5.000000 1.000000 0.000000 1.000000 9.000000 0.825700 0.008010 500753.000000
1.000000 1.000000 1.000000 1.000000 0.000000 5.000000 0.825538 0.005330 644270.000000
0.000000 4.000000 1.000000 0.000000 1.000000 8.000000 0.675007 0.000000 445077.000000
3.000000 3.000000 1.000000 1.000000 0.000000 4.000000 0.829722 0.010015 799373.000000
2.000000 1.000000 1.000000 1.000000 1.000000 1.000000 0.822475 0.005260 465522.000000
0.000000 1.000000 0.000000 1.000000 1.000000 8.000000 0.675007 0.004300 267346.000000
1.000000 2.000000 0.000000 0.000000 1.000000 0.000000 0.838808 0.007145 478540.000000
0.000000 4.000000 0.000000 2.000000 0.000000 3.000000 0.676412 0.000000 616484.000000
2.000000 5.000000 1.000000 1.000000 0.000000 6.000000 0.812486 0.003665 633210.000000
2.000000 2.000000 1.000000 1.000000 0.000000 1.000000 0.819524 0.003745 666528.000000
2.000000 4.000000 0.000000 2.000000 0.000000 4.000000 0.828822 0.003155 633546.000000
4.000000 2.000000 1.000000 2.000000 0.000000 1.000000 0.820361 0.005105 682454.000000
2.000000 0.000000 1.000000 0.000000 0.000000 2.000000 0.773004 0.004485 668066.000000
4.000000 4.000000 0.000000 2.000000 0.000000 5.000000 0.830278 0.004815 540628.000000
1.000000 2.000000 1.000000 1.000000 1.000000 7.000000 0.835045 0.007160 597161.000000
2.000000 2.000000 0.000000 2.000000 1.000000 4.000000 0.830126 0.005460 473435.000000
0.000000 2.000000 1.000000 2.000000 0.000000 3.000000 0.676030 0.003070 760165.000000
3.000000 1.000000 0.000000 2.000000 1.000000 8.000000 0.830600 0.011500 318749.000000
1.000000 2.000000 0.000000 2.000000 0.000000 9.000000 0.826682 0.005060 555952.000000
3.000000 5.000000 0.000000 1.000000 1.000000 4.000000 0.823291 0.012100 467465.000000
0.000000 4.000000 0.000000 0.000000 0.000000 0.000000 0.680498 0.003355 604710.000000
3.000000 4.000000 0.000000 2.000000 0.000000 7.000000 0.833165 0.010125 651994.000000
3.000000 5.000000 1.000000 1.000000 0.000000 4.000000 0.829722 0.009930 766877.000000
4.000000 1.000000 0.000000 1.000000 1.000000 4.000000 0.824451 0.006680 446178.000000
3.000000 2.000000 1.000000 2.000000 0.000000 1.000000 0.822084 0.010020 698520.000000
0.000000 1.000000 0.000000 0.000000 1.000000 2.000000 0.644086 0.004270 238361.000000
1.000000 3.000000 0.000000 1.000000 1.000000 1.000000 0.822188 0.006520 370188.000000
3.000000 2.000000 0.000000 0.000000 0.000000 6.000000 0.822084 0.009990 560199.000000
3.000000 1.000000 1.000000 2.000000 1.000000 0.000000 0.835505 0.012050 580533.000000
3.000000 1.000000 1.000000 1.000000 1.000000 6.000000 0.821740 0.012000 479708.000000
1.000000 1.000000 1.000000 0.000000 0.000000 0.000000 0.832455 0.006000 742614.000000
0.000000 0.000000 1.000000 2.000000 1.000000 6.000000 0.670508 0.005280 549154.000000
4.000000 5.000000 1.000000 0.000000 0.000000 9.000000 0.822730 0.006210 673189.000000
1.000000 3.000000 1.000000 2.000000 1.000000 1.000000 0.822188 0.006950 497757.000000
0.000000 4.000000 1.000000 0.000000 0.000000 5.000000 0.677847 0.003910 661189.000000
2.000000 0.000000 0.000000 2.000000 0.000000 2.000000 0.773004 0.003310 519524.000000
3.000000 0.000000 0.000000 2.000000 0.000000 3.000000 0.829791 0.009555 727658.000000
1.000000 3.000000 1.000000 1.000000 1.000000 6.000000 0.822188 0.007620 499018.000000
0.000000 3.000000 1.000000 1.000000 1.000000 8.000000 0.675007 0.005610 449481.000000
1.000000 1.000000 1.000000 0.000000 1.000000 4.000000 0.828236 0.007505 575538.000000
4.000000 2.000000 0.000000 2.000000 1.000000 8.000000 0.825326 0.006580 335004.000000
4.000000 3.000000 1.000000 1.000000 1.000000 0.000000 0.838984 0.007580 598619.000000
3.000000 0.000000 1.000000 2.000000 1.000000 0.000000 0.834803 0.012300 691349.000000
1.000000 2.000000 0.000000 2.000000 1.000000 1.000000 0.822188 0.006020 369126.000000
3.000000 0.000000 1.000000 2.000000 1.000000 7.000000 0.833411 0.012500 697588.000000
3.000000 4.000000 0.000000 1.000000 1.000000 9.000000 0.834310 0.011900 430805.000000
2.000000 2.000000 0.000000 0.000000 0.000000 6.000000 0.819524 0.003615 532872.000000
4.000000 1.000000 0.000000 0.000000 1.000000 4.000000 0.830413 0.007240 455430.000000
4.000000 4.000000 0.000000 2.000000 1.000000 4.000000 0.829895 0.006860 496732.000000
3.000000 5.000000 0.000000 0.000000 1.000000 2.000000 0.774247 0.012150 289949.000000
0.000000 2.000000 1.000000 1.000000 1.000000 4.000000 0.676030 0.005285 592701.000000
2.000000 5.000000 0.000000 2.000000 0.000000 4.000000 0.824017 0.003065 600668.000000
0.000000 4.000000 0.000000 0.000000 1.000000 8.000000 0.675007 0.005015 323036.000000
0.000000 5.000000 1.000000 2.000000 1.000000 0.000000 0.680191 0.005335 540094.000000
1.000000 5.000000 1.000000 1.000000 1.000000 6.000000 0.822188 0.007495 465906.000000
2.000000 1.000000 1.000000 1.000000 1.000000 8.000000 0.828521 0.005545 409174.000000
3.000000 4.000000 0.000000 0.000000 1.000000 4.000000 0.829791 0.012350 518232.000000
2.000000 0.000000 0.000000 1.000000 0.000000 7.000000 0.833475 0.003975 684698.000000
4.000000 5.000000 1.000000 1.000000 0.000000 8.000000 0.829828 0.005520 607406.000000
4.000000 2.000000 0.000000 0.000000 1.000000 2.000000 0.774350 0.006630 301784.000000
3.000000 3.000000 1.000000 0.000000 0.000000 2.000000 0.774247 0.010780 629681.000000
1.000000 3.000000 1.000000 0.000000 1.000000 1.000000 0.822188 0.007405 502254.000000
1.000000 5.000000 1.000000 0.000000 1.000000 4.000000 0.824288 0.008025 580569.000000
2.000000 2.000000 1.000000 1.000000 1.000000 7.000000 0.836048 0.005885 588688.000000
4.000000 5.000000 1.000000 0.000000 1.000000 9.000000 0.828268 0.008095 503337.000000
2.000000 2.000000 0.000000 2.000000 1.000000 3.000000 0.830126 0.004750 465726.000000
2.000000 4.000000 1.000000 0.000000 0.000000 6.000000 0.819524 0.004280 676463.000000
4.000000 1.000000 1.000000 0.000000 1.000000 8.000000 0.821358 0.007410 428029.000000
4.000000 1.000000 0.000000 1.000000 0.000000 9.000000 0.826682 0.005000 519708.000000
0.000000 1.000000 0.000000 0.000000 0.000000 3.000000 0.676412 0.002775 588317.000000
2.000000 4.000000 1.000000 0.000000 0.000000 5.000000 0.838144 0.004685 678376.000000
0.000000 3.000000 0.000000 2.000000 0.000000 5.000000 0.679208 0.002725 512462.000000
0.000000 1.000000 1.000000 1.000000 1.000000 9.000000 0.676470 0.004920 460375.000000
3.000000 4.000000 1.000000 1.000000 0.000000 3.000000 0.829722 0.010020 799373.000000
4.000000 5.000000 0.000000 0.000000 1.000000 8.000000 0.825326 0.007585 311681.000000
2.000000 1.000000 1.000000 0.000000 1.000000 0.000000 0.832455 0.006035 558361.000000
4.000000 2.000000 0.000000 1.000000 1.000000 9.000000 0.832645 0.006790 401338.000000
4.000000 3.000000 1.000000 2.000000 1.000000 5.000000 0.839903 0.007490 514883.000000
4.000000 5.000000 1.000000 2.000000 1.000000 2.000000 0.774753 0.006955 392160.000000
1.000000 0.000000 0.000000 1.000000 1.000000 4.000000 0.829831 0.006975 555045.000000
2.000000 0.000000 0.000000 1.000000 1.000000 8.000000 0.825309 0.005485 397402.000000
0.000000 5.000000 1.000000 1.000000 0.000000 6.000000 0.670406 0.002880 616445.000000
3.000000 5.000000 1.000000 0.000000 1.000000 7.000000 0.833411 0.013250 596369.000000
1.000000 1.000000 0.000000 2.000000 0.000000 8.000000 0.823482 0.004825 466967.000000
2.000000 0.000000 1.000000 1.000000 0.000000 0.000000 0.838144 0.004430 822083.000000
4.000000 0.000000 1.000000 1.000000 0.000000 5.000000 0.831600 0.005655 745035.000000
4.000000 2.000000 0.000000 2.000000 0.000000 6.000000 0.820361 0.004465 539877.000000
4.000000 1.000000 0.000000 1.000000 1.000000 0.000000 0.838388 0.006545 438119.000000
2.000000 1.000000 0.000000 2.000000 1.000000 8.000000 0.825127 0.005140 290114.000000
4.000000 3.000000 1.000000 1.000000 1.000000 7.000000 0.835045 0.007755 604100.000000
4.000000 5.000000 1.000000 0.000000 0.000000 4.000000 0.824964 0.005570 760190.000000
2.000000 0.000000 1.000000 2.000000 0.000000 6.000000 0.819524 0.003945 736892.000000
4.000000 2.000000 1.000000 1.000000 0.000000 8.000000 0.826303 0.005620 640879.000000
4.000000 1.000000 1.000000 0.000000 0.000000 6.000000 0.819983 0.005540 654176.000000
2.000000 4.000000 1.000000 0.000000 1.000000 5.000000 0.835848 0.006050 515556.000000
0.000000 5.000000 1.000000 0.000000 0.000000 8.000000 0.675007 0.003930 589435.000000
1.000000 0.000000 1.000000 2.000000 1.000000 4.000000 0.829762 0.007370 682508.000000
0.000000 4.000000 1.000000 0.000000 0.000000 7.000000 0.680475 0.004240 755415.000000
3.000000 4.000000 0.000000 0.000000 1.000000 1.000000 0.822084 0.011650 405735.000000
2.000000 3.000000 1.000000 0.000000 0.000000 6.000000 0.819524 0.004280 676463.000000
4.000000 3.000000 1.000000 1.000000 0.000000 4.000000 0.827361 0.005115 783314.000000
2.000000 4.000000 1.000000 1.000000 0.000000 1.000000 0.819524 0.003745 666528.000000
2.000000 5.000000 0.000000 1.000000 1.000000 9.000000 0.832498 0.005900 360940.000000
2.000000 5.000000 0.000000 0.000000 0.000000 0.000000 0.831495 0.004015 589191.000000
0.000000 1.000000 0.000000 1.000000 1.000000 2.000000 0.644086 0.003775 228969.000000
1.000000 3.000000 0.000000 1.000000 0.000000 1.000000 0.820361 0.004400 532609.000000
3.000000 0.000000 1.000000 0.000000 1.000000 6.000000 0.822084 0.012850 599569.000000
2.000000 0.000000 0.000000 0.000000 1.000000 2.000000 0.772540 0.005515 368632.000000
3.000000 5.000000 0.000000 1.000000 0.000000 9.000000 0.832399 0.009900 531448.000000
0.000000 0.000000 0.000000 0.000000 1.000000 7.000000 0.680501 0.005540 536437.000000
4.000000 0.000000 1.000000 0.000000 1.000000 1.000000 0.822188 0.007115 578073.000000
1.000000 2.000000 1.000000 1.000000 0.000000 3.000000 0.827361 0.005075 781466.000000
4.000000 4.000000 1.000000 2.000000 1.000000 1.000000 0.822188 0.006520 507573.000000
2.000000 5.000000 1.000000 1.000000 0.000000 5.000000 0.834902 0.004035 634722.000000
4.000000 3.000000 1.000000 0.000000 0.000000 6.000000 0.820361 0.005605 687133.000000
2.000000 1.000000 1.000000 1.000000 1.000000 3.000000 0.829791 0.005300 572159.000000
4.000000 5.000000 0.000000 1.000000 0.000000 5.000000 0.828218 0.004725 502622.000000
0.000000 3.000000 1.000000 1.000000 0.000000 2.000000 0.644086 0.003010 574613.000000
2.000000 0.000000 0.000000 2.000000 1.000000 4.000000 0.830126 0.005700 550491.000000
2.000000 5.000000 0.000000 1.000000 0.000000 4.000000 0.823011 0.003050 595616.000000
1.000000 0.000000 1.000000 1.000000 0.000000 7.000000 0.835685 0.005945 837795.000000
2.000000 3.000000 1.000000 2.000000 0.000000 4.000000 0.828753 0.003800 777132.000000
3.000000 3.000000 1.000000 1.000000 0.000000 2.000000 0.774247 0.010165 619705.000000
1.000000 5.000000 0.000000 0.000000 0.000000 7.000000 0.836781 0.000000 604777.000000
1.000000 2.000000 1.000000 2.000000 0.000000 0.000000 0.833053 0.005565 770453.000000
4.000000 0.000000 1.000000 1.000000 0.000000 2.000000 0.772845 0.000000 669090.000000
0.000000 0.000000 0.000000 0.000000 1.000000 9.000000 0.676496 0.000000 460015.000000
4.000000 4.000000 0.000000 1.000000 0.000000 0.000000 0.831048 0.004910 623841.000000
3.000000 4.000000 0.000000 2.000000 1.000000 9.000000 0.834310 0.011900 435359.000000
0.000000 2.000000 0.000000 1.000000 0.000000 0.000000 0.680498 0.002835 595243.000000
2.000000 5.000000 1.000000 2.000000 1.000000 5.000000 0.832596 0.006035 469233.000000
2.000000 1.000000 0.000000 2.000000 1.000000 9.000000 0.830055 0.005360 361578.000000
1.000000 4.000000 0.000000 0.000000 0.000000 3.000000 0.827430 0.004950 647970.000000
3.000000 5.000000 1.000000 2.000000 1.000000 5.000000 0.834803 0.012400 497031.000000
2.000000 3.000000 1.000000 2.000000 0.000000 2.000000 0.932412 0.003870 596741.000000
0.000000 5.000000 1.000000 1.000000 0.000000 2.000000 0.644086 0.002875 541639.000000
0.000000 1.000000 1.000000 2.000000 1.000000 7.000000 0.680475 0.005005 541668.000000
1.000000 4.000000 1.000000 1.000000 0.000000 9.000000 0.822870 0.005735 694705.000000
4.000000 3.000000 0.000000 0.000000 0.000000 1.000000 0.820361 0.004980 544182.000000
2.000000 3.000000 0.000000 2.000000 1.000000 5.000000 0.830257 0.005715 381829.000000
1.000000 2.000000 1.000000 0.000000 0.000000 5.000000 0.941172 0.005960 687320.000000
1.000000 4.000000 1.000000 1.000000 0.000000 6.000000 0.820361 0.005035 675560.000000
3.000000 1.000000 0.000000 1.000000 1.000000 0.000000 0.838572 0.011500 454768.000000
0.000000 2.000000 0.000000 0.000000 1.000000 5.000000 0.679208 0.004880 362434.000000
3.000000 3.000000 0.000000 0.000000 1.000000 3.000000 0.829791 0.012150 505938.000000
3.000000 4.000000 1.000000 1.000000 1.000000 0.000000 0.834803 0.012150 622355.000000
4.000000 3.000000 0.000000 0.000000 1.000000 5.000000 0.838235 0.007610 397503.000000
1.000000 3.000000 0.000000 0.000000 0.000000 4.000000 0.827430 0.004945 647970.000000
2.000000 5.000000 0.000000 1.000000 1.000000 1.000000 0.817104 0.005155 328186.000000
1.000000 5.000000 0.000000 1.000000 0.000000 5.000000 0.833509 0.004660 500231.000000
1.000000 2.000000 0.000000 0.000000 1.000000 1.000000 0.822188 0.006530 374421.000000
2.000000 1.000000 1.000000 1.000000 1.000000 0.000000 0.837469 0.005595 549103.000000
1.000000 1.000000 0.000000 0.000000 1.000000 7.000000 0.831339 0.007295 452685.000000
3.000000 5.000000 0.000000 0.000000 1.000000 0.000000 0.828917 0.012700 468997.000000
3.000000 2.000000 0.000000 1.000000 0.000000 2.000000 0.774247 0.009550 476353.000000
4.000000 4.000000 0.000000 2.000000 0.000000 2.000000 0.772845 0.004480 464685.000000
1.000000 5.000000 1.000000 2.000000 1.000000 3.000000 0.833300 0.006855 570018.000000
3.000000 5.000000 0.000000 2.000000 0.000000 3.000000 0.829601 0.009300 628391.000000
4.000000 1.000000 0.000000 1.000000 0.000000 2.000000 0.772569 0.004410 426584.000000
1.000000 0.000000 1.000000 0.000000 0.000000 1.000000 0.820361 0.005750 751369.000000
2.000000 5.000000 0.000000 1.000000 0.000000 6.000000 0.819343 0.003005 489963.000000
0.000000 0.000000 1.000000 1.000000 1.000000 2.000000 0.644086 0.004830 483365.000000
1.000000 1.000000 1.000000 0.000000 0.000000 6.000000 0.815286 0.005495 652417.000000
3.000000 4.000000 1.000000 1.000000 1.000000 6.000000 0.822084 0.012150 524921.000000
2.000000 0.000000 0.000000 1.000000 1.000000 1.000000 0.822475 0.004955 433770.000000
3.000000 5.000000 0.000000 1.000000 1.000000 3.000000 0.828731 0.011450 461936.000000
2.000000 1.000000 0.000000 1.000000 1.000000 6.000000 0.812243 0.005295 328069.000000
4.000000 1.000000 0.000000 1.000000 1.000000 3.000000 0.829704 0.005995 439998.000000
4.000000 5.000000 1.000000 2.000000 0.000000 2.000000 0.773327 0.005060 574892.000000
4.000000 4.000000 0.000000 1.000000 0.000000 6.000000 0.820361 0.004445 534355.000000
4.000000 4.000000 0.000000 2.000000 0.000000 7.000000 0.836991 0.005150 634843.000000
2.000000 5.000000 1.000000 2.000000 1.000000 3.000000 0.829929 0.005585 561210.000000
1.000000 1.000000 0.000000 0.000000 1.000000 6.000000 0.823703 0.007155 347439.000000
0.000000 3.000000 0.000000 2.000000 1.000000 7.000000 0.680501 0.005240 458369.000000
1.000000 1.000000 1.000000 1.000000 1.000000 6.000000 0.821226 0.006965 461267.000000
1.000000 3.000000 0.000000 2.000000 1.000000 9.000000 0.832645 0.007290 408454.000000
4.000000 5.000000 1.000000 2.000000 1.000000 3.000000 0.829826 0.006960 572744.000000
2.000000 5.000000 1.000000 0.000000 0.000000 3.000000 0.828425 0.004230 749316.000000
3.000000 2.000000 0.000000 0.000000 1.000000 3.000000 0.829791 0.011600 499624.000000
0.000000 2.000000 1.000000 2.000000 1.000000 5.000000 0.677847 0.004790 480160.000000
4.000000 3.000000 1.000000 0.000000 0.000000 3.000000 0.827361 0.005655 793319.000000
0.000000 0.000000 0.000000 0.000000 0.000000 9.000000 0.676496 0.003760 600750.000000
1.000000 4.000000 1.000000 1.000000 0.000000 2.000000 0.772845 0.005075 600953.000000
1.000000 5.000000 0.000000 1.000000 1.000000 5.000000 0.827330 0.006925 353112.000000
3.000000 5.000000 0.000000 2.000000 1.000000 8.000000 0.828975 0.012100 323637.000000
3.000000 2.000000 1.000000 1.000000 1.000000 3.000000 0.829722 0.011350 612734.000000
4.000000 5.000000 1.000000 2.000000 0.000000 0.000000 0.832420 0.005520 739463.000000
2.000000 4.000000 1.000000 1.000000 1.000000 7.000000 0.836048 0.005910 600031.000000
0.000000 1.000000 1.000000 0.000000 1.000000 3.000000 0.676005 0.004995 563322.000000
3.000000 5.000000 1.000000 1.000000 1.000000 7.000000 0.834174 0.012650 587230.000000
4.000000 2.000000 0.000000 1.000000 0.000000 4.000000 0.827430 0.004470 640194.000000
4.000000 0.000000 1.000000 0.000000 0.000000 8.000000 0.826303 0.006350 716849.000000
2.000000 0.000000 1.000000 2.000000 0.000000 1.000000 0.819524 0.003945 736892.000000
0.000000 1.000000 0.000000 2.000000 0.000000 1.000000 0.670508 0.002255 477466.000000
1.000000 1.000000 1.000000 2.000000 1.000000 1.000000 0.822433 0.006315 459433.000000
1.000000 5.000000 0.000000 0.000000 1.000000 1.000000 0.822188 0.006990 346254.000000
4.000000 3.000000 1.000000 2.000000 1.000000 6.000000 0.822188 0.007680 506254.000000
2.000000 1.000000 1.000000 0.000000 1.000000 3.000000 0.829929 0.005500 560355.000000
2.000000 4.000000 1.000000 1.000000 1.000000 5.000000 0.835848 0.005625 506535.000000
1.000000 4.000000 1.000000 2.000000 0.000000 8.000000 0.826303 0.005590 643791.000000
0.000000 0.000000 1.000000 2.000000 0.000000 4.000000 0.676030 0.003305 826210.000000
3.000000 3.000000 1.000000 2.000000 1.000000 3.000000 0.829722 0.011950 621928.000000
0.000000 5.000000 1.000000 0.000000 1.000000 5.000000 0.677847 0.005660 456797.000000
3.000000 4.000000 0.000000 1.000000 0.000000 7.000000 0.833165 0.010060 646692.000000
1.000000 2.000000 0.000000 1.000000 0.000000 3.000000 0.827430 0.004425 637806.000000
3.000000 4.000000 1.000000 1.000000 1.000000 5.000000 0.834803 0.011950 534477.000000
4.000000 4.000000 0.000000 0.000000 0.000000 5.000000 0.830278 0.005350 545541.000000
0.000000 2.000000 0.000000 2.000000 0.000000 7.000000 0.680501 0.003050 606962.000000
0.000000 2.000000 1.000000 2.000000 1.000000 1.000000 0.670508 0.004565 485495.000000
0.000000 3.000000 1.000000 0.000000 1.000000 3.000000 0.676030 0.005665 602152.000000
3.000000 2.000000 1.000000 2.000000 1.000000 3.000000 0.829722 0.011400 617041.000000
0.000000 0.000000 1.000000 1.000000 1.000000 7.000000 0.680475 0.005400 648355.000000
1.000000 5.000000 1.000000 2.000000 0.000000 2.000000 0.774305 0.004995 572469.000000
0.000000 2.000000 0.000000 0.000000 1.000000 7.000000 0.680501 0.005225 458181.000000
1.000000 5.000000 0.000000 2.000000 0.000000 3.000000 0.827844 0.004345 609820.000000
4.000000 5.000000 0.000000 0.000000 1.000000 9.000000 0.832645 0.007790 382455.000000
3.000000 1.000000 0.000000 0.000000 1.000000 7.000000 0.836686 0.012350 471914.000000
1.000000 5.000000 0.000000 1.000000 0.000000 0.000000 0.831048 0.004780 588620.000000
3.000000 4.000000 0.000000 0.000000 0.000000 3.000000 0.829791 0.009940 666478.000000
3.000000 3.000000 1.000000 1.000000 0.000000 7.000000 0.834939 0.010850 790537.000000
4.000000 5.000000 1.000000 2.000000 1.000000 5.000000 0.839588 0.007410 481525.000000
0.000000 4.000000 0.000000 1.000000 1.000000 0.000000 0.680498 0.004535 453552.000000
2.000000 1.000000 0.000000 1.000000 1.000000 5.000000 0.830257 0.005065 337993.000000
2.000000 5.000000 0.000000 0.000000 0.000000 3.000000 0.827486 0.003365 600594.000000
2.000000 3.000000 0.000000 2.000000 0.000000 8.000000 0.825945 0.003610 491029.000000
2.000000 1.000000 1.000000 0.000000 0.000000 4.000000 0.828563 0.004235 749316.000000
2.000000 0.000000 1.000000 0.000000 0.000000 0.000000 0.838144 0.004965 832037.000000
4.000000 2.000000 1.000000 2.000000 0.000000 7.000000 0.835685 0.005795 778124.000000
1.000000 5.000000 0.000000 2.000000 1.000000 3.000000 0.828753 0.006480 447875.000000
0.000000 4.000000 0.000000 2.000000 0.000000 5.000000 0.679208 0.002725 512462.000000
0.000000 1.000000 1.000000 0.000000 0.000000 5.000000 0.679234 0.003780 627456.000000
3.000000 5.000000 1.000000 2.000000 0.000000 9.000000 0.827732 0.010695 684506.000000
2.000000 5.000000 1.000000 2.000000 0.000000 2.000000 0.773459 0.003685 563361.000000
2.000000 0.000000 1.000000 1.000000 1.000000 9.000000 0.831166 0.006050 589273.000000
1.000000 2.000000 1.000000 1.000000 1.000000 4.000000 0.829762 0.007125 600045.000000
0.000000 4.000000 0.000000 0.000000 1.000000 9.000000 0.676496 0.005255 393770.000000
1.000000 0.000000 0.000000 0.000000 1.000000 2.000000 0.774350 0.006835 377704.000000
2.000000 2.000000 1.000000 2.000000 1.000000 1.000000 0.822475 0.005095 483306.000000
0.000000 4.000000 0.000000 2.000000 1.000000 4.000000 0.676412 0.004705 466328.000000
3.000000 3.000000 0.000000 2.000000 1.000000 1.000000 0.822084 0.011550 393621.000000
0.000000 2.000000 1.000000 1.000000 1.000000 1.000000 0.670508 0.004550 480703.000000
1.000000 4.000000 1.000000 2.000000 1.000000 1.000000 0.822188 0.006470 504938.000000
3.000000 4.000000 1.000000 2.000000 0.000000 6.000000 0.822084 0.010020 698520.000000
4.000000 0.000000 1.000000 2.000000 0.000000 6.000000 0.820361 0.005290 748350.000000
0.000000 0.000000 0.000000 2.000000 0.000000 2.000000 0.644086 0.002595 501681.000000
2.000000 2.000000 1.000000 0.000000 0.000000 2.000000 0.773004 0.003985 581814.000000
0.000000 0.000000 0.000000 1.000000 0.000000 5.000000 0.679208 0.002955 573327.000000
2.000000 3.000000 1.000000 2.000000 1.000000 2.000000 0.772540 0.005650 413576.000000
0.000000 2.000000 0.000000 2.000000 1.000000 4.000000 0.676412 0.004660 454340.000000
1.000000 2.000000 0.000000 2.000000 1.000000 3.000000 0.829831 0.006015 474871.000000
2.000000 5.000000 0.000000 0.000000 1.000000 5.000000 0.830257 0.006160 353253.000000
1.000000 0.000000 0.000000 2.000000 0.000000 9.000000 0.826682 0.005250 622520.000000
4.000000 2.000000 1.000000 2.000000 1.000000 3.000000 0.829826 0.006500 601079.000000
4.000000 1.000000 1.000000 0.000000 0.000000 9.000000 0.822098 0.006205 673189.000000
1.000000 1.000000 1.000000 1.000000 0.000000 8.000000 0.824812 0.005470 605702.000000
3.000000 4.000000 0.000000 1.000000 0.000000 5.000000 0.838095 0.009805 552788.000000
1.000000 3.000000 0.000000 1.000000 0.000000 2.000000 0.772845 0.004435 457631.000000
3.000000 2.000000 0.000000 0.000000 0.000000 9.000000 0.832469 0.010725 580005.000000
3.000000 2.000000 1.000000 1.000000 0.000000 2.000000 0.774247 0.010165 619705.000000
1.000000 2.000000 1.000000 2.000000 1.000000 8.000000 0.827329 0.006965 456191.000000
1.000000 3.000000 1.000000 0.000000 0.000000 7.000000 0.835685 0.006305 781136.000000
0.000000 4.000000 0.000000 0.000000 1.000000 3.000000 0.676412 0.004535 465454.000000
4.000000 5.000000 0.000000 1.000000 1.000000 4.000000 0.829171 0.007215 451055.000000
4.000000 3.000000 1.000000 2.000000 1.000000 0.000000 0.838984 0.007595 602503.000000
2.000000 3.000000 0.000000 0.000000 0.000000 1.000000 0.819524 0.003615 532872.000000
1.000000 0.000000 0.000000 0.000000 1.000000 1.000000 0.822188 0.006810 452985.000000
4.000000 5.000000 1.000000 0.000000 0.000000 3.000000 0.827361 0.005565 760190.000000
0.000000 5.000000 1.000000 0.000000 0.000000 3.000000 0.676030 0.003435 731709.000000
0.000000 2.000000 0.000000 1.000000 1.000000 3.000000 0.676412 0.003935 443540.000000
3.000000 3.000000 0.000000 2.000000 0.000000 0.000000 0.838703 0.009920 645596.000000
3.000000 1.000000 0.000000 1.000000 0.000000 6.000000 0.813663 0.009365 517901.000000
1.000000 2.000000 1.000000 2.000000 1.000000 0.000000 0.838984 0.007000 596244.000000
2.000000 2.000000 0.000000 0.000000 0.000000 7.000000 0.833475 0.004330 628671.000000
3.000000 0.000000 0.000000 0.000000 0.000000 2.000000 0.774247 0.010300 551802.000000
3.000000 2.000000 0.000000 1.000000 1.000000 0.000000 0.828821 0.011650 488396.000000
4.000000 5.000000 1.000000 0.000000 1.000000 0.000000 0.834465 0.007945 573308.000000
3.000000 3.000000 1.000000 1.000000 1.000000 7.000000 0.833411 0.012800 620867.000000
1.000000 3.000000 1.000000 1.000000 0.000000 6.000000 0.820361 0.005035 675560.000000
0.000000 4.000000 0.000000 1.000000 1.000000 5.000000 0.679208 0.004415 365846.000000
3.000000 4.000000 1.000000 0.000000 0.000000 9.000000 0.825595 0.011350 723022.000000
0.000000 3.000000 1.000000 0.000000 0.000000 7.000000 0.680475 0.004240 755415.000000
3.000000 0.000000 0.000000 2.000000 0.000000 2.000000 0.774247 0.009705 547225.000000
0.000000 3.000000 0.000000 1.000000 0.000000 1.000000 0.670508 0.002355 505869.000000
2.000000 4.000000 0.000000 0.000000 1.000000 3.000000 0.830126 0.005350 483892.000000
2.000000 1.000000 1.000000 2.000000 1.000000 7.000000 0.835855 0.005815 559307.000000
0.000000 5.000000 0.000000 1.000000 1.000000 6.000000 0.670355 0.005000 314007.000000
4.000000 4.000000 1.000000 1.000000 1.000000 4.000000 0.829826 0.007230 614552.000000
4.000000 4.000000 1.000000 0.000000 0.000000 6.000000 0.820361 0.005610 687133.000000
3.000000 4.000000 0.000000 2.000000 0.000000 1.000000 0.822084 0.009400 555534.000000
3.000000 2.000000 0.000000 1.000000 0.000000 4.000000 0.829791 0.009335 656565.000000
0.000000 3.000000 0.000000 0.000000 0.000000 1.000000 0.670508 0.002875 516191.000000
2.000000 4.000000 1.000000 1.000000 0.000000 4.000000 0.828753 0.003785 771821.000000
1.000000 1.000000 1.000000 2.000000 0.000000 6.000000 0.823895 0.004955 647331.000000
3.000000 1.000000 1.000000 1.000000 0.000000 9.000000 0.828761 0.010640 679462.000000
1.000000 0.000000 1.000000 2.000000 1.000000 3.000000 0.829762 0.006680 676705.000000
0.000000 5.000000 0.000000 0.000000 1.000000 0.000000 0.680313 0.005425 423028.000000
3.000000 4.000000 0.000000 2.000000 0.000000 8.000000 0.825221 0.009940 518789.000000
3.000000 3.000000 0.000000 1.000000 0.000000 4.000000 0.829791 0.009335 656565.000000
4.000000 5.000000 0.000000 0.000000 1.000000 5.000000 0.839602 0.007535 365375.000000
1.000000 4.000000 1.000000 1.000000 0.000000 1.000000 0.820361 0.005035 675560.000000
4.000000 3.000000 0.000000 1.000000 0.000000 1.000000 0.820361 0.004450 534355.000000
2.000000 1.000000 0.000000 2.000000 0.000000 4.000000 0.827229 0.003065 600668.000000
3.000000 5.000000 0.000000 1.000000 0.000000 5.000000 0.834780 0.009695 519000.000000
3.000000 4.000000 1.000000 0.000000 1.000000 6.000000 0.822084 0.012650 533888.000000
0.000000 5.000000 1.000000 2.000000 1.000000 3.000000 0.676056 0.005020 563121.000000
0.000000 3.000000 0.000000 0.000000 1.000000 1.000000 0.670508 0.004960 352612.000000
0.000000 3.000000 1.000000 0.000000 0.000000 0.000000 0.680191 0.004030 749370.000000
2.000000 2.000000 0.000000 2.000000 0.000000 9.000000 0.832463 0.003755 546705.000000
2.000000 1.000000 1.000000 1.000000 0.000000 2.000000 0.773459 0.003665 558428.000000
4.000000 5.000000 1.000000 0.000000 0.000000 2.000000 0.772845 0.005585 579738.000000
2.000000 4.000000 0.000000 0.000000 0.000000 4.000000 0.828822 0.003655 638429.000000
3.000000 2.000000 1.000000 0.000000 0.000000 4.000000 0.829722 0.010625 810521.000000
1.000000 3.000000 0.000000 0.000000 1.000000 9.000000 0.832645 0.007835 413281.000000
3.000000 0.000000 1.000000 0.000000 0.000000 4.000000 0.829722 0.010800 875844.000000
1.000000 1.000000 0.000000 1.000000 1.000000 1.000000 0.822188 0.005890 331085.000000
4.000000 2.000000 0.000000 1.000000 0.000000 7.000000 0.836991 0.005120 630133.000000
1.000000 0.000000 1.000000 1.000000 1.000000 7.000000 0.835045 0.007415 675429.000000
3.000000 3.000000 1.000000 2.000000 1.000000 4.000000 0.829722 0.012650 628014.000000
0.000000 2.000000 1.000000 2.000000 1.000000 7.000000 0.680475 0.005130 574984.000000
2.000000 2.000000 1.000000 0.000000 0.000000 8.000000 0.825630 0.004795 639187.000000
1.000000 5.000000 0.000000 1.000000 1.000000 1.000000 0.822188 0.006420 337465.000000
0.000000 1.000000 0.000000 2.000000 1.000000 2.000000 0.644086 0.003770 234117.000000
0.000000 1.000000 0.000000 2.000000 1.000000 9.000000 0.671702 0.004535 343074.000000
0.000000 3.000000 1.000000 1.000000 0.000000 9.000000 0.676470 0.003670 668766.000000
4.000000 2.000000 0.000000 2.000000 0.000000 0.000000 0.831048 0.004930 629169.000000
2.000000 4.000000 1.000000 1.000000 0.000000 3.000000 0.828753 0.003785 771821.000000
3.000000 3.000000 0.000000 0.000000 0.000000 9.000000 0.832469 0.010725 580005.000000
