2 8 12 14 5 30 8 11 6 2
2 8 13 14 4 80 11 7 6 2
2 8 10 14 3 36 8 11 6 4
0 4 13 18 2 110 10 8 7 2
1 4 9 14 1 118 10 11 8 2
2 8 12 14 5 80 11 10 9 4
1 8 13 10 4 100 7 7 9 3
0 8 10 14 3 36 7 8 7 3
2 4 11 14 2 30 8 10 9 2
1 4 11 6 1 92 10 11 8 2
2 8 12 6 5 30 12 9 9 1
2 8 11 6 4 80 12 11 8 1
0 8 10 10 3 30 9 10 8 4
1 4 11 6 2 100 7 7 9 3
1 4 11 22 1 100 11 7 6 2
0 8 12 6 5 100 7 7 9 2
2 8 13 14 4 80 7 11 9 2
2 8 10 14 3 36 9 8 6 0
1 4 11 18 2 52 8 8 8 0
2 4 13 10 1 80 11 11 8 3
2 8 10 10 5 30 8 7 6 2
0 8 11 18 4 92 9 11 9 4
0 8 11 18 3 30 8 11 7 2
1 4 8 14 2 118 8 10 7 4
0 4 11 10 1 80 10 9 6 2
0 8 10 6 5 30 11 8 6 1
0 8 13 22 4 80 11 10 7 0
0 8 10 14 3 36 7 7 6 0
2 4 9 18 2 30 10 7 8 2
2 4 8 6 1 80 12 11 6 4
1 8 10 6 5 80 8 7 6 3
2 8 11 22 4 100 8 11 9 2
2 8 11 18 3 36 11 11 8 2
1 4 11 10 2 92 8 7 7 1
1 4 13 10 1 100 12 10 7 3
0 8 12 6 5 100 9 8 6 0
0 8 13 22 4 92 10 9 7 2
1 8 10 18 3 30 10 11 6 1
1 4 8 6 2 36 8 8 7 4
1 4 8 14 1 92 7 10 6 4
2 8 12 22 5 80 7 9 8 4
0 8 11 10 4 92 8 8 7 4
2 8 10 18 3 30 11 8 8 3
0 4 9 10 2 118 8 8 7 0
1 4 10 6 1 118 11 8 7 2
1 8 10 10 5 100 9 8 6 4
1 8 13 22 4 36 8 11 7 2
2 8 10 18 3 36 10 7 6 1
1 4 9 18 2 92 10 8 8 0
2 4 10 6 1 118 12 10 7 4
0 8 12 18 5 30 7 9 9 3
0 8 13 6 4 36 7 10 6 2
1 8 10 18 3 30 10 9 6 0
2 4 8 22 2 30 11 7 8 4
0 4 11 22 1 118 12 9 9 2
2 8 10 10 5 80 12 8 9 0
2 8 13 14 4 92 9 7 6 0
2 8 11 6 3 30 11 11 6 4
1 4 8 22 2 110 7 11 8 3
2 4 12 22 1 92 9 10 6 0
1 8 10 6 5 80 12 9 9 3
2 8 13 22 4 100 11 9 6 4
1 8 11 6 3 36 12 7 9 2
1 4 10 22 2 52 12 11 6 3
1 4 9 14 1 52 9 11 6 0
1 8 10 6 5 80 10 10 7 1
0 8 11 14 4 92 12 8 8 2
1 8 11 14 3 36 7 7 7 4
0 4 8 10 2 118 12 9 7 1
0 4 11 22 1 52 9 7 7 0
2 8 10 14 5 110 11 10 6 2
0 8 13 10 4 92 11 8 9 2
2 8 10 6 3 36 9 8 6 0
1 4 13 6 2 36 10 11 9 4
2 4 10 22 1 80 9 7 9 0
2 8 10 18 5 80 10 10 6 2
1 8 13 6 4 92 11 11 9 3
1 8 10 14 3 30 8 11 7 3
0 4 11 6 2 118 12 9 6 3
2 4 9 18 1 92 7 9 7 2
2 8 10 22 5 110 12 7 8 2
0 8 13 22 4 36 12 9 8 1
0 8 11 18 3 30 8 10 8 3
1 4 9 18 2 36 8 10 8 4
1 4 10 6 1 52 9 11 7 1
1 8 10 14 5 110 9 10 9 4
2 8 13 6 4 100 9 9 9 0
1 8 11 22 3 30 9 10 6 2
1 4 11 22 2 134 9 8 7 3
1 4 8 14 1 92 7 11 6 1
2 8 10 22 5 110 10 7 8 2
0 8 13 18 4 36 10 8 8 0
2 8 10 22 3 36 12 9 8 4
2 4 8 10 2 80 10 8 6 4
2 4 10 18 1 36 9 7 7 2
1 8 10 6 5 30 10 11 9 0
2 8 11 22 4 36 7 10 9 4
1 8 10 6 3 30 12 7 8 2
0 4 8 18 2 110 11 10 7 4
0 4 11 18 1 92 10 7 7 1
0 8 12 14 5 30 10 7 8 0
2 8 11 18 4 100 7 9 8 4
2 8 11 14 3 36 7 8 7 2
2 4 13 10 2 134 9 8 8 3
0 4 12 6 1 118 8 7 8 3
0 8 10 10 5 100 11 8 8 2
0 8 13 14 4 52 7 11 7 1
0 8 11 6 3 36 9 8 7 1
0 4 13 22 2 110 8 10 6 1
2 4 9 10 1 134 12 8 7 4
1 8 10 18 5 80 8 11 7 4
2 8 11 22 4 80 12 11 6 2
2 8 11 14 3 30 9 8 8 1
0 4 13 10 2 30 7 10 6 4
0 4 12 10 1 36 12 7 7 4
0 8 10 18 5 80 12 8 9 3
1 8 11 10 4 100 9 8 9 0
1 8 10 18 3 36 12 11 9 2
1 4 10 10 2 36 10 8 7 2
1 4 8 22 1 36 8 11 7 1
1 8 10 10 5 100 10 7 8 1
1 8 11 22 4 80 7 7 7 3
1 8 10 14 3 36 12 11 7 0
2 4 9 14 2 110 9 10 8 0
2 4 13 22 1 80 11 11 8 4
2 8 10 14 5 30 9 11 9 3
2 8 13 22 4 92 11 10 9 0
1 8 10 22 3 30 11 9 8 1
2 4 8 6 2 134 10 8 7 4
0 4 8 22 1 100 12 11 9 0
1 8 10 22 5 110 9 9 8 2
1 8 13 14 4 36 9 9 7 1
2 8 11 6 3 36 10 7 6 1
2 4 10 6 2 100 8 9 6 0
0 4 11 18 1 36 7 11 6 2
1 8 10 22 5 110 9 10 7 1
1 8 13 6 4 36 9 9 9 2
1 8 10 10 3 30 12 8 9 2
2 4 8 6 2 92 12 10 8 3
1 4 13 6 1 80 10 9 6 3
2 8 10 6 5 110 8 7 6 0
0 8 11 14 4 52 12 11 8 3
0 8 11 6 3 30 10 7 7 2
0 4 9 22 2 110 7 11 7 4
1 4 11 14 1 100 12 9 9 0
0 8 10 22 5 110 11 9 9 0
0 8 11 14 4 36 9 7 6 2
2 8 10 22 3 30 7 9 7 3
0 4 9 14 2 118 8 7 6 3
1 4 9 10 1 134 8 8 7 3
0 8 12 18 5 100 7 10 6 3
1 8 13 18 4 80 11 10 7 1
2 8 11 14 3 36 10 10 8 1
1 4 9 18 2 30 9 9 7 0
1 4 12 6 1 30 9 9 8 1
2 8 10 18 5 100 10 11 9 3
0 8 11 14 4 52 10 7 7 4
0 8 11 10 3 36 7 7 9 3
2 4 13 6 2 36 12 7 8 1
1 4 10 6 1 118 11 7 6 1
1 8 10 14 5 110 7 9 8 4
0 8 11 6 4 80 12 7 7 0
1 8 10 6 3 36 11 11 6 3
1 4 8 14 2 92 9 8 8 0
0 4 8 6 1 80 9 7 8 1
0 8 10 6 5 110 7 11 6 1
0 8 13 18 4 36 7 9 8 0
1 8 10 22 3 36 8 8 9 4
0 4 13 22 2 36 7 9 7 3
2 4 11 18 1 92 10 7 6 3
2 8 12 18 5 80 8 8 6 2
1 8 13 22 4 80 7 9 6 1
2 8 10 10 3 30 12 11 8 4
1 4 10 22 2 92 12 11 6 4
2 4 13 10 1 118 10 9 8 3
1 8 12 18 5 80 9 8 9 4
0 8 11 10 4 92 12 9 9 0
0 8 10 22 3 30 10 9 6 0
2 4 9 10 2 30 12 10 8 1
2 4 11 18 1 30 12 8 7 0
1 8 10 10 5 110 7 10 6 1
2 8 11 22 4 100 11 10 7 0
2 8 11 22 3 36 11 11 9 4
2 4 11 18 2 52 11 11 9 3
1 4 13 10 1 92 9 10 7 2
0 8 10 14 5 30 8 8 7 0
0 8 13 22 4 80 8 7 8 3
2 8 10 6 3 36 8 11 6 2
2 4 11 14 2 36 9 11 8 2
0 4 13 18 1 36 8 10 6 3
2 8 10 22 5 80 9 8 8 4
0 8 11 18 4 80 7 8 6 1
2 8 11 22 3 30 11 10 8 4
0 4 11 18 2 36 12 9 9 2
1 4 10 10 1 36 12 11 9 4
0 8 10 14 5 110 10 9 9 4
0 8 11 18 4 92 10 11 7 4
0 8 11 6 3 30 12 9 9 4
1 4 13 22 2 80 12 11 7 1
1 4 8 18 1 100 8 10 6 2
