1 8 4 12 5 105 1 0 3 2
1 8 4 8 4 64 6 0 0 3
0 8 5 8 3 96 1 3 0 2
1 4 2 12 2 96 5 6 3 0
1 4 3 16 1 64 4 4 1 4
0 8 6 12 5 105 3 6 3 0
2 8 1 20 4 84 5 0 0 4
2 8 6 20 3 84 3 1 5 0
1 4 5 12 2 64 5 0 0 2
0 4 2 8 1 128 4 2 3 2
1 8 4 8 5 120 5 1 1 2
0 8 4 8 4 120 5 6 3 2
1 8 5 12 3 96 6 6 5 0
1 4 0 16 2 64 0 0 1 3
2 4 2 16 1 84 2 3 5 1
2 8 4 16 5 120 3 2 1 4
1 8 3 16 4 120 6 1 2 0
1 8 6 8 3 105 6 2 4 0
0 4 5 16 2 32 3 2 2 1
1 4 3 12 1 128 0 4 0 4
0 8 4 8 5 120 6 2 2 0
1 8 2 16 4 84 5 0 3 1
0 8 5 20 3 96 2 5 1 3
0 4 4 12 2 84 3 3 3 4
2 4 5 20 1 128 1 1 3 4
1 8 6 8 5 105 3 0 3 1
1 8 2 8 4 96 1 1 4 2
1 8 5 16 3 84 0 1 4 4
1 4 0 8 2 96 5 5 0 2
1 4 1 8 1 130 4 2 4 3
1 8 5 12 5 130 1 3 5 2
1 8 2 12 4 128 3 3 4 4
2 8 2 8 3 84 0 2 2 3
2 4 2 12 2 96 5 3 3 1
1 4 2 16 1 64 4 6 0 4
2 8 6 16 5 120 1 0 0 2
1 8 4 8 4 64 2 1 2 0
1 8 2 16 3 84 6 0 2 0
2 4 1 8 2 64 5 3 4 1
2 4 4 8 1 128 4 4 3 2
2 8 4 8 5 105 1 4 1 1
1 8 1 16 4 84 1 3 2 1
1 8 2 16 3 120 6 1 4 2
1 4 5 16 2 64 3 3 4 4
1 4 6 8 1 120 2 2 4 0
1 8 5 20 5 130 2 2 5 4
2 8 2 12 4 32 4 6 0 2
1 8 6 12 3 105 6 3 1 2
2 4 3 20 2 130 0 0 5 3
0 4 5 8 1 105 2 1 0 0
2 8 5 8 5 105 6 5 4 1
1 8 4 12 4 64 2 5 3 1
2 8 5 16 3 96 1 6 4 0
1 4 1 12 2 64 2 6 1 2
0 4 3 12 1 96 1 4 2 4
1 8 4 16 5 105 1 6 2 4
2 8 1 16 4 32 4 1 0 2
1 8 5 12 3 105 6 5 5 2
1 4 1 12 2 120 4 4 0 4
1 4 5 20 1 32 6 0 5 4
0 8 5 12 5 105 1 2 3 3
2 8 2 20 4 96 1 5 4 2
2 8 6 16 3 84 0 3 3 4
1 4 5 20 2 64 2 5 4 3
0 4 3 8 1 120 3 5 4 1
0 8 4 20 5 130 2 3 4 1
0 8 3 16 4 128 6 6 2 2
1 8 2 20 3 84 5 4 1 3
0 4 4 12 2 64 0 1 5 1
2 4 1 8 1 105 0 0 0 1
1 8 4 16 5 105 3 1 5 0
2 8 1 16 4 120 2 1 0 2
2 8 5 8 3 105 0 0 2 2
0 4 3 12 2 32 1 1 3 2
0 4 0 8 1 84 3 1 5 0
0 8 6 8 5 120 0 0 5 4
1 8 4 16 4 96 0 1 2 2
2 8 6 12 3 84 1 5 0 2
0 4 2 8 2 84 2 0 5 2
1 4 6 8 1 64 0 5 2 3
0 8 6 8 5 120 3 4 2 4
1 8 4 20 4 32 6 3 4 3
1 8 5 20 3 105 3 5 5 0
2 4 0 8 2 128 5 2 3 0
2 4 6 16 1 64 0 4 0 1
1 8 5 12 5 130 6 1 2 4
1 8 1 8 4 96 1 2 1 1
0 8 5 16 3 96 4 3 1 2
0 4 4 20 2 130 0 1 2 1
1 4 5 16 1 84 0 0 2 4
1 8 6 20 5 130 3 3 5 1
0 8 2 8 4 96 3 6 1 4
1 8 5 20 3 96 0 3 0 3
2 4 0 12 2 130 5 2 0 0
1 4 2 20 1 96 6 2 2 0
0 8 5 20 5 105 2 1 2 4
1 8 2 12 4 120 1 6 5 0
1 8 5 8 3 96 1 4 5 1
0 4 1 16 2 32 0 1 1 0
0 4 1 12 1 105 1 5 5 2
2 8 6 12 5 130 3 5 1 4
2 8 2 12 4 84 0 3 5 1
1 8 2 16 3 96 3 4 0 2
1 4 1 8 2 120 3 1 2 0
0 4 5 20 1 130 6 1 1 4
2 8 4 16 5 130 4 4 2 0
2 8 2 20 4 120 3 6 5 1
0 8 2 16 3 96 6 1 4 2
1 4 5 8 2 96 2 0 2 1
0 4 0 20 1 64 1 1 3 4
0 8 5 20 5 105 6 3 1 4
1 8 3 8 4 84 3 1 0 3
2 8 2 16 3 84 1 3 5 0
0 4 4 8 2 84 0 5 1 1
2 4 5 8 1 32 1 1 2 1
1 8 5 16 5 105 6 6 3 4
0 8 2 16 4 32 5 0 0 3
1 8 6 8 3 96 0 2 0 4
0 4 2 8 2 64 3 1 1 4
2 4 5 20 1 130 4 6 1 4
0 8 4 16 5 105 6 6 1 0
2 8 3 8 4 96 2 6 3 3
1 8 5 20 3 96 1 0 4 3
1 4 1 20 2 96 0 0 4 4
2 4 5 20 1 32 4 4 2 2
0 8 5 12 5 105 1 3 0 4
1 8 1 8 4 96 3 5 0 3
0 8 6 12 3 120 0 5 2 4
1 4 5 16 2 128 0 2 5 1
0 4 4 20 1 120 2 5 4 4
0 8 5 20 5 130 4 2 4 1
2 8 4 8 4 64 6 3 4 2
2 8 5 20 3 120 6 6 5 1
0 4 5 20 2 96 4 5 3 2
0 4 0 20 1 96 2 3 2 0
2 8 4 8 5 120 3 3 1 2
1 8 3 16 4 128 2 0 3 0
0 8 6 8 3 84 3 2 3 1
2 4 0 12 2 84 0 0 3 4
0 4 2 20 1 120 6 3 4 0
1 8 6 8 5 105 4 4 5 4
1 8 3 12 4 64 5 1 2 4
2 8 2 20 3 105 1 1 5 3
2 4 2 20 2 96 1 1 1 4
1 4 1 12 1 130 6 4 5 4
0 8 6 20 5 130 0 5 4 4
1 8 2 12 4 84 1 3 0 3
0 8 2 16 3 96 2 5 3 0
0 4 2 12 2 128 2 1 3 0
0 4 3 8 1 120 5 3 0 1
0 8 4 16 5 130 2 5 0 0
2 8 1 20 4 64 3 6 0 0
0 8 6 20 3 96 1 4 3 4
1 4 4 20 2 130 1 4 4 1
1 4 3 20 1 120 1 1 0 4
0 8 5 8 5 130 1 0 1 0
2 8 4 20 4 32 3 0 2 1
2 8 5 8 3 120 0 4 2 3
2 4 4 20 2 64 3 2 4 4
1 4 2 16 1 64 6 2 0 4
2 8 6 20 5 120 4 0 3 2
2 8 1 8 4 64 1 5 4 0
1 8 6 16 3 120 6 4 0 3
2 4 1 8 2 84 3 2 2 3
1 4 5 12 1 120 3 4 3 2
2 8 4 8 5 105 6 1 2 3
2 8 3 16 4 32 4 2 5 1
1 8 2 8 3 105 2 6 2 3
0 4 0 20 2 32 6 4 3 2
0 4 3 8 1 130 4 0 0 2
1 8 6 16 5 120 1 4 5 2
1 8 2 20 4 64 0 0 0 0
0 8 6 8 3 96 6 3 2 1
0 4 0 8 2 84 4 2 3 3
2 4 3 8 1 105 3 1 3 0
1 8 5 12 5 105 4 6 0 4
2 8 2 20 4 120 6 5 5 3
0 8 6 8 3 120 1 1 1 2
2 4 3 16 2 128 3 2 1 0
0 4 6 20 1 32 4 0 4 2
1 8 4 12 5 105 3 3 1 2
0 8 1 8 4 128 6 1 3 1
1 8 6 12 3 105 4 1 5 2
2 4 2 20 2 32 2 4 3 2
2 4 0 8 1 96 0 0 2 3
0 8 5 12 5 130 0 5 5 1
2 8 1 8 4 32 2 6 3 3
0 8 2 12 3 84 1 6 4 1
0 4 1 16 2 32 1 5 4 2
1 4 0 8 1 120 6 6 2 2
2 8 5 8 5 105 0 2 1 0
2 8 3 12 4 84 6 2 0 4
0 8 2 12 3 120 5 1 5 2
1 4 4 20 2 130 4 6 4 1
2 4 3 20 1 32 1 6 1 3
2 8 6 12 5 130 6 2 2 4
2 8 4 20 4 32 5 0 3 4
1 8 5 8 3 120 1 3 2 4
2 4 1 12 2 128 2 0 2 3
2 4 5 20 1 130 6 5 2 0
1 8 5 8 5 105 2 3 4 4
2 8 1 20 4 64 0 5 4 3
1 8 5 20 3 105 6 1 1 2
1 4 3 12 2 130 4 4 0 4
1 4 6 20 1 32 6 2 3 4
0 8 5 8 5 105 3 4 2 1
2 8 1 12 4 128 2 2 4 0
1 8 6 8 3 120 2 2 5 2
2 4 3 8 2 64 5 4 1 2
2 4 1 8 1 96 0 6 4 1
0 8 6 8 5 130 2 4 2 1
0 8 1 20 4 84 3 4 3 2
1 8 2 20 3 105 4 3 2 0
2 4 2 8 2 64 6 4 2 2
0 4 1 20 1 130 6 3 2 0
2 8 4 8 5 105 4 5 5 4
1 8 1 20 4 64 4 0 1 3
1 8 6 8 3 96 0 5 5 2
1 4 3 12 2 64 4 2 3 4
2 4 0 12 1 96 5 3 1 1
0 8 5 20 5 130 5 4 4 0
0 8 4 12 4 96 5 6 2 1
0 8 2 12 3 84 6 0 2 4
0 4 2 8 2 120 2 3 1 2
0 4 3 12 1 64 1 4 1 1
2 8 4 20 5 120 4 4 5 1
1 8 1 16 4 64 1 2 0 1
1 8 6 12 3 84 3 3 0 0
1 4 1 16 2 84 2 2 3 2
2 4 1 20 1 84 4 5 4 1
1 8 6 12 5 130 5 3 3 3
2 8 1 16 4 32 2 5 3 0
0 8 6 8 3 105 4 3 3 0
1 4 1 12 2 32 0 0 5 0
2 4 3 8 1 130 0 3 1 1
2 8 5 20 5 120 2 6 2 4
1 8 2 16 4 32 1 6 2 4
0 8 5 12 3 120 1 3 3 0
1 4 0 8 2 84 3 3 2 3
0 4 1 8 1 64 0 6 2 4
1 8 6 8 5 130 0 3 0 0
0 8 3 8 4 128 5 5 0 3
2 8 5 20 3 96 3 4 5 4
0 4 4 16 2 120 1 4 4 4
2 4 2 16 1 105 5 5 0 2
1 8 6 16 5 120 0 1 0 3
0 8 2 20 4 128 3 6 4 2
0 8 5 20 3 84 5 5 0 2
2 4 1 8 2 96 6 6 3 0
0 4 0 16 1 120 0 5 0 2
0 8 4 16 5 105 5 6 1 2
0 8 3 16 4 96 6 2 3 0
1 8 2 16 3 105 0 5 2 0
1 4 4 20 2 128 4 5 3 0
2 4 6 12 1 130 6 5 1 0
2 8 5 16 5 130 0 6 2 1
1 8 1 8 4 32 5 3 1 0
2 8 5 8 3 96 0 1 2 0
2 4 4 12 2 84 3 5 0 4
2 4 4 20 1 120 2 4 3 0
0 8 5 12 5 105 1 3 4 0
2 8 3 16 4 96 6 5 3 4
0 8 2 20 3 105 2 3 2 2
1 4 4 12 2 130 6 4 5 1
1 4 1 8 1 84 2 5 5 3
2 8 6 12 5 130 2 0 4 0
1 8 2 12 4 84 1 5 1 0
2 8 6 12 3 96 0 1 2 3
2 4 0 8 2 128 6 4 5 0
0 4 3 8 1 64 4 5 2 2
2 8 4 12 5 130 1 1 5 4
1 8 1 12 4 32 3 2 3 3
0 8 5 12 3 84 6 6 1 4
0 4 2 8 2 130 2 0 1 0
2 4 3 16 1 105 5 3 4 1
1 8 6 16 5 120 5 3 1 1
1 8 3 12 4 128 4 4 4 3
1 8 2 12 3 105 6 5 5 4
2 4 2 16 2 84 1 5 4 0
1 4 0 20 1 32 3 0 2 2
1 8 4 12 5 130 5 1 0 4
0 8 2 8 4 64 1 6 3 2
0 8 6 16 3 96 0 5 3 4
0 4 5 12 2 130 2 1 2 0
0 4 6 20 1 130 5 6 1 1
1 8 6 20 5 120 4 1 4 3
0 8 4 8 4 84 6 4 4 4
2 8 2 12 3 84 2 3 1 4
2 4 2 12 2 96 1 0 3 1
0 4 1 8 1 120 0 2 4 1
1 8 6 8 5 120 6 1 4 3
0 8 1 16 4 96 1 2 4 4
1 8 6 8 3 120 1 5 2 2
1 4 2 12 2 84 2 0 3 4
2 4 2 20 1 84 3 0 5 1
1 8 4 12 5 105 5 3 0 2
0 8 4 12 4 120 3 4 4 3
1 8 2 20 3 105 5 0 1 2
0 4 1 20 2 96 3 5 5 2
0 4 5 8 1 64 0 0 0 4
0 8 4 12 5 120 3 1 1 2
0 8 3 16 4 96 6 3 5 2
1 8 6 20 3 105 5 5 5 2
0 4 3 16 2 64 3 0 2 3
1 4 5 16 1 105 2 4 2 0
0 8 6 8 5 130 5 0 3 0
0 8 2 8 4 120 0 1 4 3
2 8 2 12 3 105 1 4 2 3
1 4 2 16 2 32 3 0 1 3
2 4 5 12 1 130 0 5 4 3
0 8 6 12 5 120 6 1 4 4
1 8 3 12 4 96 1 4 1 0
1 8 5 20 3 96 2 0 0 4
1 4 1 12 2 32 1 4 2 2
1 4 3 16 1 128 1 0 3 2
0 8 4 12 5 105 1 1 2 0
0 8 2 12 4 96 2 5 3 1
2 8 2 16 3 84 6 2 0 4
2 4 3 12 2 120 1 4 4 2
2 4 1 12 1 32 0 1 5 2
0 8 5 12 5 120 4 2 5 3
0 8 1 12 4 120 6 6 3 3
2 8 5 12 3 84 5 6 3 2
0 4 4 12 2 32 0 4 2 0
2 4 0 16 1 105 4 5 5 4
1 8 4 16 5 120 4 4 1 4
2 8 2 20 4 128 5 0 2 2
2 8 2 16 3 84 5 2 3 3
1 4 4 20 2 96 5 0 3 4
1 4 4 20 1 120 6 5 3 0
2 8 6 12 5 130 3 0 0 4
0 8 4 12 4 128 5 1 2 3
0 8 2 8 3 105 0 1 1 2
2 4 4 20 2 128 4 2 2 3
0 4 1 20 1 64 5 1 1 4
0 8 5 8 5 105 2 6 5 4
0 8 2 8 4 84 6 2 5 4
2 8 6 16 3 84 2 4 0 0
2 4 2 8 2 130 3 6 0 0
1 4 5 8 1 128 5 6 1 3
0 8 4 16 5 120 1 3 3 2
1 8 2 16 4 64 3 2 5 1
0 8 5 16 3 105 5 4 2 4
0 4 2 20 2 32 1 2 5 0
0 4 1 8 1 130 5 3 0 3
1 8 6 12 5 105 4 3 5 1
1 8 3 12 4 64 2 3 5 2
0 8 2 20 3 105 6 6 2 3
0 4 0 16 2 120 3 6 5 0
0 4 4 12 1 32 3 0 1 0
0 8 4 16 5 130 3 3 1 0
0 8 2 16 4 84 6 2 3 1
0 8 2 20 3 105 0 1 4 0
0 4 1 8 2 64 4 4 4 4
1 4 0 8 1 105 3 5 1 0
1 8 4 8 5 130 2 5 1 3
0 8 3 8 4 96 4 1 5 1
0 8 2 16 3 105 2 2 1 0
1 4 5 12 2 128 0 6 5 0
0 4 1 20 1 120 0 4 2 0
0 8 6 8 5 120 0 1 4 2
1 8 4 20 4 96 1 4 0 3
0 8 5 16 3 105 2 4 0 2
0 4 5 8 2 128 3 2 1 3
2 4 1 16 1 105 6 1 1 1
0 8 5 16 5 120 3 3 1 1
2 8 2 8 4 120 4 3 4 4
1 8 6 20 3 120 2 1 3 4
2 4 5 16 2 128 3 4 0 2
1 4 2 8 1 105 2 3 3 3
1 8 5 12 5 120 6 1 5 3
0 8 4 12 4 128 1 3 4 0
1 8 2 16 3 120 5 4 0 4
1 4 0 8 2 32 6 1 2 3
0 4 4 16 1 130 4 5 0 0
1 8 4 12 5 120 3 2 2 4
2 8 1 8 4 120 4 5 4 4
2 8 6 12 3 120 0 3 0 3
0 4 2 8 2 120 2 5 3 2
2 4 0 16 1 130 3 0 3 2
0 8 5 16 5 105 4 0 5 1
0 8 2 12 4 96 6 6 0 0
2 8 5 12 3 120 2 4 2 4
0 4 4 12 2 128 1 5 5 0
0 4 3 12 1 130 1 5 5 1
0 8 4 8 5 120 1 6 0 3
0 8 2 20 4 120 5 4 3 3
2 8 6 16 3 96 0 1 0 1
0 4 4 12 2 64 5 6 5 0
1 4 4 16 1 105 4 3 4 4
0 8 4 12 5 120 3 2 3 1
1 8 3 20 4 64 2 6 3 3
0 8 2 20 3 84 6 6 3 1
2 4 5 20 2 84 1 3 1 1
2 4 6 20 1 96 4 0 0 1
1 8 5 20 5 130 5 2 1 4
1 8 1 12 4 120 0 5 1 4
1 8 5 8 3 84 6 3 4 2
2 4 5 16 2 32 4 0 1 4
2 4 6 16 1 64 6 2 2 3
0 8 5 16 5 120 1 4 2 3
0 8 4 16 4 120 0 5 1 0
2 8 5 16 3 96 4 3 2 0
0 4 4 20 2 64 1 1 2 2
0 4 2 12 1 96 3 4 3 1
1 8 4 16 5 120 6 4 3 3
0 8 4 12 4 128 3 2 2 2
2 8 5 16 3 105 5 0 4 2
2 4 4 12 2 128 2 4 0 4
1 4 3 16 1 128 3 2 2 2
2 8 5 12 5 105 0 1 1 0
2 8 4 20 4 128 4 3 4 3
2 8 2 20 3 105 6 4 5 4
2 4 4 16 2 84 1 4 5 3
2 4 1 12 1 64 4 5 0 1
0 8 6 8 5 130 5 5 1 0
2 8 3 20 4 96 5 0 0 0
0 8 5 20 3 96 2 1 1 3
1 4 1 8 2 130 5 1 0 1
2 4 1 16 1 84 1 5 5 4
1 8 4 8 5 120 2 4 2 2
2 8 3 20 4 64 5 0 3 4
0 8 6 12 3 120 3 3 0 3
0 4 4 12 2 120 6 1 1 1
2 4 5 20 1 64 1 1 5 3
2 8 6 8 5 130 2 4 4 3
2 8 1 8 4 128 0 4 2 3
2 8 2 20 3 120 2 5 4 1
0 4 1 8 2 120 2 4 0 2
0 4 4 20 1 96 4 6 3 2
1 8 5 16 5 105 2 0 3 3
2 8 2 12 4 84 3 5 1 4
0 8 2 8 3 105 1 0 3 3
2 4 2 20 2 96 5 6 0 4
0 4 0 12 1 120 2 0 1 4
1 8 5 16 5 120 3 5 0 0
1 8 3 12 4 96 6 2 1 3
1 8 2 8 3 120 0 3 2 3
1 4 2 12 2 128 3 4 0 2
2 4 2 20 1 105 5 1 2 4
0 8 4 20 5 130 5 2 3 1
0 8 4 16 4 96 5 6 1 0
0 8 6 16 3 84 3 2 5 1
2 4 4 8 2 130 6 5 3 4
0 4 4 16 1 32 4 6 0 0
1 8 5 8 5 120 5 1 0 0
1 8 2 16 4 128 3 5 1 3
1 8 6 8 3 105 1 0 1 0
2 4 5 20 2 32 2 3 3 0
1 4 1 20 1 120 1 1 2 1
1 8 5 12 5 130 5 5 4 3
0 8 4 20 4 120 4 5 1 2
2 8 5 16 3 96 5 2 1 1
1 4 0 20 2 64 3 4 0 2
1 4 5 16 1 130 3 2 4 0
2 8 6 8 5 130 4 1 4 0
1 8 4 8 4 64 0 2 3 3
1 8 6 8 3 105 6 6 2 3
1 4 3 20 2 64 5 0 0 0
1 4 1 20 1 64 1 0 1 1
1 8 5 12 5 105 4 2 1 2
1 8 1 8 4 64 2 5 3 1
0 8 5 20 3 105 2 4 3 0
2 4 4 16 2 130 1 2 2 1
2 4 3 8 1 128 6 3 1 3
1 8 6 8 5 105 4 0 1 4
0 8 1 8 4 120 6 4 0 4
0 8 5 16 3 120 3 5 4 4
1 4 4 20 2 96 4 1 5 2
0 4 4 16 1 96 6 4 2 0
1 8 5 8 5 120 1 4 4 2
2 8 4 8 4 64 5 1 4 0
0 8 6 16 3 96 2 4 0 2
2 4 5 20 2 84 3 2 2 1
0 4 6 12 1 128 1 1 4 4
1 8 4 20 5 105 4 3 0 1
2 8 1 20 4 32 6 5 2 1
0 8 2 8 3 105 4 0 5 0
0 4 1 8 2 96 0 1 5 3
0 4 1 16 1 105 5 0 0 1
2 8 4 20 5 105 6 4 3 3
0 8 3 20 4 32 1 5 0 2
0 8 6 12 3 105 1 6 3 0
1 4 3 12 2 96 4 2 1 4
2 4 0 8 1 32 2 5 1 4
2 8 4 20 5 130 3 4 5 1
1 8 4 8 4 64 3 6 4 4
2 8 6 16 3 96 5 4 2 4
2 4 3 12 2 120 1 0 2 4
2 4 4 20 1 32 4 0 5 0
1 8 6 16 5 130 2 4 1 3
1 8 2 12 4 84 3 5 4 3
0 8 2 8 3 105 6 0 4 1
1 4 4 8 2 32 2 6 1 0
1 4 5 8 1 64 1 5 5 3
2 8 6 20 5 105 0 4 0 1
2 8 4 20 4 64 4 3 0 4
2 8 2 16 3 84 6 5 5 3
0 4 3 8 2 84 3 1 0 0
2 4 4 12 1 120 5 1 2 2
2 8 6 16 5 130 1 0 3 3
0 8 1 16 4 64 6 2 3 2
2 8 2 12 3 105 0 6 1 1
0 4 1 8 2 128 2 0 4 4
0 4 0 20 1 105 1 4 0 4
0 8 4 12 5 120 3 2 3 2
2 8 4 16 4 120 0 6 2 0
1 8 5 20 3 120 5 0 0 1
0 4 1 8 2 130 4 2 2 2
0 4 4 12 1 96 1 5 5 4
2 8 4 12 5 105 0 4 5 0
0 8 2 12 4 84 2 5 0 2
1 8 2 20 3 96 1 4 2 3
1 4 3 8 2 130 4 5 4 3
1 4 4 20 1 128 4 4 4 0
0 8 4 12 5 105 5 3 5 1
0 8 2 20 4 120 0 3 3 2
2 8 6 8 3 84 5 4 5 2
1 4 5 12 2 120 5 4 5 3
2 4 1 16 1 96 0 4 1 0
1 8 5 16 5 120 1 0 4 4
2 8 3 16 4 32 2 5 5 2
2 8 6 12 3 120 1 1 5 0
0 4 5 16 2 64 5 3 1 0
1 4 1 8 1 84 5 6 4 3
2 8 4 20 5 105 0 5 1 4
2 8 3 20 4 120 5 0 3 1
1 8 2 20 3 96 6 6 2 3
2 4 4 16 2 64 1 6 0 3
0 4 2 16 1 32 2 2 2 2
2 8 4 12 5 105 2 0 2 3
1 8 2 20 4 84 2 2 4 0
0 8 5 12 3 96 1 4 2 3
0 4 4 8 2 64 3 2 0 1
1 4 0 20 1 130 1 6 4 1
1 8 4 8 5 130 1 2 0 0
0 8 4 12 4 128 0 4 0 4
2 8 5 8 3 96 5 1 4 0
0 4 1 16 2 84 6 3 1 0
1 4 6 16 1 84 5 4 2 0
0 8 5 16 5 105 1 3 5 2
0 8 3 8 4 84 4 3 3 1
1 8 2 12 3 120 3 2 0 1
0 4 5 20 2 128 1 0 3 0
0 4 5 12 1 105 0 2 4 2
0 8 4 12 5 120 0 0 1 3
0 8 1 16 4 84 2 4 3 0
2 8 5 8 3 84 0 5 3 3
0 4 0 12 2 64 6 3 1 3
1 4 0 12 1 120 1 2 3 3
2 8 5 20 5 120 6 6 2 0
2 8 3 8 4 128 2 4 1 2
0 8 6 16 3 84 4 6 4 2
1 4 5 20 2 96 3 3 5 3
0 4 4 12 1 130 1 2 4 1
1 8 5 16 5 120 6 1 3 4
2 8 2 20 4 120 1 2 2 1
0 8 2 12 3 96 4 5 2 2
1 4 4 16 2 84 4 6 5 3
1 4 3 20 1 32 1 5 4 2
2 8 4 20 5 105 6 2 0 3
2 8 4 16 4 128 1 5 3 1
1 8 6 8 3 105 3 0 4 0
0 4 3 12 2 84 5 2 3 3
1 4 1 8 1 64 0 0 0 3
1 8 4 12 5 130 6 6 1 4
2 8 1 20 4 84 0 1 0 1
0 8 2 12 3 120 0 5 5 2
1 4 5 20 2 128 2 6 2 0
0 4 0 16 1 96 2 0 1 4
0 8 4 12 5 120 1 5 1 2
1 8 2 16 4 32 0 5 5 4
1 8 6 12 3 96 1 6 1 1
1 4 4 20 2 130 6 2 3 4
2 4 4 8 1 120 2 4 1 2
1 8 5 12 5 120 4 4 5 1
1 8 4 20 4 96 3 1 1 0
2 8 2 8 3 120 2 3 4 2
2 4 5 8 2 120 3 0 5 2
1 4 5 12 1 128 5 1 0 4
1 8 4 16 5 120 6 1 5 2
0 8 1 12 4 64 4 2 4 0
0 8 6 8 3 84 0 5 3 0
0 4 3 12 2 96 1 1 0 1
0 4 6 12 1 130 5 1 0 1
0 8 6 8 5 105 5 5 3 3
2 8 1 8 4 84 4 4 3 2
2 8 6 8 3 96 6 1 3 3
0 4 4 16 2 128 4 4 1 4
2 4 6 8 1 84 1 4 4 1
0 8 5 12 5 130 1 6 2 4
1 8 1 20 4 64 3 1 5 1
2 8 6 12 3 96 5 4 0 3
0 4 3 20 2 32 1 4 0 4
0 4 3 8 1 64 0 4 2 4
1 8 4 12 5 120 3 2 0 3
2 8 4 20 4 32 0 6 1 2
0 8 5 20 3 105 1 5 0 2
1 4 4 20 2 96 1 4 1 2
0 4 0 20 1 64 0 1 3 0
0 8 6 8 5 105 4 5 5 0
0 8 3 16 4 64 2 1 3 1
1 8 5 20 3 120 1 0 1 0
2 4 4 16 2 64 1 6 1 4
2 4 1 12 1 96 6 0 1 3
1 8 5 12 5 105 2 6 1 4
2 8 3 20 4 84 2 6 0 2
0 8 2 12 3 84 0 0 5 4
0 4 2 16 2 128 4 2 5 1
2 4 4 8 1 105 1 1 5 1
2 8 5 12 5 120 1 4 4 3
2 8 4 16 4 32 4 4 5 2
1 8 2 20 3 84 4 5 4 3
1 4 4 12 2 84 6 3 4 0
1 4 6 12 1 32 4 6 5 2
0 8 5 8 5 120 5 1 0 1
0 8 2 8 4 120 0 6 3 2
2 8 2 20 3 120 0 1 2 3
1 4 5 20 2 96 5 1 2 4
0 4 3 20 1 128 4 6 2 0
0 8 5 12 5 105 4 5 0 2
2 8 2 20 4 120 3 6 1 0
2 8 6 16 3 96 2 1 0 4
2 4 2 8 2 64 0 1 4 3
1 4 6 16 1 32 4 0 0 3
1 8 6 12 5 130 5 1 4 2
1 8 3 8 4 64 5 4 4 3
0 8 6 8 3 96 3 4 0 1
1 4 0 20 2 64 2 3 2 1
0 4 5 20 1 120 2 6 4 3
0 8 4 20 5 120 1 6 1 3
0 8 4 16 4 32 2 3 4 4
0 8 6 8 3 84 4 1 3 0
2 4 4 8 2 32 2 1 1 2
1 4 3 8 1 32 2 4 5 4
0 8 6 12 5 105 1 1 4 1
1 8 3 12 4 128 3 5 3 2
0 8 2 20 3 84 0 0 3 3
2 4 5 12 2 120 3 5 0 0
1 4 3 12 1 32 4 0 5 3
2 8 5 16 5 120 1 0 4 3
2 8 1 8 4 120 2 3 3 4
0 8 6 20 3 120 0 2 2 4
0 4 4 8 2 32 2 3 2 0
1 4 6 20 1 105 0 6 5 3
1 8 6 16 5 105 4 2 0 4
2 8 4 8 4 32 5 1 4 1
2 8 5 16 3 96 0 1 3 3
2 4 1 20 2 120 5 2 1 0
2 4 6 16 1 130 5 3 1 1
1 8 5 20 5 130 4 2 2 2
0 8 2 20 4 120 4 2 0 4
2 8 6 12 3 105 6 2 1 2
1 4 0 16 2 130 2 1 4 0
0 4 1 12 1 128 1 2 1 2
0 8 6 8 5 130 5 0 5 1
2 8 1 16 4 32 3 4 4 4
0 8 6 12 3 96 2 4 5 4
1 4 1 8 2 96 0 3 1 1
1 4 5 12 1 128 5 1 3 3
2 8 5 16 5 105 0 5 4 1
2 8 1 8 4 120 2 5 0 0
2 8 5 20 3 84 6 4 0 1
0 4 0 16 2 120 5 2 4 1
1 4 4 16 1 84 6 3 5 3
2 8 5 20 5 130 2 0 1 0
2 8 1 16 4 32 2 2 1 4
0 8 5 12 3 96 4 3 5 3
0 4 1 12 2 128 5 2 3 1
0 4 1 20 1 128 3 6 2 3
2 8 5 20 5 105 2 4 1 3
1 8 4 16 4 64 3 2 1 0
0 8 5 12 3 120 3 0 3 4
1 4 1 8 2 64 0 6 0 1
1 4 5 8 1 96 5 3 3 3
1 8 4 12 5 130 0 5 1 0
0 8 3 16 4 64 5 5 2 3
2 8 6 20 3 84 4 3 0 2
2 4 2 8 2 96 2 3 2 1
0 4 1 12 1 130 0 0 1 1
1 8 4 12 5 120 3 3 3 2
2 8 3 8 4 96 6 0 3 3
1 8 5 20 3 96 3 2 5 2
0 4 3 8 2 128 0 5 0 4
0 4 5 8 1 130 0 1 0 1
0 8 6 16 5 105 0 1 2 4
0 8 4 12 4 84 4 5 5 1
0 8 2 12 3 96 1 4 2 3
2 4 2 20 2 130 5 5 1 1
0 4 2 12 1 128 3 4 2 0
0 8 4 20 5 105 5 3 3 2
0 8 4 16 4 84 0 3 3 4
0 8 6 16 3 105 1 0 1 4
0 4 2 16 2 32 3 2 1 1
1 4 2 20 1 64 4 1 5 1
2 8 6 12 5 130 2 5 4 3
0 8 1 20 4 128 1 0 2 3
2 8 2 8 3 96 3 3 1 1
2 4 1 20 2 130 2 1 4 1
0 4 5 16 1 130 3 3 5 3
1 8 4 8 5 120 5 0 4 0
0 8 4 20 4 96 0 0 4 1
0 8 2 16 3 96 1 0 2 2
0 4 0 8 2 128 6 6 1 4
2 4 4 8 1 64 0 6 1 1
2 8 5 16 5 105 4 3 2 0
1 8 4 20 4 120 3 2 0 1
1 8 5 16 3 105 5 2 0 4
1 4 0 16 2 64 1 0 4 1
0 4 5 20 1 96 0 0 1 3
2 8 6 8 5 130 1 3 2 2
2 8 2 20 4 64 5 5 5 0
1 8 2 16 3 120 0 1 3 4
0 4 4 8 2 64 6 5 0 0
2 4 4 8 1 130 1 1 0 1
0 8 5 20 5 130 2 5 2 1
1 8 4 12 4 32 0 4 0 0
1 8 5 12 3 84 4 3 1 2
0 4 4 16 2 128 5 3 0 3
1 4 6 12 1 96 6 4 4 0
0 8 6 12 5 120 5 0 2 3
2 8 2 20 4 64 4 3 5 0
2 8 6 8 3 105 5 4 4 2
2 4 4 12 2 128 0 1 0 1
0 4 4 16 1 128 3 4 5 2
1 8 6 12 5 130 1 1 4 1
2 8 2 12 4 120 2 6 0 3
0 8 6 8 3 105 5 0 1 0
0 4 1 20 2 130 1 6 4 3
0 4 2 12 1 64 3 1 4 3
0 8 4 8 5 130 4 5 5 0
2 8 1 20 4 128 5 4 4 4
2 8 6 16 3 84 2 5 5 1
1 4 5 20 2 32 0 6 4 3
1 4 3 20 1 120 2 0 5 4
1 8 4 16 5 120 5 5 3 1
2 8 3 16 4 64 6 0 2 4
1 8 5 20 3 105 2 1 0 0
1 4 3 8 2 120 1 0 5 2
2 4 3 16 1 32 1 2 5 0
2 8 4 20 5 130 1 1 2 3
2 8 3 8 4 64 2 0 5 2
2 8 2 20 3 105 1 5 2 2
0 4 5 20 2 32 1 6 0 4
1 4 2 16 1 120 2 5 2 4
0 8 4 12 5 120 2 5 2 4
0 8 3 12 4 32 4 2 2 1
2 8 2 20 3 120 4 1 4 0
0 4 1 12 2 32 6 3 3 3
1 4 0 16 1 128 0 5 5 1
1 8 6 12 5 130 6 3 2 1
0 8 1 12 4 84 1 3 3 3
2 8 5 8 3 120 1 6 0 2
2 4 1 8 2 96 3 5 5 4
2 4 2 12 1 64 6 3 5 1
1 8 4 16 5 130 3 4 4 0
2 8 4 8 4 64 2 1 4 4
1 8 6 20 3 120 4 0 0 1
2 4 0 16 2 96 1 4 3 0
2 4 4 12 1 128 5 2 5 1
2 8 5 8 5 130 0 5 3 1
2 8 3 12 4 84 0 6 0 1
2 8 5 8 3 84 3 5 0 0
2 4 5 8 2 32 5 4 4 0
2 4 0 8 1 96 3 5 5 3
0 8 4 8 5 130 5 5 3 4
0 8 2 16 4 64 4 1 1 0
0 8 6 20 3 96 3 4 3 0
2 4 0 12 2 120 1 0 4 0
0 4 6 8 1 128 2 5 3 3
1 8 5 12 5 105 0 3 5 4
0 8 4 20 4 84 3 2 0 2
1 8 5 16 3 120 1 5 2 3
2 4 4 20 2 96 2 1 0 4
2 4 5 16 1 128 0 0 1 0
1 8 4 20 5 105 5 6 5 0
0 8 1 12 4 120 1 4 0 1
1 8 2 16 3 84 1 3 5 1
2 4 3 12 2 84 3 1 2 3
2 4 3 20 1 120 0 3 4 3
2 8 6 20 5 120 1 0 3 2
0 8 2 8 4 32 0 2 5 3
0 8 6 16 3 84 0 4 1 2
0 4 1 12 2 84 1 2 4 1
1 4 4 8 1 84 4 3 1 0
0 8 4 16 5 120 2 1 4 3
2 8 3 16 4 96 3 0 3 3
0 8 5 12 3 120 2 4 3 1
2 4 4 8 2 130 3 0 4 3
1 4 5 8 1 105 2 4 3 4
2 8 5 8 5 105 3 1 3 0
2 8 2 12 4 64 5 1 3 1
2 8 5 20 3 120 2 3 3 3
0 4 2 16 2 84 3 0 1 4
2 4 4 16 1 130 5 2 1 1
1 8 5 12 5 120 6 5 4 4
2 8 3 20 4 64 3 0 5 4
1 8 2 16 3 120 6 0 0 3
2 4 1 12 2 84 3 4 2 1
1 4 2 8 1 120 1 5 0 3
0 8 4 12 5 105 3 5 2 0
2 8 2 16 4 32 3 0 0 0
2 8 6 20 3 120 5 0 3 2
1 4 2 16 2 130 2 5 0 2
2 4 4 8 1 130 3 1 0 4
2 8 5 16 5 130 0 2 4 2
1 8 2 8 4 84 5 6 4 1
2 8 6 20 3 120 3 0 2 3
2 4 0 20 2 32 3 2 0 1
2 4 5 16 1 84 0 1 1 0
1 8 4 12 5 120 6 0 3 1
0 8 3 16 4 32 6 3 5 1
1 8 5 8 3 105 2 5 2 3
2 4 0 12 2 64 5 5 5 3
1 4 5 12 1 96 1 3 3 0
1 8 5 20 5 105 2 5 0 0
1 8 2 8 4 96 6 1 2 4
1 8 6 12 3 84 0 4 5 0
1 4 5 12 2 120 3 6 5 0
1 4 6 20 1 128 1 1 1 4
1 8 5 20 5 120 2 0 4 3
0 8 3 8 4 96 6 0 2 2
0 8 2 8 3 84 1 0 3 2
0 4 5 20 2 96 0 5 2 0
2 4 4 8 1 120 3 6 4 0
0 8 5 20 5 130 0 2 3 4
0 8 4 20 4 96 2 5 0 3
2 8 5 8 3 96 5 3 2 3
1 4 0 16 2 128 4 2 4 1
2 4 6 12 1 84 4 5 4 4
0 8 5 16 5 130 2 2 4 2
2 8 2 20 4 32 2 4 3 2
1 8 2 20 3 84 4 5 1 1
2 4 1 8 2 130 3 5 5 0
2 4 5 8 1 105 5 2 4 3
1 8 6 8 5 120 5 1 0 1
1 8 3 12 4 84 3 5 2 0
2 8 2 8 3 120 2 2 1 2
0 4 5 16 2 96 2 3 4 0
0 4 1 8 1 105 4 0 2 1
2 8 5 16 5 120 0 0 1 2
1 8 4 16 4 64 1 3 2 0
0 8 6 8 3 96 5 2 5 2
2 4 0 8 2 64 4 0 5 4
0 4 2 8 1 64 0 6 2 1
0 8 5 12 5 120 0 0 3 3
2 8 1 12 4 96 1 1 1 3
2 8 6 16 3 84 1 2 1 0
1 4 0 12 2 128 5 5 1 2
0 4 2 16 1 128 0 4 5 2
2 8 4 12 5 105 0 6 4 1
2 8 2 16 4 96 0 0 5 4
0 8 6 20 3 96 0 2 5 4
2 4 1 20 2 130 1 6 2 0
0 4 6 12 1 96 2 5 1 1
0 8 6 16 5 130 0 6 0 2
1 8 4 16 4 64 6 4 0 3
0 8 2 20 3 120 5 5 1 1
2 4 0 8 2 84 5 4 3 3
0 4 1 20 1 64 6 6 4 4
1 8 6 8 5 130 6 1 4 1
1 8 2 16 4 120 5 2 3 1
1 8 5 16 3 105 0 5 4 3
1 4 5 20 2 84 1 2 0 0
0 4 6 12 1 128 6 6 4 1
1 8 4 12 5 130 2 6 5 0
1 8 1 16 4 128 1 5 5 3
0 8 6 20 3 84 5 3 5 0
0 4 1 20 2 128 3 2 5 0
1 4 3 12 1 130 0 2 3 3
1 8 5 20 5 105 0 2 5 4
2 8 4 12 4 128 5 3 4 3
1 8 6 20 3 120 4 5 0 3
0 4 4 12 2 64 0 2 0 1
2 4 0 8 1 120 2 1 4 4
0 8 6 16 5 130 0 0 3 4
1 8 2 12 4 84 4 6 0 1
1 8 2 16 3 105 6 6 4 3
2 4 1 12 2 120 2 2 2 4
0 4 6 8 1 32 6 2 4 1
0 8 5 8 5 105 5 6 1 1
2 8 2 20 4 64 3 4 3 3
0 8 5 16 3 84 0 4 0 3
1 4 1 16 2 120 0 5 5 0
2 4 6 12 1 128 1 4 1 4
2 8 5 8 5 105 2 4 2 4
0 8 4 16 4 84 5 0 4 0
1 8 5 16 3 84 6 3 1 4
2 4 3 16 2 96 3 1 3 4
1 4 3 20 1 64 6 5 2 2
1 8 5 16 5 105 1 2 2 4
1 8 1 16 4 120 2 1 0 4
1 8 6 16 3 120 3 4 1 4
2 4 1 8 2 128 4 3 0 4
2 4 2 16 1 128 0 1 4 3
0 8 4 20 5 130 4 2 3 0
0 8 4 16 4 120 3 0 3 0
2 8 5 8 3 84 4 3 5 1
1 4 5 20 2 128 5 6 2 3
0 4 6 12 1 128 2 2 3 4
1 8 4 8 5 120 2 4 2 4
2 8 1 20 4 32 2 5 2 3
0 8 2 20 3 105 3 0 5 0
1 4 4 16 2 84 1 2 3 1
0 4 3 20 1 64 4 1 1 1
0 8 6 12 5 105 4 5 0 4
1 8 3 8 4 120 3 4 1 0
1 8 5 12 3 96 2 0 3 2
2 4 3 16 2 32 6 5 3 4
1 4 5 12 1 128 0 3 1 3
0 8 6 12 5 130 6 4 0 1
2 8 3 16 4 120 2 5 1 2
2 8 6 12 3 105 6 4 1 2
1 4 5 16 2 96 3 1 0 1
0 4 0 20 1 128 4 0 4 4
0 8 4 20 5 105 5 2 0 1
1 8 4 12 4 84 2 6 0 2
1 8 5 20 3 120 0 0 3 4
0 4 2 16 2 120 1 6 3 0
2 4 5 16 1 84 1 0 0 2
1 8 4 12 5 130 4 1 0 3
1 8 3 12 4 84 0 6 4 0
1 8 2 20 3 96 5 3 1 4
0 4 4 8 2 84 5 4 4 1
0 4 4 16 1 105 2 0 1 1
2 8 6 20 5 120 6 6 3 2
1 8 4 8 4 32 0 0 3 4
0 8 2 8 3 105 1 3 3 2
2 4 4 20 2 128 0 4 2 1
1 4 2 12 1 96 3 1 3 1
2 8 4 16 5 120 4 0 0 2
1 8 2 8 4 128 5 5 1 3
2 8 5 16 3 105 4 0 2 2
0 4 3 12 2 96 3 3 0 1
0 4 4 12 1 84 5 0 3 0
1 8 6 12 5 130 3 1 4 1
0 8 2 20 4 128 1 5 0 2
0 8 6 20 3 84 5 4 1 0
2 4 5 16 2 128 1 1 5 4
0 4 6 8 1 64 4 1 1 3
1 8 6 20 5 120 2 0 4 0
1 8 3 20 4 64 6 0 2 3
2 8 5 20 3 84 0 1 0 4
1 4 4 20 2 96 3 2 2 0
0 4 1 12 1 32 5 5 5 2
2 8 4 12 5 130 4 4 3 2
2 8 4 16 4 64 6 6 5 3
2 8 2 8 3 105 2 0 3 2
2 4 5 8 2 130 2 2 1 1
2 4 5 16 1 105 6 2 4 4
0 8 4 16 5 105 4 0 0 1
2 8 4 16 4 128 4 6 5 0
2 8 5 8 3 84 5 0 0 4
0 4 3 16 2 64 5 5 5 4
0 4 3 8 1 130 0 2 3 4
1 8 4 8 5 130 0 5 1 0
1 8 4 20 4 32 2 5 4 2
0 8 6 20 3 120 2 3 3 4
1 4 2 16 2 64 3 5 0 3
1 4 4 20 1 130 0 5 1 3
1 8 5 12 5 105 2 0 0 4
1 8 4 8 4 64 5 0 4 2
1 8 6 20 3 84 6 2 0 3
2 4 0 20 2 128 4 1 4 2
0 4 2 12 1 105 2 4 4 1
1 8 6 20 5 120 6 3 1 4
0 8 3 16 4 120 6 1 1 4
2 8 6 20 3 84 5 6 1 3
2 4 2 8 2 32 2 0 0 3
0 4 5 20 1 105 4 0 2 2
0 8 4 20 5 105 3 3 5 0
0 8 3 20 4 120 0 2 2 2
2 8 6 20 3 84 3 1 3 0
0 4 5 16 2 96 6 5 3 3
1 4 2 8 1 120 3 3 4 0
0 8 4 16 5 120 6 1 0 2
1 8 4 20 4 128 5 3 3 4
0 8 2 20 3 84 2 0 3 4
1 4 1 8 2 120 1 0 0 3
2 4 2 12 1 32 0 5 3 3
0 8 5 16 5 130 0 4 1 1
1 8 3 16 4 96 3 6 2 1
0 8 5 20 3 120 5 2 3 4
1 4 3 20 2 32 4 5 2 3
1 4 0 20 1 128 2 0 3 2
0 8 6 8 5 130 1 5 1 3
2 8 1 8 4 64 6 3 0 2
1 8 2 12 3 120 5 4 2 4
2 4 4 20 2 84 6 0 3 2
1 4 2 16 1 130 1 3 4 3
0 8 4 8 5 105 2 3 2 3
2 8 1 12 4 120 0 5 0 4
2 8 6 12 3 120 1 4 4 0
2 4 5 16 2 128 4 5 1 4
0 4 6 12 1 84 3 1 0 2
2 8 5 20 5 105 0 1 5 2
0 8 2 12 4 64 2 4 5 3
0 8 5 12 3 105 5 1 3 1
2 4 4 20 2 32 3 2 5 3
1 4 5 20 1 32 5 1 5 4
