2 8 12 10 5 100 9 7 9 0
2 8 11 10 4 92 11 7 7 2
1 8 11 14 3 30 9 11 7 0
0 4 13 6 2 92 7 8 9 2
1 4 10 22 1 134 8 11 9 4
0 8 10 14 5 100 12 11 8 1
2 8 11 18 4 92 12 11 7 2
2 8 10 10 3 36 7 7 9 1
1 4 11 14 2 134 7 9 7 0
1 4 13 10 1 92 7 8 8 4
0 8 10 14 5 100 7 10 7 4
0 8 11 10 4 92 11 8 8 1
1 8 10 6 3 30 11 10 9 3
0 4 10 14 2 118 12 7 9 3
0 4 8 14 1 36 8 8 9 2
2 8 12 14 5 100 12 9 7 3
0 8 13 18 4 36 7 10 9 2
1 8 10 6 3 30 10 8 9 4
2 4 11 22 2 30 7 8 8 0
1 4 12 10 1 80 10 9 6 0
1 8 12 22 5 30 10 9 8 2
2 8 13 18 4 36 10 9 6 0
1 8 10 14 3 30 7 8 6 4
0 4 9 18 2 118 10 11 6 3
0 4 9 10 1 92 8 10 9 3
0 8 12 6 5 100 12 10 8 0
0 8 11 6 4 100 12 7 8 1
2 8 11 10 3 30 8 8 6 0
0 4 10 10 2 118 12 9 7 2
0 4 10 22 1 134 9 8 7 3
1 8 12 18 5 110 10 7 7 1
1 8 11 22 4 52 8 10 7 1
0 8 11 10 3 30 7 11 9 2
0 4 13 18 2 100 11 8 9 1
1 4 8 18 1 118 7 9 8 3
1 8 12 6 5 80 7 10 7 2
2 8 13 10 4 100 11 10 7 1
2 8 10 18 3 30 7 10 9 4
1 4 9 18 2 118 12 7 8 2
1 4 8 22 1 118 12 9 6 4
0 8 10 14 5 110 12 11 7 2
0 8 11 18 4 100 10 10 9 2
2 8 11 14 3 36 12 9 9 4
1 4 11 22 2 134 12 11 8 2
2 4 10 14 1 134 9 8 7 2
2 8 10 22 5 30 11 7 7 1
2 8 11 6 4 36 9 9 9 4
2 8 11 22 3 30 11 10 6 1
0 4 11 10 2 118 8 11 9 0
0 4 10 14 1 134 12 9 6 4
2 8 12 6 5 100 10 11 7 3
2 8 11 18 4 100 10 11 9 3
2 8 11 22 3 36 10 8 6 4
0 4 9 6 2 36 9 10 7 1
0 4 11 18 1 110 8 7 8 1
1 8 12 6 5 80 12 9 8 2
1 8 13 14 4 80 11 10 8 2
2 8 10 14 3 36 11 10 7 4
1 4 10 22 2 134 11 10 7 4
2 4 9 18 1 52 11 7 7 0
1 8 12 14 5 80 8 10 8 0
1 8 11 10 4 100 9 10 8 0
0 8 11 18 3 36 7 8 6 0
2 4 10 22 2 36 7 8 9 2
0 4 13 14 1 80 10 8 8 0
0 8 12 10 5 30 10 11 7 2
0 8 11 10 4 92 12 8 6 0
1 8 11 6 3 36 10 9 8 2
1 4 9 14 2 92 10 7 7 2
0 4 8 18 1 80 11 7 9 3
