2.000000 8.000000 13.000000 6.000000 4.000000 52.000000 9.000000 8.000000 9.000000 2.000000 1.087448 0.092000 3446286.000000
0.000000 8.000000 10.000000 14.000000 3.000000 30.000000 11.000000 10.000000 8.000000 4.000000 1.342018 0.094300 3418696.000000
2.000000 4.000000 13.000000 22.000000 2.000000 36.000000 7.000000 9.000000 8.000000 3.000000 0.893842 0.059450 2198504.000000
2.000000 4.000000 10.000000 22.000000 1.000000 52.000000 10.000000 8.000000 7.000000 0.000000 0.734476 0.046575 1743155.000000
2.000000 8.000000 12.000000 6.000000 5.000000 110.000000 10.000000 9.000000 7.000000 4.000000 1.290902 0.068350 3672526.000000
1.000000 8.000000 13.000000 6.000000 4.000000 100.000000 12.000000 7.000000 6.000000 3.000000 0.786887 0.059775 2859347.000000
0.000000 8.000000 11.000000 6.000000 3.000000 36.000000 7.000000 10.000000 9.000000 4.000000 1.231789 0.082375 2956514.000000
0.000000 4.000000 8.000000 14.000000 2.000000 80.000000 7.000000 9.000000 8.000000 4.000000 0.980661 0.058425 2020804.000000
1.000000 4.000000 13.000000 10.000000 1.000000 118.000000 10.000000 11.000000 9.000000 3.000000 0.767606 0.058250 2106306.000000
2.000000 8.000000 10.000000 14.000000 5.000000 100.000000 12.000000 10.000000 7.000000 1.000000 0.924304 0.072525 3495848.000000
2.000000 8.000000 13.000000 6.000000 4.000000 52.000000 11.000000 9.000000 9.000000 0.000000 1.268848 0.095550 3920537.000000
0.000000 8.000000 11.000000 14.000000 3.000000 30.000000 7.000000 7.000000 9.000000 4.000000 0.973564 0.080950 2884253.000000
1.000000 4.000000 9.000000 6.000000 2.000000 80.000000 11.000000 7.000000 9.000000 3.000000 0.918180 0.049500 2132627.000000
2.000000 4.000000 8.000000 22.000000 1.000000 52.000000 12.000000 8.000000 6.000000 4.000000 0.679563 0.034075 1399280.000000
2.000000 8.000000 12.000000 22.000000 5.000000 110.000000 11.000000 7.000000 7.000000 4.000000 0.000000 0.000000 4182458.000000
0.000000 8.000000 11.000000 18.000000 4.000000 92.000000 9.000000 9.000000 9.000000 2.000000 1.681238 0.136750 4360431.000000
0.000000 8.000000 11.000000 18.000000 3.000000 36.000000 7.000000 7.000000 6.000000 1.000000 0.917321 0.078150 2677307.000000
0.000000 4.000000 9.000000 6.000000 2.000000 100.000000 9.000000 9.000000 7.000000 3.000000 1.190195 0.063250 2212993.000000
0.000000 4.000000 8.000000 22.000000 1.000000 80.000000 7.000000 10.000000 9.000000 2.000000 0.804153 0.061775 2088776.000000
0.000000 8.000000 12.000000 18.000000 5.000000 110.000000 8.000000 9.000000 9.000000 4.000000 1.183552 0.131750 4226167.000000
1.000000 8.000000 11.000000 18.000000 4.000000 100.000000 7.000000 7.000000 8.000000 1.000000 0.813434 0.087550 3272151.000000
0.000000 8.000000 10.000000 22.000000 3.000000 30.000000 12.000000 10.000000 7.000000 4.000000 1.127157 0.090600 3045820.000000
1.000000 4.000000 13.000000 22.000000 2.000000 118.000000 10.000000 10.000000 9.000000 4.000000 1.093635 0.058125 2223531.000000
1.000000 4.000000 8.000000 6.000000 1.000000 118.000000 11.000000 11.000000 8.000000 4.000000 0.766906 0.047000 1877028.000000
0.000000 8.000000 12.000000 22.000000 5.000000 100.000000 12.000000 8.000000 9.000000 1.000000 1.030621 0.129000 4076517.000000
0.000000 8.000000 11.000000 6.000000 4.000000 100.000000 9.000000 7.000000 7.000000 1.000000 0.859964 0.086550 3631399.000000
1.000000 8.000000 11.000000 14.000000 3.000000 30.000000 12.000000 7.000000 8.000000 4.000000 0.902796 0.051400 2273348.000000
2.000000 4.000000 11.000000 22.000000 2.000000 30.000000 7.000000 7.000000 7.000000 2.000000 0.856752 0.046000 1853000.000000
1.000000 4.000000 8.000000 14.000000 1.000000 118.000000 10.000000 8.000000 8.000000 3.000000 0.764580 0.053000 1866835.000000
1.000000 8.000000 10.000000 18.000000 5.000000 110.000000 10.000000 11.000000 8.000000 4.000000 1.473988 0.109500 4148246.000000
0.000000 8.000000 13.000000 6.000000 4.000000 36.000000 10.000000 10.000000 9.000000 4.000000 1.605093 0.119750 4046561.000000
0.000000 8.000000 11.000000 14.000000 3.000000 36.000000 11.000000 7.000000 8.000000 1.000000 0.973564 0.088500 3239312.000000
0.000000 4.000000 13.000000 22.000000 2.000000 110.000000 7.000000 7.000000 6.000000 0.000000 0.947395 0.051950 1875540.000000
2.000000 4.000000 10.000000 14.000000 1.000000 80.000000 8.000000 11.000000 9.000000 3.000000 0.721021 0.058575 2080914.000000
0.000000 8.000000 12.000000 6.000000 5.000000 100.000000 11.000000 7.000000 9.000000 0.000000 0.000000 0.000000 4295908.000000
2.000000 8.000000 11.000000 14.000000 4.000000 52.000000 9.000000 11.000000 8.000000 2.000000 1.297097 0.078825 3836790.000000
0.000000 8.000000 11.000000 10.000000 3.000000 36.000000 10.000000 7.000000 8.000000 4.000000 0.973564 0.080825 2949200.000000
0.000000 4.000000 11.000000 14.000000 2.000000 80.000000 9.000000 11.000000 9.000000 4.000000 1.219956 0.066050 2421699.000000
0.000000 4.000000 13.000000 22.000000 1.000000 36.000000 8.000000 7.000000 6.000000 0.000000 0.751639 0.045475 1680837.000000
2.000000 8.000000 12.000000 6.000000 5.000000 30.000000 7.000000 8.000000 8.000000 4.000000 0.985011 0.082600 3183145.000000
1.000000 8.000000 13.000000 10.000000 4.000000 92.000000 12.000000 10.000000 9.000000 4.000000 1.059842 0.095275 3364145.000000
1.000000 8.000000 10.000000 14.000000 3.000000 30.000000 9.000000 10.000000 8.000000 4.000000 1.165618 0.061250 2586193.000000
1.000000 4.000000 11.000000 18.000000 2.000000 52.000000 7.000000 7.000000 6.000000 3.000000 0.825790 0.046675 1751175.000000
0.000000 4.000000 11.000000 10.000000 1.000000 118.000000 12.000000 8.000000 8.000000 4.000000 0.795176 0.052575 1868988.000000
1.000000 8.000000 10.000000 6.000000 5.000000 110.000000 12.000000 10.000000 8.000000 4.000000 0.984463 0.086000 3299473.000000
1.000000 8.000000 13.000000 6.000000 4.000000 100.000000 12.000000 10.000000 7.000000 3.000000 1.061149 0.070650 3318182.000000
2.000000 8.000000 10.000000 10.000000 3.000000 36.000000 10.000000 9.000000 9.000000 4.000000 1.106260 0.061425 2745972.000000
2.000000 4.000000 10.000000 10.000000 2.000000 110.000000 11.000000 9.000000 8.000000 1.000000 0.988814 0.050350 2211713.000000
1.000000 4.000000 12.000000 6.000000 1.000000 118.000000 12.000000 8.000000 8.000000 1.000000 0.747759 0.038675 1527896.000000
0.000000 8.000000 10.000000 6.000000 5.000000 100.000000 8.000000 9.000000 9.000000 0.000000 1.182821 0.119250 3883874.000000
0.000000 8.000000 13.000000 14.000000 4.000000 52.000000 9.000000 9.000000 8.000000 1.000000 1.688670 0.099100 4033578.000000
2.000000 8.000000 11.000000 18.000000 3.000000 30.000000 8.000000 9.000000 9.000000 1.000000 0.962893 0.063675 2671494.000000
1.000000 4.000000 10.000000 22.000000 2.000000 110.000000 10.000000 7.000000 9.000000 2.000000 0.917316 0.053775 2131479.000000
0.000000 4.000000 12.000000 18.000000 1.000000 92.000000 7.000000 9.000000 9.000000 0.000000 0.800859 0.061025 2038375.000000
2.000000 8.000000 12.000000 10.000000 5.000000 80.000000 9.000000 7.000000 9.000000 3.000000 0.000000 0.000000 3721062.000000
0.000000 8.000000 13.000000 22.000000 4.000000 92.000000 12.000000 8.000000 6.000000 1.000000 1.035613 0.090000 3475066.000000
2.000000 8.000000 11.000000 14.000000 3.000000 36.000000 12.000000 10.000000 7.000000 0.000000 0.939764 0.057850 2482217.000000
0.000000 4.000000 10.000000 18.000000 2.000000 36.000000 11.000000 8.000000 8.000000 0.000000 1.140633 0.062700 2350683.000000
0.000000 4.000000 13.000000 22.000000 1.000000 100.000000 12.000000 7.000000 6.000000 3.000000 0.749388 0.058425 2001115.000000
2.000000 8.000000 10.000000 10.000000 5.000000 30.000000 8.000000 8.000000 7.000000 2.000000 0.955769 0.064450 3236420.000000
1.000000 8.000000 11.000000 14.000000 4.000000 36.000000 12.000000 11.000000 6.000000 4.000000 0.980440 0.066150 3108694.000000
1.000000 8.000000 10.000000 6.000000 3.000000 30.000000 7.000000 11.000000 8.000000 0.000000 1.086703 0.053675 2415653.000000
0.000000 4.000000 11.000000 10.000000 2.000000 80.000000 10.000000 7.000000 6.000000 3.000000 0.954635 0.057750 2129856.000000
2.000000 4.000000 11.000000 14.000000 1.000000 100.000000 9.000000 7.000000 9.000000 4.000000 0.729306 0.043500 1776695.000000
0.000000 8.000000 12.000000 22.000000 5.000000 110.000000 9.000000 8.000000 8.000000 2.000000 1.185027 0.128500 4330412.000000
2.000000 8.000000 13.000000 22.000000 4.000000 80.000000 8.000000 8.000000 8.000000 4.000000 1.034196 0.093375 3384625.000000
0.000000 8.000000 10.000000 14.000000 3.000000 30.000000 11.000000 9.000000 7.000000 1.000000 1.353010 0.093650 3370265.000000
1.000000 4.000000 11.000000 22.000000 2.000000 30.000000 8.000000 11.000000 9.000000 2.000000 0.936281 0.056925 2155384.000000
1.000000 4.000000 8.000000 14.000000 1.000000 118.000000 12.000000 8.000000 8.000000 1.000000 0.748328 0.039850 1516520.000000
2.000000 8.000000 10.000000 10.000000 5.000000 110.000000 10.000000 10.000000 7.000000 3.000000 1.316612 0.080575 4030276.000000
0.000000 8.000000 11.000000 14.000000 4.000000 92.000000 12.000000 11.000000 6.000000 3.000000 1.065680 0.102875 3933921.000000
0.000000 8.000000 11.000000 22.000000 3.000000 30.000000 12.000000 10.000000 8.000000 4.000000 1.113158 0.090825 3106869.000000
1.000000 4.000000 9.000000 14.000000 2.000000 36.000000 10.000000 10.000000 6.000000 2.000000 0.837592 0.045900 1807162.000000
0.000000 4.000000 9.000000 10.000000 1.000000 36.000000 11.000000 11.000000 8.000000 0.000000 0.806099 0.061500 2154535.000000
1.000000 8.000000 12.000000 14.000000 5.000000 80.000000 8.000000 7.000000 8.000000 4.000000 0.000000 0.000000 3192653.000000
1.000000 8.000000 13.000000 6.000000 4.000000 80.000000 7.000000 8.000000 6.000000 1.000000 0.991156 0.054525 2699396.000000
2.000000 8.000000 11.000000 18.000000 3.000000 30.000000 9.000000 8.000000 8.000000 0.000000 1.030011 0.058575 2541073.000000
2.000000 4.000000 11.000000 10.000000 2.000000 118.000000 11.000000 9.000000 6.000000 4.000000 0.779462 0.046200 2029890.000000
2.000000 4.000000 8.000000 18.000000 1.000000 80.000000 7.000000 10.000000 6.000000 1.000000 0.679679 0.040050 1508233.000000
2   8   12  10  5   100 9   7   9   0   0   0   3540359.399
2   8   11  10  4   92  11  7   7   2   0.733142454 0.3058917665    3782289.407
1   8   11  14  3   30  9   11  7   0   1.071881075 0.060475    2647529.118
0   4   13  6   2   92  7   8   9   2   1.040160416 0.051875    2058054.878
1   4   10  22  1   134 8   11  9   4   0.7415337939    0.037925    1932656.96
0   8   10  14  5   100 12  11  8   1   1.072113161 0.1205  4170553.811
2   8   11  18  4   92  12  11  7   2   0.9424452876    0.076475    3704246.657
2   8   10  10  3   36  7   7   9   1   0.795365691 0.052125    2406721.618
1   4   11  14  2   134 7   9   7   0   0.8904720528    0.03325 1840063.164
1   4   13  10  1   92  7   8   8   4   0.7454789837    0.027475    1549946.915
0   8   10  14  5   100 7   10  7   4   1.26058393  0.094325    3932046.46
0   8   11  10  4   92  11  8   8   1   1.261944458 0.069825    4225247.281
1   8   10  6   3   30  11  10  9   3   1.066890146 0.063625    3003835.866
0   4   10  14  2   118 12  7   9   3   0.9797371497    0.059625    2301296.768
0   4   8   14  1   36  8   8   9   2   0.7955672867    0.051175    1858418.268
2   8   12  14  5   100 12  9   7   3   0.8794617393    0.07665 3733161.124
0   8   13  18  4   36  7   10  9   2   1.313583976 0.126   4128952.777
1   8   10  6   3   30  10  8   9   4   1.049466508 0.050375    2413907.226
2   4   11  22  2   30  7   8   8   0   0.7808458229    0.04135 1801843.709
1   4   12  10  1   80  10  9   6   0   0.6832058902    0.029175    1547225.936
1   8   12  22  5   30  10  9   8   2   1.241622444 0.10425 4087335.149
2   8   13  18  4   36  10  9   6   0   0.8655029077    0.06895 3456277.029
1   8   10  14  3   30  7   8   6   4   0.9419896656    0.047025    2092089.472
0   4   9   18  2   118 10  11  6   3   0.9399872386    0.070975    2462132.733
0   4   9   10  1   92  8   10  9   3   0.8062413129    0.059825    2126744.385
0   8   12  6   5   100 12  10  8   0   1.076764287 0.098425    3807096.568
0   8   11  6   4   100 12  7   8   1   0.8424949127    0.081625    3488047.647
2   8   11  10  3   30  8   8   6   0   0.8243926818    0.0459  2112826.269
0   4   10  10  2   118 12  9   7   2   1.007048196 0.0552  2132716.267
0   4   10  22  1   134 9   8   7   3   0.817127088 0.065575    2306657.576
1   8   12  18  5   110 10  7   7   1   0   0   3602352.68
1   8   11  22  4   52  8   10  7   1   1.105182239 0.071375    3442456.704
0   8   11  10  3   30  7   11  9   2   1.19788262  0.084625    3188693.928
0   4   13  18  2   100 11  8   9   1   1.091495704 0.064525    2520875.584
1   4   8   18  1   118 7   9   8   3   0.7401637231    0.047975    1879389.959
1   8   12  6   5   80  7   10  7   2   1.102195488 0.063475    3321981.787
2   8   13  10  4   100 11  10  7   1   1.144465806 0.07265 3974222.383
2   8   10  18  3   30  7   10  9   4   0.923175513 0.061875    2695325.989
1   4   9   18  2   118 12  7   8   2   0.8351549723    0.04235 1799303.55
1   4   8   22  1   118 12  9   6   4   0.6861950039    0.0382  1490570.101
0   8   10  14  5   110 12  11  7   2   1.073877724 0.09845 4175739.13
0   8   11  18  4   100 10  10  9   2   1.629159826 0.13525 4530229.505
2   8   11  14  3   36  12  9   9   4   0.8769821043    0.058725    2599033.628
1   4   11  22  2   134 12  11  8   2   0.863294051 0.0558  2218719.729
2   4   10  14  1   134 9   8   7   2   0.7104923911    0.043825    1811425.738
2   8   10  22  5   30  11  7   7   1   0   0   4155531.883
2   8   11  6   4   36  9   9   9   4   1.107018654 0.091225    3526209.824
2   8   11  22  3   30  11  10  6   1   0.8399798117    0.07045 2943210.805
0   4   11  10  2   118 8   11  9   0   1.037388627 0.05685 2245904.916
0   4   10  14  1   134 12  9   6   4   0.7391125056    0.05195 1823857.408
2   8   12  6   5   100 10  11  7   3   1.144105359 0.076775    4091225.874
2   8   11  18  4   100 10  11  9   3   1.159745302 0.1195  4443881.022
2   8   11  22  3   36  10  8   6   4   0.8417969312    0.05865 2512551.602
0   4   9   6   2   36  9   10  7   1   1.118400848 0.051   1989245.549
0   4   11  18  1   110 8   7   8   1   0.7953227984    0.049675    1936131.995
1   8   12  6   5   80  12  9   8   2   0.9728705876    0.0849  3358424.227
1   8   13  14  4   80  11  10  8   2   1.320534724 0.101225    4120053.237
2   8   10  14  3   36  11  10  7   4   0.9895971655    0.0655  2969625.883
1   4   10  22  2   134 11  10  7   4   0.9496858381    0.0606  2391366.736
2   4   9   18  1   52  11  7   7   0   0.7003754496    0.045725    1826614.066
1   8   12  14  5   80  8   10  8   0   1.055581539 0.09065 3451816.893
1   8   11  10  4   100 9   10  8   0   1.310308252 0.065675    3453759.924
0   8   11  18  3   36  7   8   6   0   1.086211291 0.0737  2648492.468
2   4   10  22  2   36  7   8   9   2   0.7779476907    0.045475    1984467.798
0   4   13  14  1   80  10  8   8   0   0.8169310435    0.0535  1968548.008
0   8   12  10  5   30  10  11  7   2   0   0   4390337.651
0   8   11  10  4   92  12  8   6   0   0   0   3266392.697
1   8   11  6   3   36  10  9   8   2   1.077108449 0.055175    2594086.211
1   4   9   14  2   92  10  7   7   2   0.8562202786    0.0432  1883931.026
0   4   8   18  1   80  11  7   9   3   0.8007271327    0.067075    2399811.701
