2.000000 8.000000 12.000000 10.000000 5.000000 100.000000 9.000000 7.000000 9.000000 0.000000 0.000000 0.000000 3540359.399000 0.739910 0.166111 372441.000000
2.000000 8.000000 11.000000 10.000000 4.000000 92.000000 11.000000 7.000000 7.000000 2.000000 0.733142 0.305892 3782289.407000 0.841487 0.185294 376041.000000
1.000000 8.000000 11.000000 14.000000 3.000000 30.000000 9.000000 11.000000 7.000000 0.000000 1.071881 0.060475 2647529.118000 0.743013 0.142580 364157.000000
0.000000 4.000000 13.000000 6.000000 2.000000 92.000000 7.000000 8.000000 9.000000 2.000000 1.040160 0.051875 2058054.878000 0.794978 0.122790 351292.000000
1.000000 4.000000 10.000000 22.000000 1.000000 134.000000 8.000000 11.000000 9.000000 4.000000 0.741534 0.037925 1932656.960000 0.649396 0.101253 355268.000000
0.000000 8.000000 10.000000 14.000000 5.000000 100.000000 12.000000 11.000000 8.000000 1.000000 1.072113 0.120500 4170553.811000 0.779380 0.155277 376966.000000
2.000000 8.000000 11.000000 18.000000 4.000000 92.000000 12.000000 11.000000 7.000000 2.000000 0.942445 0.076475 3704246.657000 0.741115 0.150526 376041.000000
2.000000 8.000000 10.000000 10.000000 3.000000 36.000000 7.000000 7.000000 9.000000 1.000000 0.795366 0.052125 2406721.618000 0.773769 0.153210 369845.000000
1.000000 4.000000 11.000000 14.000000 2.000000 134.000000 7.000000 9.000000 7.000000 0.000000 0.890472 0.033250 1840063.164000 0.709252 0.112946 350686.000000
1.000000 4.000000 13.000000 10.000000 1.000000 92.000000 7.000000 8.000000 8.000000 4.000000 0.745479 0.027475 1549946.915000 0.659845 0.100339 350718.000000
0.000000 8.000000 10.000000 14.000000 5.000000 100.000000 7.000000 10.000000 7.000000 4.000000 1.260584 0.094325 3932046.460000 0.817534 0.163660 376906.000000
0.000000 8.000000 11.000000 10.000000 4.000000 92.000000 11.000000 8.000000 8.000000 1.000000 1.261944 0.069825 4225247.281000 0.879475 0.181638 375832.000000
1.000000 8.000000 10.000000 6.000000 3.000000 30.000000 11.000000 10.000000 9.000000 3.000000 1.066890 0.063625 3003835.866000 0.846349 0.161300 369740.000000
0.000000 4.000000 10.000000 14.000000 2.000000 118.000000 12.000000 7.000000 9.000000 3.000000 0.979737 0.059625 2301296.768000 0.763937 0.118733 354503.000000
0.000000 4.000000 8.000000 14.000000 1.000000 36.000000 8.000000 8.000000 9.000000 2.000000 0.795567 0.051175 1858418.268000 0.607533 0.098270 345264.000000
2.000000 8.000000 12.000000 14.000000 5.000000 100.000000 12.000000 9.000000 7.000000 3.000000 0.879462 0.076650 3733161.124000 0.739822 0.154249 377682.000000
0.000000 8.000000 13.000000 18.000000 4.000000 36.000000 7.000000 10.000000 9.000000 2.000000 1.313584 0.126000 4128952.777000 0.812731 0.155705 370379.000000
1.000000 8.000000 10.000000 6.000000 3.000000 30.000000 10.000000 8.000000 9.000000 4.000000 1.049467 0.050375 2413907.226000 0.845524 0.160858 368965.000000
2.000000 4.000000 11.000000 22.000000 2.000000 30.000000 7.000000 8.000000 8.000000 0.000000 0.780846 0.041350 1801843.709000 0.675861 0.107785 339595.000000
1.000000 4.000000 12.000000 10.000000 1.000000 80.000000 10.000000 9.000000 6.000000 0.000000 0.683206 0.029175 1547225.936000 0.566983 0.086515 344450.000000
1.000000 8.000000 12.000000 22.000000 5.000000 30.000000 10.000000 9.000000 8.000000 2.000000 1.241622 0.104250 4087335.149000 0.844830 0.167993 369690.000000
2.000000 8.000000 13.000000 18.000000 4.000000 36.000000 10.000000 9.000000 6.000000 0.000000 0.865503 0.068950 3456277.029000 0.648534 0.130598 364950.000000
1.000000 8.000000 10.000000 14.000000 3.000000 30.000000 7.000000 8.000000 6.000000 4.000000 0.941990 0.047025 2092089.472000 0.773025 0.142767 368440.000000
0.000000 4.000000 9.000000 18.000000 2.000000 118.000000 10.000000 11.000000 6.000000 3.000000 0.939987 0.070975 2462132.733000 0.740385 0.116996 353977.000000
0.000000 4.000000 9.000000 10.000000 1.000000 92.000000 8.000000 10.000000 9.000000 3.000000 0.806241 0.059825 2126744.385000 0.638624 0.101543 351602.000000
0.000000 8.000000 12.000000 6.000000 5.000000 100.000000 12.000000 10.000000 8.000000 0.000000 1.076764 0.098425 3807096.568000 0.693436 0.139569 372329.000000
0.000000 8.000000 11.000000 6.000000 4.000000 100.000000 12.000000 7.000000 8.000000 1.000000 0.842495 0.081625 3488047.647000 0.781990 0.152239 376664.000000
2.000000 8.000000 11.000000 10.000000 3.000000 30.000000 8.000000 8.000000 6.000000 0.000000 0.824393 0.045900 2112826.269000 0.646443 0.127389 363803.000000
0.000000 4.000000 10.000000 10.000000 2.000000 118.000000 12.000000 9.000000 7.000000 2.000000 1.007048 0.055200 2132716.267000 0.763529 0.118155 353825.000000
0.000000 4.000000 10.000000 22.000000 1.000000 134.000000 9.000000 8.000000 7.000000 3.000000 0.817127 0.065575 2306657.576000 0.663098 0.103281 355870.000000
1.000000 8.000000 12.000000 18.000000 5.000000 110.000000 10.000000 7.000000 7.000000 1.000000 0.000000 0.000000 3602352.680000 0.883439 0.186692 377946.000000
1.000000 8.000000 11.000000 22.000000 4.000000 52.000000 8.000000 10.000000 7.000000 1.000000 1.105182 0.071375 3442456.704000 0.797151 0.152530 371549.000000
0.000000 8.000000 11.000000 10.000000 3.000000 30.000000 7.000000 11.000000 9.000000 2.000000 1.197883 0.084625 3188693.928000 0.808837 0.152736 369233.000000
0.000000 4.000000 13.000000 18.000000 2.000000 100.000000 11.000000 8.000000 9.000000 1.000000 1.091496 0.064525 2520875.584000 0.878950 0.140451 351857.000000
1.000000 4.000000 8.000000 18.000000 1.000000 118.000000 7.000000 9.000000 8.000000 3.000000 0.740164 0.047975 1879389.959000 0.609247 0.101905 354195.000000
1.000000 8.000000 12.000000 6.000000 5.000000 80.000000 7.000000 10.000000 7.000000 2.000000 1.102195 0.063475 3321981.787000 0.816474 0.162718 375095.000000
2.000000 8.000000 13.000000 10.000000 4.000000 100.000000 11.000000 10.000000 7.000000 1.000000 1.144466 0.072650 3974222.383000 0.832816 0.184620 376605.000000
2.000000 8.000000 10.000000 18.000000 3.000000 30.000000 7.000000 10.000000 9.000000 4.000000 0.923176 0.061875 2695325.989000 0.772980 0.153580 368965.000000
1.000000 4.000000 9.000000 18.000000 2.000000 118.000000 12.000000 7.000000 8.000000 2.000000 0.835155 0.042350 1799303.550000 0.732328 0.117340 353885.000000
1.000000 4.000000 8.000000 22.000000 1.000000 118.000000 12.000000 9.000000 6.000000 4.000000 0.686195 0.038200 1490570.101000 0.595882 0.098860 353008.000000
0.000000 8.000000 10.000000 14.000000 5.000000 110.000000 12.000000 11.000000 7.000000 2.000000 1.073878 0.098450 4175739.130000 0.780426 0.155911 378214.000000
0.000000 8.000000 11.000000 18.000000 4.000000 100.000000 10.000000 10.000000 9.000000 2.000000 1.629160 0.135250 4530229.505000 0.895984 0.184197 377043.000000
2.000000 8.000000 11.000000 14.000000 3.000000 36.000000 12.000000 9.000000 9.000000 4.000000 0.876982 0.058725 2599033.628000 0.746065 0.146092 369845.000000
1.000000 4.000000 11.000000 22.000000 2.000000 134.000000 12.000000 11.000000 8.000000 2.000000 0.863294 0.055800 2218719.729000 0.760279 0.119035 355620.000000
2.000000 4.000000 10.000000 14.000000 1.000000 134.000000 9.000000 8.000000 7.000000 2.000000 0.710492 0.043825 1811425.738000 0.638857 0.102089 355364.000000
2.000000 8.000000 10.000000 22.000000 5.000000 30.000000 11.000000 7.000000 7.000000 1.000000 0.000000 0.000000 4155531.883000 0.801998 0.168783 369362.000000
2.000000 8.000000 11.000000 6.000000 4.000000 36.000000 9.000000 9.000000 9.000000 4.000000 1.107019 0.091225 3526209.824000 0.818246 0.169056 370111.000000
2.000000 8.000000 11.000000 22.000000 3.000000 30.000000 11.000000 10.000000 6.000000 1.000000 0.839980 0.070450 2943210.805000 0.732395 0.142374 368440.000000
0.000000 4.000000 11.000000 10.000000 2.000000 118.000000 8.000000 11.000000 9.000000 0.000000 1.037389 0.056850 2245904.916000 0.696482 0.110132 349122.000000
0.000000 4.000000 10.000000 14.000000 1.000000 134.000000 12.000000 9.000000 6.000000 4.000000 0.739113 0.051950 1823857.408000 0.636510 0.097670 354742.000000
2.000000 8.000000 12.000000 6.000000 5.000000 100.000000 10.000000 11.000000 7.000000 3.000000 1.144105 0.076775 4091225.874000 0.838450 0.190535 377682.000000
2.000000 8.000000 11.000000 18.000000 4.000000 100.000000 10.000000 11.000000 9.000000 3.000000 1.159745 0.119500 4443881.022000 0.845984 0.186928 377551.000000
2.000000 8.000000 11.000000 22.000000 3.000000 36.000000 10.000000 8.000000 6.000000 4.000000 0.841797 0.058650 2512551.602000 0.732928 0.141990 369320.000000
0.000000 4.000000 9.000000 6.000000 2.000000 36.000000 9.000000 10.000000 7.000000 1.000000 1.118401 0.051000 1989245.549000 0.802979 0.124421 345022.000000
0.000000 4.000000 11.000000 18.000000 1.000000 110.000000 8.000000 7.000000 8.000000 1.000000 0.795323 0.049675 1936131.995000 0.648954 0.099612 352590.000000
1.000000 8.000000 12.000000 6.000000 5.000000 80.000000 12.000000 9.000000 8.000000 2.000000 0.972871 0.084900 3358424.227000 0.782942 0.154845 375155.000000
1.000000 8.000000 13.000000 14.000000 4.000000 80.000000 11.000000 10.000000 8.000000 2.000000 1.320535 0.101225 4120053.237000 0.885330 0.180595 374853.000000
2.000000 8.000000 10.000000 14.000000 3.000000 36.000000 11.000000 10.000000 7.000000 4.000000 0.989597 0.065500 2969625.883000 0.817933 0.163781 369674.000000
1.000000 4.000000 10.000000 22.000000 2.000000 134.000000 11.000000 10.000000 7.000000 4.000000 0.949686 0.060600 2391366.736000 0.874125 0.141638 355293.000000
2.000000 4.000000 9.000000 18.000000 1.000000 52.000000 11.000000 7.000000 7.000000 0.000000 0.700375 0.045725 1826614.066000 0.569464 0.092498 341828.000000
1.000000 8.000000 12.000000 14.000000 5.000000 80.000000 8.000000 10.000000 8.000000 0.000000 1.055582 0.090650 3451816.893000 0.711678 0.142835 370250.000000
1.000000 8.000000 11.000000 10.000000 4.000000 100.000000 9.000000 10.000000 8.000000 0.000000 1.310308 0.065675 3453759.924000 0.768219 0.157555 372028.000000
0.000000 8.000000 11.000000 18.000000 3.000000 36.000000 7.000000 8.000000 6.000000 0.000000 1.086211 0.073700 2648492.468000 0.681682 0.127108 364683.000000
2.000000 4.000000 10.000000 22.000000 2.000000 36.000000 7.000000 8.000000 9.000000 2.000000 0.777948 0.045475 1984467.798000 0.757189 0.118897 345460.000000
0.000000 4.000000 13.000000 14.000000 1.000000 80.000000 10.000000 8.000000 8.000000 0.000000 0.816931 0.053500 1968548.008000 0.598119 0.092403 344864.000000
0.000000 8.000000 12.000000 10.000000 5.000000 30.000000 10.000000 11.000000 7.000000 2.000000 0.000000 0.000000 4390337.651000 0.843971 0.167374 369630.000000
0.000000 8.000000 11.000000 10.000000 4.000000 92.000000 12.000000 8.000000 6.000000 0.000000 0.000000 0.000000 3266392.697000 0.662227 0.128977 370782.000000
1.000000 8.000000 11.000000 6.000000 3.000000 36.000000 10.000000 9.000000 8.000000 2.000000 1.077108 0.055175 2594086.211000 0.876915 0.166356 370002.000000
1.000000 4.000000 9.000000 14.000000 2.000000 92.000000 10.000000 7.000000 7.000000 2.000000 0.856220 0.043200 1883931.026000 0.813297 0.130399 351121.000000
0.000000 4.000000 8.000000 18.000000 1.000000 80.000000 11.000000 7.000000 9.000000 3.000000 0.800727 0.067075 2399811.701000 0.617721 0.101927 350355.000000
