1	8	4	12	5	105	1	0	3	2	1.29012	0.069725	3519210
1	8	4	8	4	64	6	0	0	3	1.186428	0.064125	3024789
0	8	5	8	3	96	1	3	0	2	1.249056	0.085475	3000502
1	4	2	12	2	96	5	6	3	0	0.745642	0.043175	1773124
1	4	3	16	1	64	4	4	1	4	0.768231	0.0436	1590355
0	8	6	12	5	105	3	6	3	0	1.691301	0.105	4612423
2	8	1	20	4	84	5	0	0	4	0.677016	0.061625	2946612
2	8	6	20	3	84	3	1	5	0	1.12387	0.0693	2921911
1	4	5	12	2	64	5	0	0	2	0.744168	0.03885	1531933
0	4	2	8	1	128	4	2	3	2	0.813053	0.059625	2032782
1	8	4	8	5	120	5	1	1	2	0	0	3067341
0	8	4	8	4	120	5	6	3	2	0.755014	0.0928	3802836
1	8	5	12	3	96	6	6	5	0	1.194567	0.05765	2410053
1	4	0	16	2	64	0	0	1	3	0.985659	0.04725	1753293
2	4	2	16	1	84	2	3	5	1	0.735707	0.052675	1831614
2	8	4	16	5	120	3	2	1	4	1.26762	0.08135	4087010
1	8	3	16	4	120	6	1	2	0	1.388141	0.06765	3272367
1	8	6	8	3	105	6	2	4	0	1.204835	0.05755	2554890
0	4	5	16	2	32	3	2	2	1	1.162858	0.0684	2336944
1	4	3	12	1	128	0	4	0	4	0.756851	0.0378	1473635
0	8	4	8	5	120	6	2	2	0	1.604264	0.0935	3838504
1	8	2	16	4	84	5	0	3	1	0.702348	0.06135	3060482
0	8	5	20	3	96	2	5	1	3	1.386896	0.10245	3423378
0	4	4	12	2	84	3	3	3	4	1.223509	0.069325	2463698
2	4	5	20	1	128	1	1	3	4	0.734639	0.04945	1822060
1	8	6	8	5	105	3	0	3	1	1.291342	0.06885	3754690
1	8	2	8	4	96	1	1	4	2	1.428697	0.095	3452418
1	8	5	16	3	84	0	1	4	4	1.110604	0.059475	2481155
1	4	0	8	2	96	5	5	0	2	0.741649	0.038625	1564296
1	4	1	8	1	130	4	2	4	3	0.766827	0.0542	1962689
1	8	5	12	5	130	1	3	5	2	1.423916	0.076725	3705190
1	8	2	12	4	128	3	3	4	4	1.479757	0.10725	4060019
2	8	2	8	3	84	0	2	2	3	1.040928	0.06505	2617561
2	4	2	12	2	96	5	3	3	1	0.702345	0.046975	1894088
1	4	2	16	1	64	4	6	0	4	0.757222	0.046	1602981
2	8	6	16	5	120	1	0	0	2	1.093684	0.071075	3491658
1	8	4	8	4	64	2	1	2	0	1.399288	0.06305	3304094
1	8	2	16	3	84	6	0	2	0	1.178022	0.053975	2277345
2	4	1	8	2	64	5	3	4	1	0.702148	0.044125	1855024
2	4	4	8	1	128	4	4	3	2	0.735829	0.046225	1770744
2	8	4	8	5	105	1	4	1	1	1.253336	0.065925	3309580
1	8	1	16	4	84	1	3	2	1	1.428059	0.074325	3525713
1	8	2	16	3	120	6	1	4	2	1.188833	0.063475	2645641
1	4	5	16	2	64	3	3	4	4	1.090667	0.05845	2278692
1	4	6	8	1	120	2	2	4	0	0.768285	0.04705	1809933
1	8	5	20	5	130	2	2	5	4	1.442238	0.0816	3887017
2	8	2	12	4	32	4	6	0	2	1.089636	0.07	3414405
1	8	6	12	3	105	6	3	1	2	1.200628	0.062325	2620157
2	4	3	20	2	130	0	0	5	3	0.912981	0.054275	2062995
0	4	5	8	1	105	2	1	0	0	0.803599	0.0547	1784311
2	8	5	8	5	105	6	5	4	1	1.257902	0.096425	3572312
1	8	4	12	4	64	2	5	3	1	1.429975	0.070775	3564204
2	8	5	16	3	96	1	6	4	0	1.126256	0.0663	2799598
1	4	1	12	2	64	2	6	1	2	1.078131	0.048975	1950943
0	4	3	12	1	96	1	4	2	4	0.815733	0.054825	1915667
1	8	4	16	5	105	1	6	2	4	1.423689	0.076225	3676783
2	8	1	16	4	32	4	1	0	2	1.080229	0.06875	3316354
1	8	5	12	3	105	6	5	5	2	1.189913	0.058975	2472407
1	4	1	12	2	120	4	4	0	4	0.958004	0.0408	1678502
1	4	5	20	1	32	6	0	5	4	0.767104	0.03805	1521027
0	8	5	12	5	105	1	2	3	3	1.717571	0.10825	4387261
2	8	2	20	4	96	1	5	4	2	1.296461	0.10775	3865428
2	8	6	16	3	84	0	3	3	4	1.042782	0.065025	2748959
1	4	5	20	2	64	2	5	4	3	1.086915	0.064825	2339971
0	4	3	8	1	120	3	5	4	1	0.815574	0.061075	2222342
0	8	4	20	5	130	2	3	4	1	1.743626	0.146	4896650
0	8	3	16	4	128	6	6	2	2	1.646545	0.102725	4056960
1	8	2	20	3	84	5	4	1	3	0.739359	0.063125	2490568
0	4	4	12	2	64	0	1	5	1	1.153648	0.057175	1925504
2	4	1	8	1	105	0	0	0	1	0.721865	0.0351	1410844
1	8	4	16	5	105	3	1	5	0	1.427622	0.07685	3840045
2	8	1	16	4	120	2	1	0	2	1.08179	0.07395	3532725
2	8	5	8	3	105	0	0	2	2	1.043926	0.0557	2367750
0	4	3	12	2	32	1	1	3	2	1.165075	0.0587	2188109
0	4	0	8	1	84	3	1	5	0	0.810103	0.053425	1890735
0	8	6	8	5	120	0	0	5	4	1.317072	0.089425	3575801
1	8	4	16	4	96	0	1	2	2	1.212941	0.0692	3256434
2	8	6	12	3	84	1	5	0	2	0.999955	0.060175	2597639
0	4	2	8	2	84	2	0	5	2	1.193759	0.0548	2052599
1	4	6	8	1	64	0	5	2	3	0.76435	0.049625	1743384
0	8	6	8	5	120	3	4	2	4	1.684074	0.097075	4275179
1	8	4	20	4	32	6	3	4	3	1.338004	0.11325	3986335
1	8	5	20	3	105	3	5	5	0	1.21586	0.0693	2821290
2	4	0	8	2	128	5	2	3	0	0.705718	0.041275	1700223
2	4	6	16	1	64	0	4	0	1	0.721319	0.041775	1536101
1	8	5	12	5	130	6	1	2	4	1.389939	0.069	3318233
1	8	1	8	4	96	1	2	1	1	1.39603	0.06405	3183834
0	8	5	16	3	96	4	3	1	2	1.388044	0.0946	3234537
0	4	4	20	2	130	0	1	2	1	1.153648	0.0644	2130608
1	4	5	16	1	84	0	0	2	4	0.760557	0.041025	1523534
1	8	6	20	5	130	3	3	5	1	1.443304	0.088575	4327416
0	8	2	8	4	96	3	6	1	4	1.652692	0.0966	4121835
1	8	5	20	3	96	0	3	0	3	1.073296	0.071025	2706198
2	4	0	12	2	130	5	2	0	0	0.705588	0.040725	1624857
1	4	2	20	1	96	6	2	2	0	0.768144	0.04385	1664677
0	8	5	20	5	105	2	1	2	4	1.732963	0.10625	4332077
1	8	2	12	4	120	1	6	5	0	1.402748	0.06925	3385280
1	8	5	8	3	96	1	4	5	1	1.213896	0.052875	2292791
0	4	1	16	2	32	0	1	1	0	1.152725	0.052575	1837614
0	4	1	12	1	105	1	5	5	2	0.813664	0.058675	1943071
2	8	6	12	5	130	3	5	1	4	1.268728	0.076625	3998517
2	8	2	12	4	84	0	3	5	1	1.140715	0.069775	3339234
1	8	2	16	3	96	3	4	0	2	1.082672	0.0631	2643070
1	4	1	8	2	120	3	1	2	0	1.049184	0.04325	1889764
0	4	5	20	1	130	6	1	1	4	0.814674	0.05965	1912273
2	8	4	16	5	130	4	4	2	0	1.283306	0.0727	3601984
2	8	2	20	4	120	3	6	5	1	1.288687	0.0849	4039899
0	8	2	16	3	96	6	1	4	2	1.351096	0.091175	3140916
1	4	5	8	2	96	2	0	2	1	1.044608	0.04245	1760911
0	4	0	20	1	64	1	1	3	4	0.809068	0.05745	1924192
0	8	5	20	5	105	6	3	1	4	1.585158	0.106	4138384
1	8	3	8	4	84	3	1	0	3	1.187028	0.072	3631015
2	8	2	16	3	84	1	3	5	0	1.126426	0.0639	2666715
0	4	4	8	2	84	0	5	1	1	1.136896	0.0562	1904714
2	4	5	8	1	32	1	1	2	1	0.734137	0.040875	1565454
1	8	5	16	5	105	6	6	3	4	1.390052	0.07565	3635189
0	8	2	16	4	32	5	0	0	3	0.755773	0.09275	3510863
1	8	6	8	3	96	0	2	0	4	1.07362	0.05255	2282384
0	4	2	8	2	64	3	1	1	4	1.19248	0.05515	2109213
2	4	5	20	1	130	4	6	1	4	0.735078	0.052575	1827671
0	8	4	16	5	105	6	6	1	0	1.573988	0.1003	3988750
2	8	3	8	4	96	2	6	3	3	1.310875	0.078275	3959609
1	8	5	20	3	96	1	0	4	3	1.183957	0.0703	2848920
1	4	1	20	2	96	0	0	4	4	1.007199	0.044825	1839219
2	4	5	20	1	32	4	4	2	2	0.734088	0.047375	1767021
0	8	5	12	5	105	1	3	0	4	1.39387	0.098925	4006438
1	8	1	8	4	96	3	5	0	3	1.191795	0.072925	3629352
0	8	6	12	3	120	0	5	2	4	1.27143	0.085625	2986675
1	4	5	16	2	128	0	2	5	1	1.000468	0.0489	1797429
0	4	4	20	1	120	2	5	4	4	0.8157	0.073025	2207846
0	8	5	20	5	130	4	2	4	1	1.750529	0.13975	4600042
2	8	4	8	4	64	6	3	4	2	1.273174	0.096125	3645891
2	8	5	20	3	120	6	6	5	1	1.106848	0.06785	2711840
0	4	5	20	2	96	4	5	3	2	1.223774	0.07185	2391352
0	4	0	20	1	96	2	3	2	0	0.810103	0.068	2051980
2	8	4	8	5	120	3	3	1	2	1.267208	0.0762	4078717
1	8	3	16	4	128	2	0	3	0	1.340668	0.070275	3512699
0	8	6	8	3	84	3	2	3	1	1.410446	0.089025	3312727
2	4	0	12	2	84	0	0	3	4	0.8996	0.040575	1673526
0	4	2	20	1	120	6	3	4	0	0.815301	0.06325	2112603
1	8	6	8	5	105	4	4	5	4	1.413579	0.0649	3369138
1	8	3	12	4	64	5	1	2	4	0.700837	0.060325	3039953
2	8	2	20	3	105	1	1	5	3	1.139322	0.073375	2886091
2	4	2	20	2	96	1	1	1	4	0.976907	0.04855	1886088
1	4	1	12	1	130	6	4	5	4	0.768527	0.0403	1543334
0	8	6	20	5	130	0	5	4	4	1.350059	0.1325	4305001
1	8	2	12	4	84	1	3	0	3	1.188542	0.0753	3509966
0	8	2	16	3	96	2	5	3	0	1.393975	0.091	3176860
0	4	2	12	2	128	2	1	3	0	1.189583	0.0589	2180755
0	4	3	8	1	120	5	3	0	1	0.769583	0.0543	1813654
0	8	4	16	5	130	2	5	0	0	1.394929	0.1	4130102
2	8	1	20	4	64	3	6	0	0	1.080198	0.079375	3843047
0	8	6	20	3	96	1	4	3	4	1.3922	0.090225	3162356
1	4	4	20	2	130	1	4	4	1	1.073033	0.052525	2052264
1	4	3	20	1	120	1	1	0	4	0.756851	0.04285	1637646
0	8	5	8	5	130	1	0	1	0	1.440631	0.089625	3653970
2	8	4	20	4	32	3	0	2	1	1.213882	0.07665	3765747
2	8	5	8	3	120	0	4	2	3	1.040118	0.0643	2548221
2	4	4	20	2	64	3	2	4	4	0.989478	0.061825	2350193
1	4	2	16	1	64	6	2	0	4	0.757222	0.042975	1523845
2	8	6	20	5	120	4	0	3	2	1.180223	0.10055	3930812
2	8	1	8	4	64	1	5	4	0	1.276788	0.09185	3426730
1	8	6	16	3	120	6	4	0	3	1.084592	0.06555	2588792
2	4	1	8	2	84	3	2	2	3	0.98655	0.0545	2231864
1	4	5	12	1	120	3	4	3	2	0.768328	0.05065	1915537
2	8	4	8	5	105	6	1	2	3	1.264394	0.074	3546040
2	8	3	16	4	32	4	2	5	1	1.226041	0.071625	3582918
1	8	2	8	3	105	2	6	2	3	1.233093	0.067775	2813634
0	4	0	20	2	32	6	4	3	2	1.147874	0.0601	2081918
0	4	3	8	1	130	4	0	0	2	0.804945	0.05305	1885456
1	8	6	16	5	120	1	4	5	2	1.422947	0.0735	3554597
1	8	2	20	4	64	0	0	0	0	1.154674	0.06105	2855827
0	8	6	8	3	96	6	3	2	1	1.357954	0.086	3042207
0	4	0	8	2	84	4	2	3	3	1.168719	0.0645	2299381
2	4	3	8	1	105	3	1	3	0	0.736589	0.043775	1858590
1	8	5	12	5	105	4	6	0	4	1.204865	0.0705	3496189
2	8	2	20	4	120	6	5	5	3	1.247172	0.080675	3668981
0	8	6	8	3	120	1	1	1	2	1.387405	0.085275	3005209
2	4	3	16	2	128	3	2	1	0	0.963115	0.05325	2135076
0	4	6	20	1	32	4	0	4	2	0.811897	0.063425	2147313
1	8	4	12	5	105	3	3	1	2	1.403272	0.080325	4073170
0	8	1	8	4	128	6	1	3	1	1.623424	0.092625	3680396
1	8	6	12	3	105	4	1	5	2	1.225366	0.060025	2615887
2	4	2	20	2	32	2	4	3	2	0.949067	0.053375	2074729
2	4	0	8	1	96	0	0	2	3	0.730468	0.04365	1659232
0	8	5	12	5	130	0	5	5	1	1.350067	0.096575	3784537
2	8	1	8	4	32	2	6	3	3	1.213551	0.07555	3788843
0	8	2	12	3	84	1	6	4	1	1.38146	0.091225	3181443
0	4	1	16	2	32	1	5	4	2	1.166881	0.063175	2268809
1	4	0	8	1	120	6	6	2	2	0.76722	0.044125	1634361
2	8	5	8	5	105	0	2	1	0	1.123641	0.06455	3200569
2	8	3	12	4	84	6	2	0	4	1.091739	0.066075	3234600
0	8	2	12	3	120	5	1	5	2	0	0.08315	2880955
1	4	4	20	2	130	4	6	4	1	0	0.058925	2218989
2	4	3	20	1	32	1	6	1	3	0.734389	0.056025	1977444
2	8	6	12	5	130	6	2	2	4	1.261781	0.07255	3592514
2	8	4	20	4	32	5	0	3	4	0.679801	0.064375	3180681
1	8	5	8	3	120	1	3	2	4	1.223447	0.0589	2560708
2	4	1	12	2	128	2	0	2	3	0.964111	0.05355	2090639
2	4	5	20	1	130	6	5	2	0	0.736617	0.04615	1732558
1	8	5	8	5	105	2	3	4	4	0			0	0
2	8	1	20	4	64	0	5	4	3	1.042091445	0.10675	3844326.793
1	8	5	20	3	105	6	1	1	2	1.385304252	0.05955	2525664.584
1	4	3	12	2	130	4	4	0	4	0.8540048169	0.039925	1771573.883
1	4	6	20	1	32	6	2	3	4	0.7556936336	0.042175	1734407.287
0	8	5	8	5	105	3	4	2	1	1.546643756	0.090925	4176753.288
2	8	1	12	4	128	2	2	4	0	1.12945543	0.0985	3847978.327
1	8	6	8	3	120	2	2	5	2	1.116171618	0.057325	2694297.127
2	4	3	8	2	64	5	4	1	2	0.6751545034	0.03725	1654451.181
2	4	1	8	1	96	0	6	4	1	0.7038331009	0.041525	1707446.724
0	8	6	8	5	130	2	4	2	1	1.544450701	0.091725	4042763.253
0	8	1	20	4	84	3	4	3	2	1.572227203	0.104	4449383.966
1	8	2	20	3	105	4	3	2	0	1.119712374	0.065925	2764278.357
2	4	2	8	2	64	6	4	2	2	0.8187004035	0.039575	1746547.484
0	4	1	20	1	130	6	3	2	0	0.8100223088	0.05795	2012203.278
2	8	4	8	5	105	4	5	5	4	1.126906294	0.066575	3563217.852
1	8	1	20	4	64	4	0	1	3	1.244440204	0.074	3557661.738
1	8	6	8	3	96	0	5	5	2	1.045470146	0.05355	2400899.71
1	4	3	12	2	64	4	2	3	4	0.9543340248	0.0443	1947586.345
2	4	0	12	1	96	5	3	1	1	0.6605787747	0.0406	1554384.743
0	8	5	20	5	130	5	4	4	0	0			0	3984917.7
0	8	4	12	4	96	5	6	2	1	0.7481230791	0.088125	3736537.602
0	8	2	12	3	84	6	0	2	4	1.268393613	0.0768	2784913.943
0	4	2	8	2	120	2	3	1	2	1.122772776	0.0578	2237243.274
0	4	3	12	1	64	1	4	1	1	0.8140723225	0.0503	1840213.782
2	8	4	20	5	120	4	4	5	1	1.121179385	0.074525	3711210.346
1	8	1	16	4	64	1	2	0	1	1.081227515	0.0661	3249675.782
1	8	6	12	3	84	3	3	0	0	1.010116555	0.0598	2746572.247
1	4	1	16	2	84	2	2	3	2	0.9619376037	0.051675	2134431.175
2	4	1	20	1	84	4	5	4	1	0.7106202149	0.047	1886730.46
1	8	6	12	5	130	5	3	3	3	0			0	3770720.518
2	8	1	16	4	32	2	5	3	0	1.087460045	0.070275	3672383.027
0	8	6	8	3	105	4	3	3	0	1.331218279	0.082025	3201077.474
1	4	1	12	2	32	0	0	5	0	0.9045625789	0.033925	1498688.472
2	4	3	8	1	130	0	3	1	1	0.7022767118	0.0409	1662005.795
2	8	5	20	5	120	2	6	2	4	1.140254686	0.083575	4125194.734
1	8	2	16	4	32	1	6	2	4	1.262153809	0.068875	3451690.501
0	8	5	12	3	120	1	3	3	0	1.307636105	0.0853	3174108.545
1	4	0	8	2	84	3	3	2	3	0.9163538736	0.051775	2229519.49
0	4	1	8	1	64	0	6	2	4	0.8061986615	0.050425	1796198.421
1	8	6	8	5	130	0	3	0	0	1.033562845	0.062525	3225957.281
0	8	3	8	4	128	5	5	0	3	0.7335486482	0.08885	3629423.271
2	8	5	20	3	96	3	4	5	4	1.005921121	0.067525	2839632.552
0	4	4	16	2	120	1	4	4	4	1.147871025	0.0624	2232661.139
2	4	2	16	1	105	5	5	0	2	0.6489741197	0.041225	1606395.433
1	8	6	16	5	120	0	1	0	3	1.034283316	0.072575	3452110.363
0	8	2	20	4	128	3	6	4	2	1.634295372	0.14125	4862523.135
0	8	5	20	3	84	5	5	0	2	0.7730388612	0.081375	2906914.902
2	4	1	8	2	96	6	6	3	0	0.8357440506	0.04145	1841652.78
0	4	0	16	1	120	0	5	0	2	0.7765840793	0.05405	1811327.114
0	8	4	16	5	105	5	6	1	2	0			0	3901515.968
0	8	3	16	4	96	6	2	3	0	1.530888371	0.094175	3948614.011
1	8	2	16	3	105	0	5	2	0	1.043797812	0.0559	2389243.266
1	4	4	20	2	128	4	5	3	0	0.938740284	0.051125	2034156.059
2	4	6	12	1	130	6	5	1	0	0.7086348408	0.042425	1657277.819
2	8	5	16	5	130	0	6	2	1	1.028820869	0.07315	3588383.822
1	8	1	8	4	32	5	3	1	0	0.6876182946	0.055825	2396396.649
2	8	5	8	3	96	0	1	2	0	0.9377639979	0.05195	2312017.335
2	4	4	12	2	84	3	5	0	4	0.7681608427	0.0476	2004081.341
2	4	4	20	1	120	2	4	3	0	0.7104155252	0.050075	1845773.575
0	8	5	12	5	105	1	3	4	0	1.576213404	0.1255	4359836.381
2	8	3	16	4	96	6	5	3	4	1.120375608	0.0699	3524620.665
0	8	2	20	3	105	2	3	2	2	1.32378978	0.097475	3477430.631
1	4	4	12	2	130	6	4	5	1	0.936928317	0.0421	1747345.563
1	4	1	8	1	84	2	5	5	3	0.7549217298	0.0453	1809141.894
2	8	6	12	5	130	2	0	4	0	1.081059305	0.098575	3872550.019
1	8	2	12	4	84	1	5	1	0	1.26672007	0.062475	3188801.426
2	8	6	12	3	96	0	1	2	3	0.9366858668	0.062575	2713637.628
2	4	0	8	2	128	6	4	5	0	0.8097888614	0.03715	1614352.159
0	4	3	8	1	64	4	5	2	2	0.8157503992	0.05345	1982908.832
2	8	4	12	5	130	1	1	5	4	1.121735763	0.06865	3524203.761
1	8	1	12	4	32	3	2	3	3	1.246092122	0.07755	3982197.696
0	8	5	12	3	84	6	6	1	4	1.284834125	0.080725	2929409.613
0	4	2	8	2	130	2	0	1	0	1.105765846	0.0498	1972405.373
2	4	3	16	1	105	5	3	4	1	0.6582990537	0.0473	1845720.599
1	8	6	16	5	120	5	3	1	1	0	0	3428925.786
1	8	3	12	4	128	4	4	4	3	1.304099761	0.101925	3820474.729
1	8	2	12	3	105	6	5	5	4	1.09108633	0.054725	2387057.191
2	4	2	16	2	84	1	5	4	0	0.8203938206	0.046875	2010258.362
1	4	0	20	1	32	3	0	2	2	0.7520452231	0.048525	1812126.429
1	8	4	12	5	130	5	1	0	4	0	0	3000536.103
0	8	2	8	4	64	1	6	3	2	1.57309438	0.0913	3974441.695
0	8	6	16	3	96	0	5	3	4	1.226258629	0.0834	3053206.406
0	4	5	12	2	130	2	1	2	0	1.126040641	0.059	2159902.724
0	4	6	20	1	130	5	6	1	1	0.7622655102	0.059375	2001657.564
1	8	6	20	5	120	4	1	4	3	1.32132212	0.11325	4243457.443
0	8	4	8	4	84	6	4	4	4	1.514167038	0.1135	3776935.808
2	8	2	12	3	84	2	3	1	4	0.9985215279	0.061675	2708151.805
2	4	2	12	2	96	1	0	3	1	0.8218519243	0.041625	1839696.727
0	4	1	8	1	120	0	2	4	1	0.8088544736	0.053475	1917437.677
1	8	6	8	5	120	6	1	4	3	1.279425661	0.099325	3745478.353
0	8	1	16	4	96	1	2	4	4	1.606462922	0.1265	4197905.117
1	8	6	8	3	120	1	5	2	2	1.117146268	0.056625	2583516.13
1	4	2	12	2	84	2	0	3	4	0.9505847789	0.04155	1856705.347
2	4	2	20	1	84	3	0	5	1	0.7103556352	0.049075	1865102.347
1	8	4	12	5	105	5	3	0	2	0	0	3291946.335
0	8	4	12	4	120	3	4	4	3	1.556610338	0.131	4602474.869
1	8	2	20	3	105	5	0	1	2	0.7288880429	0.0536	2334675.69
0	4	1	20	2	96	3	5	5	2	1.12898371	0.06885	2496507.263
0	4	5	8	1	64	0	0	0	4	0.7746292012	0.047225	1610051.651
0	8	4	12	5	120	3	1	1	2	1.557067361	0.09815	4370276.97
0	8	3	16	4	96	6	3	5	2	1.522366747	0.09815	4074261.809
1	8	6	20	3	105	5	5	5	2	0.7306687864	0.0585	2577955.449
0	4	3	16	2	64	3	0	2	3	1.131644016	0.0667	2533785.444
1	4	5	16	1	105	2	4	2	0	0.7551378004	0.04485	1666408.827
0	8	6	8	5	130	5	0	3	0	0	0	3591463.024
0	8	2	8	4	120	0	1	4	3	1.343016618	0.1205	3975248.313
2	8	2	12	3	105	1	4	2	3	1.003844077	0.063225	2725725.99
1	4	2	16	2	32	3	0	1	3	0.9124582476	0.050875	2106439.225
2	4	5	12	1	130	0	5	4	3	0.7081942006	0.052	1970849.51
0	8	6	12	5	120	6	1	4	4	1.514636787	0.12225	4112426.39
1	8	3	12	4	96	1	4	1	0	1.264828339	0.061075	3147762.631
1	8	5	20	3	96	2	0	0	4	1.006591525	0.058	2458194.906
1	4	1	12	2	32	1	4	2	2	0.9260823769	0.0401	1759750.508
1	4	3	16	1	128	1	0	3	2	0.7549581378	0.0445	1792098.771
0	8	4	12	5	105	1	1	2	0	1.571329478	0.091775	3916049.43
0	8	2	12	4	96	2	5	3	1	1.607425879	0.0943	4111376.792
2	8	2	16	3	84	6	2	0	4	0.8966080342	0.057925	2453311.343
2	4	3	12	2	120	1	4	4	2	0.8288441523	0.0462	2062863.816
2	4	1	12	1	32	0	1	5	2	0.7047134032	0.038525	1570789.52
0	8	5	12	5	120	4	2	5	3	1.584374209	0.10325	4358793.334
0	8	1	12	4	120	6	6	3	3	1.530891432	0.100275	4131479.127
2	8	5	12	3	84	5	6	3	2	0.6907619429	0.05885	2605877.285
0	4	4	12	2	32	0	4	2	0	1.074735586	0.05185	1855576.851
2	4	0	16	1	105	4	5	5	4	0.7025998271	0.04425	1677061.558
1	8	4	16	5	120	4	4	1	4	1.27395226	0.069425	3471785
2	8	2	20	4	128	5	0	2	2	0.6600781215	0.066025	3284142.676
2	8	2	16	3	84	5	2	3	3	0.6872324436	0.0654	2770153.204
1	4	4	20	2	96	5	0	3	4	0.7426801732	0.042725	1768488.745
1	4	4	20	1	120	6	5	3	0	0.7555661831	0.042675	1727941.234
2	8	6	12	5	130	3	0	0	4	0.9563782083	0.07	3736604.841
0	8	4	12	4	128	5	1	2	3	0.7509765858	0.092675	3842746.3
0	8	2	8	3	105	0	1	1	2	1.225113512	0.078	2808298.451
2	4	4	20	2	128	4	2	2	3	0.8351204798	0.061525	2351422.909
0	4	1	20	1	64	5	1	1	4	0.762419011	0.048525	1760177.622
0	8	5	8	5	105	2	6	5	4	1.561961275	0.09345	4162000.177
0	8	2	8	4	84	6	2	5	4	1.509836515	0.086925	3656658.56
2	8	6	16	3	84	2	4	0	0	0.9023214951	0.057375	2580198.715
2	4	2	8	2	130	3	6	0	0	0.7603860457	0.043425	2000381.05
1	4	5	8	1	128	5	6	1	3	0.7047611193	0.045575	1707781.223
0	8	4	16	5	120	1	3	3	2	1.590553944	0.1045	4476596.528
1	8	2	16	4	64	3	2	5	1	1.284642881	0.074875	3788541.047
0	8	5	16	3	105	5	4	2	4	0.7892934985	0.0782	2831063.879
0	4	2	20	2	32	1	2	5	0	1.104875379	0.0583	2115143.449
0	4	1	8	1	130	5	3	0	3	0.7492723142	0.05735	1947964.937
1	8	6	12	5	105	4	3	5	1	1.294042103	0.07305	3781912.325
1	8	3	12	4	64	2	3	5	2	1.296488932	0.07205	3721850.856
0	8	2	20	3	105	6	6	2	3	1.284384588	0.09605	3390532.515
0	4	0	16	2	120	3	6	5	0	1.042277063	0.064025	2345554.607
0	4	4	12	1	32	3	0	1	0	0.8098055212	0.0543	1902240.149
0	8	4	16	5	130	3	3	1	0	1.536996813	0.1045	4600323.853
0	8	2	16	4	84	6	2	3	1	1.527077312	0.09525	3931289.765
0	8	2	20	3	105	0	1	4	0	1.219466052	0.083675	3071113.171
0	4	1	8	2	64	4	4	4	4	1.127711249	0.051925	2075780.039
1	4	0	8	1	105	3	5	1	0	0.749104934	0.038925	1646473.209
1	8	4	8	5	130	2	5	1	3	1.271072087	0.073125	3701832.234
0	8	3	8	4	96	4	1	5	1	1.551491216	0.087925	3792348.344
0	8	2	16	3	105	2	2	1	0	1.297519751	0.0858	3128796.792
1	4	5	12	2	128	0	6	5	0	0.9150105408	0.04315	1752328.11
0	4	1	20	1	120	0	4	2	0	0.8044493613	0.05	1831358.284
0	8	6	8	5	120	0	1	4	2	1.319075812	0.11925	4019280.6
1	8	4	20	4	96	1	4	0	3	1.081004592	0.073725	3502230.732
0	8	5	16	3	105	2	4	0	2	1.198457564	0.08425	3065816.882
0	4	5	8	2	128	3	2	1	3	1.120871896	0.066175	2451886.761
2	4	1	16	1	105	6	1	1	1	0.7091846161	0.041675	1607405.335
0	8	5	16	5	120	3	3	1	1	1.569009885	0.1055	4599017.689
2	8	2	8	4	120	4	3	4	4	1.159566587	0.0965	3760978.719
1	8	6	20	3	120	2	1	3	4	1.128771976	0.06605	2838403.782
2	4	5	16	2	128	3	4	0	2	0.763056312	0.051775	2086256.955
1	4	2	8	1	105	2	3	3	3	0.7553379422	0.0506	1976000.364
1	8	5	12	5	120	6	1	5	3	1.259343583	0.07225	3493263.434
0	8	4	12	4	128	1	3	4	0	1.587320498	0.12425	4233714.832
1	8	2	16	3	120	5	4	0	4	0.7186511404	0.049825	2185823.947
1	4	0	8	2	32	6	1	2	3	0.9135219512	0.04275	1785198.552
0	4	4	16	1	130	4	5	0	0	0.7731877272	0.05895	1889592.17
1	8	4	12	5	120	3	2	2	4	1.322214855	0.075675	4013930.087
2	8	1	8	4	120	4	5	4	4	1.137514669	0.09385	3599461.107
2	8	6	12	3	120	0	3	0	3	0.8877471607	0.06505	2784313.89
0	4	2	8	2	120	2	5	3	2	1.136476642	0.05725	2251047.176
2	4	0	16	1	130	3	0	3	2	0.7058419298	0.050675	1962011.368
0	8	5	16	5	105	4	0	5	1	1.39781588	0.093	3932846.704
0	8	2	12	4	96	6	6	0	0	1.308680565	0.086325	3619124.671
2	8	5	12	3	120	2	4	2	4	1.007780006	0.058575	2632894.811
0	4	4	12	2	128	1	5	5	0	1.115307352	0.0574	2075668.729
0	4	3	12	1	130	1	5	5	1	0.814415605	0.05505	1974106.443
0	8	4	8	5	120	1	6	0	3	1.31381707	0.096925	4109061.972
0	8	2	20	4	120	5	4	3	3	0.7477677332	0.095825	3989734.143
2	8	6	16	3	96	0	1	0	1	0.8877471607	0.055275	2430908.274
0	4	4	12	2	64	5	6	5	0	0.8117241039	0.05465	1946811.995
1	4	4	16	1	105	4	3	4	4	0.7574218643	0.05275	1897523.038
0	8	4	12	5	120	3	2	3	1	1.635986826	0.102575	4628668.571
1	8	3	20	4	64	2	6	3	3	1.315816507	0.0857	4153307.891
0	8	2	20	3	84	6	6	3	1	1.286393514	0.09035	3178300.17
2	4	5	20	2	84	1	3	1	1	0.8164019392	0.0531	2036563.04
2	4	6	20	1	96	4	0	0	1	0.6782442507	0.042075	1686538.247
1	8	5	20	5	130	5	2	1	4	0	0	3366442.295
1	8	1	12	4	120	0	5	1	4	1.132311517	0.06235	3037881.124
1	8	5	8	3	84	6	3	4	2	1.096104866	0.05875	2626387.989
2	4	5	16	2	32	4	0	1	4	0.8024719343	0.042475	1741185.537
2	4	6	16	1	64	6	2	2	3	0.7131070084	0.053425	1960763.536
0	8	5	16	5	120	1	4	2	3	1.567764218	0.10225	4259985.913
0	8	4	16	4	120	0	5	1	0	1.323432334	0.0893	3655658.402
2	8	5	16	3	96	4	3	2	0	1.00832016	0.0642	2769825.828
0	4	4	20	2	64	1	1	2	2	1.140214394	0.064475	2242538.523
0	4	2	12	1	96	3	4	3	1	0.8176622683	0.057025	2095005.524
1	8	4	16	5	120	6	4	3	3	1.28602184	0.076575	3724322.855
0	8	4	12	4	128	3	2	2	2	1.592352846	0.100025	4425358.866
2	8	5	16	3	105	5	0	4	2	0.6892807937	0.057875	2572121.092
2	4	4	12	2	128	2	4	0	4	0.7681608427	0.0441	1832696.007
1	4	3	16	1	128	3	2	2	2	0.7556945488	0.05385	2025891.458
2	8	5	12	5	105	0	1	1	0	1.003453456	0.063475	3180588.996
2	8	4	20	4	128	4	3	4	3	1.160852501	0.11775	4410942.011
2	8	2	20	3	105	6	4	5	4	0.983473761	0.059625	2520586.41
2	4	4	16	2	84	1	4	5	3	0.8296692625	0.052275	2080544.741
2	4	1	12	1	64	4	5	0	1	0.6756277725	0.03935	1567469.416
0	8	6	8	5	130	5	5	1	0	0	0	3598092.241
2	8	3	20	4	96	5	0	0	0	0.6460649775	0.060175	3014519.718
0	8	5	20	3	96	2	1	1	3	1.288867246	0.095925	3387609.54
1	4	1	8	2	130	5	1	0	1	0.7219976436	0.035675	1536599.558
2	4	1	16	1	84	1	5	5	4	0.7106202149	0.0435	1674228.622
1	8	4	8	5	120	2	4	2	2	1.286519025	0.067025	3549021.47
2	8	3	20	4	64	5	0	3	4	0.6587207232	0.063925	3268626.954
0	8	6	12	3	120	3	3	0	3	1.211625198	0.0945	3567301.591
0	4	4	12	2	120	6	1	1	1	1.109429189	0.0567	1988956.319
2	4	5	20	1	64	1	1	5	3	0.7128607713	0.051325	1925499.176
2	8	6	8	5	130	2	4	4	3	1.127265217	0.103	4101216.623
2	8	1	8	4	128	0	4	2	3	1.035511379	0.0675	3280809.953
2	8	2	20	3	120	2	5	4	1	1.013617715	0.07005	2990493.173
0	4	1	8	2	120	2	4	0	2	1.023273425	0.0522	2014383.331
0	4	4	20	1	96	4	6	3	2	0.8144836532	0.06745	2220399.828
1	8	5	16	5	105	2	0	3	3	1.212582113	0.0778	3934328.473
2	8	2	12	4	84	3	5	1	4	1.106615768	0.070125	308878.162
0	8	2	8	3	105	1	0	3	3	1.279787546	0.0846	3096773.739
2	4	2	20	2	96	5	6	0	4	0.6648135698	0.045025	1801578.442
0	4	0	12	1	120	2	0	1	4	0.8117320621	0.05175	1804780.226
1	8	5	16	5	120	3	5	0	0	1.089172131	0.07405	3788351.069
1	8	3	12	4	96	6	2	1	3	1.258454094	0.071775	3442889.024
1	8	2	8	3	120	0	3	2	3	1.048541966	0.062875	2637692.622
1	4	2	12	2	128	3	4	0	2	0.8551999974	0.045425	1963677.493
2	4	2	20	1	105	5	1	2	4	0.6600810805	0.039075	1641392.316
0	8	4	20	5	130	5	2	3	1	0	0	4098779.577
0	8	4	16	4	96	5	6	1	0	0.7423963121	0.088325	3660228.515
0	8	6	16	3	84	3	2	5	1	1.32240511	0.09135	3390232.825
2	4	4	8	2	130	6	5	3	4	0.8275828466	0.0443	1877559.265
0	4	4	16	1	32	4	6	0	0	0.7731877272	0.057975	1840161.239
1	8	5	8	5	120	5	1	0	0	0	0	2874156.607
1	8	2	16	4	128	3	5	1	3	1.271762535	0.0813	3998033.026
1	8	6	8	3	105	1	0	1	0	1.090479419	0.04865	2280976.598
2	4	5	20	2	32	2	3	3	0	0.8210880153	0.0552	2149628.722
1	4	1	20	1	120	1	1	2	1	0.755953398	0.0431	1699244.009
1	8	5	12	5	130	5	5	4	3	0	0	3657787.224
0	8	4	20	4	120	4	5	1	2	1.535998474	0.09905	4147563.188
2	8	5	16	3	96	5	2	1	1	0.6896684186	0.05695	2434537.196
1	4	0	20	2	64	3	4	0	2	0.8514835309	0.0502	1985354.386
1	4	5	16	1	130	3	2	4	0	0.7563691136	0.05435	2006819.191
2	8	6	8	5	130	4	1	4	0	1.137537428	0.094625	3762138.117
1	8	4	8	4	64	0	2	3	3	1.168279531	0.069125	3391300.748
1	8	6	8	3	105	6	6	2	3	1.099386625	0.06155	2707891.153
1	4	3	20	2	64	5	0	0	0	0.7210511632	0.0363	1540913.036
1	4	1	20	1	64	1	0	1	1	0.7534351732	0.037825	1551222.24
1	8	5	12	5	105	4	2	1	2	1.275193642	0.072125	3591094.261
1	8	1	8	4	64	2	5	3	1	1.296821381	0.06425	3420741.802
0	8	5	20	3	105	2	4	3	0	1.317237564	0.0873	3200290.439
2	4	4	16	2	130	1	2	2	1	0.8295986181	0.050775	2042913.676
2	4	3	8	1	128	6	3	1	3	0.7091536899	0.04875	1885501.444
1	8	6	8	5	105	4	0	1	4	1.206901637	0.061225	3286237.961
0	8	1	8	4	120	6	4	0	4	1.304318433	0.0825	3389322.312
0	8	5	16	3	120	3	5	4	4	1.325860298	0.092675	3481661.731
1	4	4	20	2	96	4	1	5	2	0.9529053772	0.050875	2016753.292
0	4	4	16	1	96	6	4	2	0	0.8177783452	0.055775	1845400.397
1	8	5	8	5	120	1	4	4	2	1.290610003	0.094575	3579633.956
2	8	4	8	4	64	5	1	4	0	0.6605553127	0.085575	3214335.379
0	8	6	16	3	96	2	4	0	2	1.199257657	0.08485	3106828.135
2	4	5	20	2	84	3	2	2	1	0.8364976509	0.058525	2270444.224
0	4	6	12	1	128	1	1	4	4	0.8150085061	0.059575	2085504.636
1	8	4	20	5	105	4	3	0	1	1.095320651	0.07745	3774790.003
2	8	1	20	4	32	6	5	2	1	1.087582646	0.069975	3402682.369
0	8	2	8	3	105	4	0	5	0	1.283624183	0.07505	2808171.573
0	4	1	8	2	96	0	1	5	3	1.076858991	0.055975	2081608.271
0	4	1	16	1	105	5	0	0	1	0.7506695948	0.0484	1674693.778
2	8	4	20	5	105	6	4	3	3	1.111745421	0.079725	3884431.104
0	8	3	20	4	32	1	5	0	2	1.307557052	0.093825	3927914.336
0	8	6	12	3	105	1	6	3	0	1.307652639	0.08395	3183561.658
1	4	3	12	2	96	4	2	1	4	0.9387290877	0.043275	1872232.093
2	4	0	8	1	32	2	5	1	4	0.6999796987	0.0371	1548622.884
2	8	4	20	5	130	3	4	5	1	1.121179385	0.08195	4130646.953
1	8	4	8	4	64	3	6	4	4	1.318819148	0.095325	3887374.055
2	8	6	16	3	96	5	4	2	4	0.6872179209	0.054975	2460692.008
2	4	3	12	2	120	1	0	2	4	0.8241212188	0.0412	1830519.155
2	4	4	20	1	32	4	0	5	0	0.7099353075	0.0401	1614690.167
1	8	6	16	5	130	2	4	1	3	1.278518561	0.077775	3866539.709
1	8	2	12	4	84	3	5	4	3	1.324714816	0.1065	4155733.218
0	8	2	8	3	105	6	0	4	1	1.2626417	0.078575	2888181.191
1	4	4	8	2	32	2	6	1	0	0.9208236998	0.04065	1795638.906
1	4	5	8	1	64	1	5	5	3	0.7540661451	0.045825	1745546.763
2	8	6	20	5	105	0	4	0	1	0.9201812335	0.0684	3339827.778
2	8	4	20	4	64	4	3	0	4	0.9530964051	0.075025	3637556.05
2	8	2	16	3	84	6	5	5	3	0.987221247	0.066825	2741210.756
0	4	3	8	2	84	3	1	0	0	1.031871259	0.051525	2141696.792
2	4	4	12	1	120	5	1	2	2	0.6550117115	0.043	1670656.782
2	8	6	16	5	130	1	0	3	3	1.182013	0.08075	3908304
0	8	1	16	4	64	6	2	3	2	1.627003	0.100125	3970883
2	8	2	12	3	105	0	6	1	1	1.042847	0.059575	2477466
0	4	1	8	2	128	2	0	4	4	1.191478	0.056575	2129637
0	4	0	20	1	105	1	4	0	4	0.805376	0.0538	1787677
0	8	4	12	5	120	3	2	3	2	1.734935	0.10875	4700782
2	8	4	16	4	120	0	6	2	0	1.144429	0.070525	3410805
1	8	5	20	3	120	5	0	0	1	0.737942	0.052975	2217258
0	4	1	8	2	130	4	2	2	2	1.222293	0.0595	2202181
0	4	4	12	1	96	1	5	5	4	0.8157	0.060075	1894217
2	8	4	12	5	105	0	4	5	0	1.129923	0.065325	3195818
0	8	2	12	4	84	2	5	0	2	1.380132	0.09545	3912377
1	8	2	20	3	96	1	4	2	3	1.214578	0.068475	2750420
1	4	3	8	2	130	4	5	4	3	1.084505	0.0548	2193641
1	4	4	20	1	128	4	4	4	0	0.766797	0.048	1805660
0	8	4	12	5	105	5	3	5	1	0	0	3870573
0	8	2	20	4	120	0	3	3	2	1.381121	0.10575	4153067
2	8	6	8	3	84	5	4	5	2	0.71711	0.0543	2391185
1	4	5	12	2	120	5	4	5	3	0.744338	0.050725	1833008
2	4	1	16	1	96	0	4	1	0	0.729536	0.03955	1509673
1	8	5	16	5	120	1	0	4	4	1.28726	0.09975	3603883
2	8	3	16	4	32	2	5	5	2	1.238552	0.074475	3725790
2	8	6	12	3	120	1	1	5	0	1.120418	0.0581	2580872
0	4	5	16	2	64	5	3	1	0	0.806319	0.059625	1978786
1	4	1	8	1	84	5	6	4	3	0.726239	0.050275	1820628
2	8	4	20	5	105	0	5	1	4	1.118747	0.07305	3461163
2	8	3	20	4	120	5	0	3	1	0.683669	0.067425	3339039
1	8	2	20	3	96	6	6	2	3	1.193758	0.074425	2835165
2	4	4	16	2	64	1	6	0	3	0.873749	0.05705	2086621
0	4	2	16	1	32	2	2	2	2	0.811638	0.064675	2061054
2	8	4	12	5	105	2	0	2	3	1.171351	0.07785	3844532
1	8	2	20	4	84	2	2	4	0	1.435319	0.108	3879336
0	8	5	12	3	96	1	4	2	3	1.387566	0.0929	3138051
0	4	4	8	2	64	3	2	0	1	1.08462	0.05915	2155601
1	4	0	20	1	130	1	6	4	1	0.767152	0.052025	1869965
1	8	4	8	5	130	1	2	0	0	1.198283	0.06405	3295120
0	8	4	12	4	128	0	4	0	4	1.302291	0.087725	3438294
2	8	5	8	3	96	5	1	4	0	0.716445	0.054775	2390749
0	4	1	16	2	84	6	3	1	0	1.203981	0.059925	2072820
1	4	6	16	1	84	5	4	2	0	0.726338	0.0402	1532110
0	8	5	16	5	105	1	3	5	2	1.674926	0.10675	4280886
0	8	3	8	4	84	4	3	3	1	1.707564	0.097525	4073310
1	8	2	12	3	120	3	2	0	1	1.082672	0.061675	2670145
0	4	5	20	2	128	1	0	3	0	1.174878	0.063175	2138142
0	4	5	12	1	105	0	2	4	2	0.805079	0.0646	2039557
0	8	4	12	5	120	0	0	1	3	1.322982	0.09915	3793866
0	8	1	16	4	84	2	4	3	0	1.684597	0.097425	3998455
2	8	5	8	3	84	0	5	3	3	1.04061	0.06405	2634643
0	4	0	12	2	64	6	3	1	3	1.163372	0.0671	2194342
1	4	0	12	1	120	1	2	3	3	0.76722	0.05485	1879842
2	8	5	20	5	120	6	6	2	0	1.24997	0.07775	3724787
2	8	3	8	4	128	2	4	1	2	1.271207	0.0676	3474304
0	8	6	16	3	84	4	6	4	2	1.404938	0.097825	3454041
1	4	5	20	2	96	3	3	5	3	1.0923	0.0709	2486221
0	4	4	12	1	130	1	2	4	1	0.8154	0.065775	2091893
1	8	5	16	5	120	6	1	3	4	1.392037	0.07285	3475185
2	8	2	20	4	120	1	2	2	1	1.289415	0.077375	3657406
0	8	2	12	3	96	4	5	2	2	1.416783	0.0896	3119129
1	4	4	16	2	84	4	6	5	3	1.100348	0.060325	2202541
1	4	3	20	1	32	1	5	4	2	0.767608	0.049975	1879014
2	8	4	20	5	105	6	2	0	3	1.092957	0.08225	3781020
2	8	4	16	4	128	1	5	3	1	1.299327	0.074575	3620497
1	8	6	8	3	105	3	0	4	0	1.181322	0.0577	2695363
0	4	3	12	2	84	5	2	3	3	0.800206	0.0655	2314489
1	4	1	8	1	64	0	0	0	3	0.758334	0.040075	1521290
1	8	4	12	5	130	6	6	1	4	1.378951	0.07155	3388777
2	8	1	20	4	84	0	1	0	1	1.078885	0.0672	3093325
0	8	2	12	3	120	0	5	5	2	1.278188	0.087125	2959002
1	4	5	20	2	128	2	6	2	0	1.064392	0.056675	2090617
0	4	0	16	1	96	2	0	1	4	0.80665	0.056325	1839718
0	8	4	12	5	120	1	5	1	2	1.646081	0.099475	4010507
1	8	2	16	4	32	0	5	5	4	1.218432	0.065025	3089132
1	8	6	12	3	96	1	6	1	1	1.213515	0.0598	2554024
1	4	4	20	2	130	6	2	3	4	1.063634	0.054225	2030899
2	4	4	8	1	120	2	4	1	2	0.735829	0.04505	1713071
1	8	5	12	5	120	4	4	5	1	1.409632	0.069025	3384400
1	8	4	20	4	96	3	1	1	0	1.378428	0.0772	3719128
2	8	2	8	3	120	2	3	4	2	1.156514	0.066875	2939458
2	4	5	8	2	120	3	0	5	2	0.964305	0.048125	1972013
1	4	5	12	1	128	5	1	0	4	0.725925	0.039425	1441128
1	8	4	16	5	120	6	1	5	2	1.39728	0.072925	3453386
0	8	1	12	4	64	4	2	4	0	1.667646	0.12375	4068862
0	8	6	8	3	84	0	5	3	0	1.272211	0.081475	2887625
0	4	3	12	2	96	1	1	0	1	1.087881	0.054375	2018280
0	4	6	12	1	130	5	1	0	1	0.769835	0.0563	1808681
0	8	6	8	5	105	5	5	3	3	0	0	3994123
2	8	1	8	4	84	4	4	3	2	1.262538	0.067475	3404346
2	8	6	8	3	96	6	1	3	3	1.115595	0.065275	2730273
0	4	4	16	2	128	4	4	1	4	1.195018	0.0624	2084437
2	4	6	8	1	84	1	4	4	1	0.735383	0.04425	1748707
0	8	5	12	5	130	1	6	2	4	1.685477	0.10195	4138358
1	8	1	20	4	64	3	1	5	1	1.415615	0.078325	3722068
2	8	6	12	3	96	5	4	0	3	0.716785	0.06	2503567
0	4	3	20	2	32	1	4	0	4	1.087251	0.05605	2012675
0	4	3	8	1	64	0	4	2	4	0.808579	0.050025	1777782
1	8	4	12	5	120	3	2	0	3	1.200222	0.08255	4093262
2	8	4	20	4	32	0	6	1	2	1.135156	0.073525	3430263
0	8	5	20	3	105	1	5	0	2	1.249755	0.092125	3117482
1	4	4	20	2	96	1	4	1	2	1.062035	0.0504	1889681
0	4	0	20	1	64	0	1	3	0	0.805953	0.053275	1817795
0	8	6	8	5	105	4	5	5	0	1.653371	0.0938	3981762
0	8	3	16	4	64	2	1	3	1	1.690176	0.100775	4129245
1	8	5	20	3	120	1	0	1	0	1.173761	0.05775	2401293
2	4	4	16	2	64	1	6	1	4	0.980098	0.0507	1913556
2	4	1	12	1	96	6	0	1	3	0.733955	0.04595	1725789
1	8	5	12	5	105	2	6	1	4	1.408115	0.074375	3689849
2	8	3	20	4	84	2	6	0	2	1.091739	0.08025	3844002
0	8	2	12	3	84	0	0	5	4	1.279202	0.0793	2718716
0	4	2	16	2	128	4	2	5	1	1.223208	0.06385	2206640
2	4	4	8	1	105	1	1	5	1	0.735878	0.04265	1616556
2	8	5	12	5	120	1	4	4	3	1.292692	0.10675	3935026
2	8	4	16	4	32	4	4	5	2	1.225644	0.0704	3443323
1	8	2	20	3	84	4	5	4	3	1.236047	0.0763	3001883
1	4	4	12	2	84	6	3	4	0	1.066071	0.04875	1961649
1	4	6	12	1	32	4	6	5	2	0.76771	0.0479	1742671
0	8	5	8	5	120	5	1	0	1	0	0	3425721
0	8	2	8	4	120	0	6	3	2	1.384103	0.0955	3833931
2	8	2	20	3	120	0	1	2	3	1.044177	0.0719	2799648
1	4	5	20	2	96	5	1	2	4	0.744185	0.045925	1750574
0	4	3	20	1	128	4	6	2	0	0.813712	0.064225	2108895
0	8	5	12	5	105	4	5	0	2	1.39387	0.09825	3994538
2	8	2	20	4	120	3	6	1	0	1.252703	0.0824	3986542
2	8	6	16	3	96	2	1	0	4	0.999955	0.061575	2651136
2	4	2	8	2	64	0	1	4	3	0.921291	0.05025	1980495
1	4	6	16	1	32	4	0	0	3	0.755994	0.04925	1736432
1	8	6	12	5	130	5	1	4	2	0	0	3532271
1	8	3	8	4	64	5	4	4	3	0.700837	0.091025	3340892
0	8	6	8	3	96	3	4	0	1	1.247839	0.08305	3041013
1	4	0	20	2	64	2	3	2	1	1.018959	0.055375	2059130
0	4	5	20	1	120	2	6	4	3	0.809637	0.084625	2484888
0	8	4	20	5	120	1	6	1	3	1.670479	0.114	4517051
0	8	4	16	4	32	2	3	4	4	1.564925	0.13275	4420668
0	8	6	8	3	84	4	1	3	0	1.388298	0.08235	3005938
2	4	4	8	2	32	2	1	1	2	0.956711	0.0445	1843260
1	4	3	8	1	32	2	4	5	4	0.767507	0.037725	1559597
0	8	6	12	5	105	1	1	4	1	1.69924	0.127	4229890
1	8	3	12	4	128	3	5	3	2	1.461954	0.076975	3905925
0	8	2	20	3	84	0	0	3	3	1.278072	0.094375	3151106
2	4	5	12	2	120	3	5	0	0	0.876534	0.04855	1948663
1	4	3	12	1	32	4	0	5	3	0.767171	0.0465	1748998
2	8	5	16	5	120	1	0	4	3	1.168922	0.10875	3938692
2	8	1	8	4	120	2	3	3	4	1.300858	0.0715	3696636
0	8	6	20	3	120	0	2	2	4	1.26683	0.090725	3158999
0	4	4	8	2	32	2	3	2	0	1.171198	0.0594	2141697
1	4	6	20	1	105	0	6	5	3	0.76435	0.05535	1958752
1	8	6	16	5	105	4	2	0	4	1.203226	0.072525	3604648
2	8	4	8	4	32	5	1	4	1	0.679801	0.08755	3218346
2	8	5	16	3	96	0	1	3	3	1.040496	0.068225	2741435
2	4	1	20	2	120	5	2	1	0	0.702645	0.04585	1779442
2	4	6	16	1	130	5	3	1	1	0.69729	0.05025	1738802
1	8	5	20	5	130	4	2	2	2	1.462462	0.082625	3929523
0	8	2	20	4	120	4	2	0	4	1.380132	0.100475	3984987
2	8	6	12	3	105	6	2	1	2	1.110362	0.062125	2659096
1	4	0	16	2	130	2	1	4	0	1.008291	0.04975	2014082
0	4	1	12	1	128	1	2	1	2	0.812527	0.059925	1955630
0	8	6	8	5	130	5	0	5	1	0	0	3507061
2	8	1	16	4	32	3	4	4	4	1.222622	0.10275	3925194
0	8	6	12	3	96	2	4	5	4	1.394899	0.085725	3053716
1	4	1	8	2	96	0	3	1	1	0.999893	0.041575	1699619
1	4	5	12	1	128	5	1	3	3	0.726188	0.052425	1805413
2	8	5	16	5	105	0	5	4	1	1.116612	0.10205	3659194
2	8	1	8	4	120	2	5	0	0	1.080198	0.064	3310399
2	8	5	20	3	84	6	4	0	1	1.004006	0.05955	2400519
0	4	0	16	2	120	5	2	4	1	0.799281	0.060275	2120045
1	4	4	16	1	84	6	3	5	3	0.768145	0.059675	1915178
2	8	5	20	5	130	2	0	1	0	1.168218	0.07535	3684361
2	8	1	16	4	32	2	2	1	4	1.203359	0.072075	3562142
0	8	5	12	3	96	4	3	5	3	1.400581	0.09685	3352348
0	4	1	12	2	128	5	2	3	1	0.803107	0.05765	2042301
0	4	1	20	1	128	3	6	2	3	0.813328	0.08215	2490218
2	8	5	20	5	105	2	4	1	3	1.263605	0.08455	3999047
1	8	4	16	4	64	3	2	1	0	1.373494	0.07395	3719344
0	8	5	12	3	120	3	0	3	4	1.361014	0.08835	3217153
1	4	1	8	2	64	0	6	0	1	0.954926	0.03895	1583352
1	4	5	8	1	96	5	3	3	3	0.726188	0.05145	1807307
1	8	4	12	5	130	0	5	1	0	1.184281	0.066225	3173495
0	8	3	16	4	64	5	5	2	3	0.752214	0.0995	3925882
2	8	6	20	3	84	4	3	0	2	0.999955	0.07055	2895390
2	4	2	8	2	96	2	3	2	1	0.995721	0.047025	1998892
0	4	1	12	1	130	0	0	1	1	0.80589	0.051725	1740493
1	8	4	12	5	120	3	3	3	2	1.468425	0.0832	4259738
2	8	3	8	4	96	6	0	3	3	1.220908	0.070325	3432837
1	8	5	20	3	96	3	2	5	2	1.237803	0.074025	2964118
0	4	3	8	2	128	0	5	0	4	1.074223	0.052375	1914605
0	4	5	8	1	130	0	1	0	1	0.802616	0.054575	1718549
0	8	6	16	5	105	0	1	2	4	1.352851	0.0967	3862438
0	8	4	12	4	84	4	5	5	1	1.679688	0.095825	3895967
0	8	2	12	3	96	1	4	2	3	1.39312	0.0936	3134142
2	4	2	20	2	130	5	5	1	1	0.702345	0.046975	1826430
0	4	2	12	1	128	3	4	2	0	0.81463	0.058425	2007365
0	8	4	20	5	105	5	3	3	2	0	0	4289250
0	8	4	16	4	84	0	3	3	4	1.385622	0.099975	3974407
0	8	6	16	3	105	1	0	1	4	1.365017	0.084775	2954148
0	4	2	16	2	32	3	2	1	1	1.167369	0.063725	2277672
1	4	2	20	1	64	4	1	5	1	0.768548	0.044475	1654937
2	8	6	12	5	130	2	5	4	3	1.331208	0.11225	4334068
0	8	1	20	4	128	1	0	2	3	1.605178	0.1055	4146430
2	8	2	8	3	96	3	3	1	1	1.141943	0.061875	2774533
2	4	1	20	2	130	2	1	4	1	0.990657	0.055975	2211215
0	4	5	16	1	130	3	3	5	3	0.809468	0.08235	2459189
1	8	4	8	5	120	5	0	4	0	0	0	3155232
0	8	4	20	4	96	0	0	4	1	1.336415419	0.1205	3929179.429
0	8	2	16	3	96	1	0	2	2	1.295086039	0.0826	3009953.268
0	4	0	8	2	128	6	6	1	4	1.042922226	0.052625	1951422.981
2	4	4	8	1	64	0	6	1	1	0.7031013662	0.040075	1554498.385
2	8	5	16	5	105	4	3	2	0	1.125579054	0.076525	3906486.31
1	8	4	20	4	120	3	2	0	1	1.081004592	0.078575	3853557.179
1	8	5	16	3	105	5	2	0	4	0.7180121791	0.053325	2316312.451
1	4	0	16	2	64	1	0	4	1	0.9079795995	0.04275	1813630.016
0	4	5	20	1	96	0	0	1	3	0.8088120209	0.0582	2027187.665
2	8	6	8	5	130	1	3	2	2	1.131956592	0.072	3829316.834
2	8	2	20	4	64	5	5	5	0	0.6595682487	0.06485	3206458.769
1	8	2	16	3	120	0	1	3	4	0.9110121315	0.057175	2451150.9
0	4	4	8	2	64	6	5	0	0	1.029363305	0.0511	1844534.055
2	4	4	8	1	130	1	1	0	1	0.677737466	0.03925	1581878.614
0	8	5	20	5	130	2	5	2	1	1.584669066	0.1055	4422847.049
1	8	4	12	4	32	0	4	0	0	1.036098567	0.055375	2812169.998
1	8	5	12	3	84	4	3	1	2	0.9114221025	0.060375	2643671.02
0	4	4	16	2	128	5	3	0	3	0.7875266245	0.0664	2253356.994
1	4	6	12	1	96	6	4	4	0	0.7568174749	0.0412	1673298.797
0	8	6	12	5	120	5	0	2	3	0	0	3842158.067
2	8	2	20	4	64	4	3	5	0	1.113541268	0.0747	3706238.349
2	8	6	8	3	105	5	4	4	2	0	0	2577553.454
2	4	4	12	2	128	0	1	0	1	0.7654409717	0.041825	1676268.872
0	4	4	16	1	128	3	4	5	2	0.8135198643	0.065875	2187624.643
1	8	6	12	5	130	1	1	4	1	1.076443552	0.09835	3724197.794
2	8	2	12	4	120	2	6	0	3	0.9501839786	0.076525	3815196.385
0	8	6	8	3	105	5	0	1	0	0.7895351854	0.07135	2656944.024
0	4	1	20	2	130	1	6	4	3	1.133480905	0.073475	2703194.293
0	4	2	12	1	64	3	1	4	3	0.8186820506	0.0651	2352986.033
0	8	4	8	5	130	4	5	5	0	1.550251066	0.090275	3955264.999
2	8	1	20	4	128	5	4	4	4	0	0	3433310.509
2	8	6	16	3	84	2	5	5	1	1.007543059	0.063025	2798227.673
1	4	5	20	2	32	0	6	4	3	0.9201020773	0.05625	2203160.266
1	4	3	20	1	120	2	0	5	4	0.7548220441	0.0457	1742315.498
1	8	4	16	5	120	5	5	3	1	0	0	3405953.051
2	8	3	16	4	64	6	0	2	4	1.091355069	0.06435	3275629.367
1	8	5	20	3	105	2	1	0	0	1.01057033	0.06045	2539540.52
1	4	3	8	2	120	1	0	5	2	0.9480471324	0.039725	1757619.692
2	4	3	16	1	32	1	2	5	0	0.7083201155	0.04235	1667848.006
2	8	4	20	5	130	1	1	2	3	1.129073081	0.0824	4032359.933
2	8	3	8	4	64	2	0	5	2	1.096250083	0.06345	3432101.234
2	8	2	20	3	105	1	5	2	2	1.005846783	0.0659	2803518.826
0	4	5	20	2	32	1	6	0	4	1.017702672	0.062225	2096044.262
1	4	2	16	1	120	2	5	2	4	0.7557287248	0.047325	1758519.793
0	8	4	12	5	120	2	5	2	4	1.600935775	0.097675	4225902.888
0	8	3	12	4	32	4	2	2	1	1.502070308	0.0908	3973427.026
2	8	2	20	3	120	4	1	4	0	1.00323937	0.065025	2825802.354
0	4	1	12	2	32	6	3	3	3	1.103043729	0.063025	2335690.455
1	4	0	16	1	128	0	5	5	1	0.7458071373	0.04165	1551192.359
1	8	6	12	5	130	6	3	2	1	1.264874036	0.0718	3601536.016
0	8	1	12	4	84	1	3	3	3	1.580362371	0.1022	4294471.369
2	8	5	8	3	120	1	6	0	2	0.8961426248	0.05695	2527093.774
2	4	1	8	2	96	3	5	5	4	0.8425204725	0.043525	1996328.653
2	4	2	12	1	64	6	3	5	1	0.7106957158	0.04295	1659881.117
1	8	4	16	5	130	3	4	4	0	1.304134187	0.10575	4098602.398
2	8	4	8	4	64	2	1	4	4	1.13341364	0.092725	3652383.573
1	8	6	20	3	120	4	0	0	1	0.9667153244	0.0578	2508377.373
2	4	0	16	2	96	1	4	3	0	0.8100848497	0.04315	1836084.146
2	4	4	12	1	128	5	2	5	1	0.6570078107	0.043025	1624885.782
2	8	5	8	5	130	0	5	3	1	1.025542145	0.066275	3374571.273
2	8	3	12	4	84	0	6	0	1	0.9208006078	0.06465	3224434.914
2	8	5	8	3	84	3	5	0	0	0.9009721461	0.0547	2579143.739
2	4	5	8	2	32	5	4	4	0	0.681604232	0.038	1657192.311
2	4	0	8	1	96	3	5	5	3	0.7023689575	0.047975	1958999.56
0	8	4	8	5	130	5	5	3	4	0	0	3753487.837
0	8	2	16	4	64	4	1	1	0	1.546226561	0.090375	3805276.925
0	8	6	20	3	96	3	4	3	0	1.315694128	0.090825	3387900.712
2	4	0	12	2	120	1	0	4	0	0.8082763327	0.04125	1822830.409
0	4	6	8	1	128	2	5	3	3	0.8150795781	0.0661	2278055.947
1	8	5	12	5	105	0	3	5	4	1.131430572	0.069025	3409092.779
0	8	4	20	4	84	3	2	0	2	1.302996396	0.10375	4423626.546
1	8	5	16	3	120	1	5	2	3	1.119461198	0.067825	2812788.567
2	4	4	20	2	96	2	1	0	4	0.7681608428	0.05035	1953869.01
2	4	5	16	1	128	0	0	1	0	0.7020673089	0.039575	1520323.094
1	8	4	20	5	105	5	6	5	0	0	0	3447793.973
0	8	1	12	4	120	1	4	0	1	0	0	3603241.472
1	8	2	16	3	84	1	3	5	1	1.118287951	0.0623	2624071.993
2	4	3	12	2	84	3	1	2	3	0.835392941	0.053625	2317713.96
2	4	3	20	1	120	0	3	4	3	0.7051885787	0.05465	2176624.969
2	8	6	20	5	120	1	0	3	2	0	0	3891546.362
0	8	2	8	4	32	0	2	5	3	1.346014741	0.090625	3739972.225
0	8	6	16	3	84	0	4	1	2	0	0	2926055.548
0	4	1	12	2	84	1	2	4	1	0	0	2235993.889
1	4	4	8	1	84	4	3	1	0	0	0	1604340.375
0	8	4	16	5	120	2	1	4	3	1.642767778	0.1365	4763145.412
2	8	3	16	4	96	3	0	3	3	1.109583984	0.081875	4170444.352
0	8	5	12	3	120	2	4	3	1	1.309841753	0.083225	3111228.119
2	4	4	8	2	130	3	0	4	3	0	0	2315265.793
1	4	5	8	1	105	2	4	3	4	0.7557505888	0.040775	1660933.296
2	8	5	8	5	105	3	1	3	0	1.128114284	0.0693	3870861.321
2	8	2	12	4	64	5	1	3	1	0.6593046769	0.061925	3162227.979
2	8	5	20	3	120	2	3	3	3	1.016836263	0.079225	3284197.655
0	4	2	16	2	84	3	0	1	4	1.12465704	0.058175	2210176.495
2	4	4	16	1	130	5	2	1	1	0.6570078107	0.0452	1644291.418
1	8	5	12	5	120	6	5	4	4	1.285356437	0.0964	3582156.757
2	8	3	20	4	64	3	0	5	4	1.107888394	0.0752	3811133.826
1	8	2	16	3	120	6	0	0	3	1.006599157	0.05975	2468862.368
2	4	1	12	2	84	3	4	2	1	0.8411761445	0.04545	2012695.754
1	4	2	8	1	120	1	5	0	3	0.7220490554	0.04345	1701334.698
0	8	4	12	5	105	3	5	2	0	1.556708461	0.09715	4373031.133
2	8	2	16	4	32	3	0	0	0	0.9479007038	0.0663	3463966.043
2	8	6	20	3	120	5	0	3	2	0.6866523374	0.05915	2664097.695
1	4	2	16	2	130	2	5	0	2	0.8551999974	0.04805	1982117.395
2	4	4	8	1	130	3	1	0	4	0.677737466	0.041975	1754473.162
2	8	5	16	5	130	0	2	4	2	1.027738973	0.10375	3844010.468
1	8	2	8	4	84	5	6	4	1	0	0	3272028.341
2	8	6	20	3	120	3	0	2	3	0.9849478547	0.074225	3215060.317
2	4	0	20	2	32	3	2	0	1	0.7591613415	0.052025	2033567.956
2	4	5	16	1	84	0	1	1	0	0	0	1534030.819
1	8	4	12	5	120	6	0	3	1	1.212958037	0.06515	3319295.603
0	8	3	16	4	32	6	3	5	1	1.491954214	0.0945	3921850.778
1	8	5	8	3	105	2	5	2	3	0	0	2747972.844
2	4	0	12	2	64	5	5	5	3	0.6819121122	0.045425	1847505.197
1	4	5	12	1	96	1	3	3	0	0	0	1724440.655
1	8	5	20	5	105	2	5	0	0	1.089172131	0.07355	3664632.919
1	8	2	8	4	96	6	1	2	4	1.265683712	0.060475	3079720.143
1	8	6	12	3	84	0	4	5	0	1.037983637	0.050375	2268119.057
1	4	5	12	2	120	3	6	5	0	0	0	2072207.005
1	4	6	20	1	128	1	1	1	4	0	0	1709906.009
1	8	5	20	5	120	2	0	4	3	1.211701752	0.11225	4189964.987
0	8	3	8	4	96	6	0	2	2	1.464993854	0.087075	3644076.279
0	8	2	8	3	84	1	0	3	2	1.284657193	0.0788	2913718.147
0	4	5	20	2	96	0	5	2	0	1.078871687	0.060425	2072001.754
2	4	4	8	1	120	3	6	4	0	0.7109731537	0.047825	1971120.378
0	8	5	20	5	130	0	2	3	4	1.329207604	0.099175	4135614.282
0	8	4	20	4	96	2	5	0	3	1.309783576	0.104	4333171.644
2	8	5	8	3	96	5	3	2	3	0.6887191833	0.062625	2664879.971
1	4	0	16	2	128	4	2	4	1	0.9159089356	0.04995	2049069.22
2	4	6	12	1	84	4	5	4	4	0.7104229449	0.0463	1864194.764
0	8	5	16	5	130	2	2	4	2	1.656017467	0.1345	4663701.842
2	8	2	20	4	32	2	4	3	2	1.104641727	0.075275	3770672.841
1	8	2	20	3	84	4	5	1	1	1.10347895	0.0616	2570075.976
2	4	1	8	2	130	3	5	5	0	0.8331500261	0.043475	2006725.9
2	4	5	8	1	105	5	2	4	3	0.6596152489	0.0489	1880762.28
1	8	6	8	5	120	5	1	0	1	0	0	2974603.784
1	8	3	12	4	84	3	5	2	0	1.286696396	0.06935	3713006.818
2	8	2	8	3	120	2	2	1	2	0.9895541763	0.05895	2678482.134
0	4	5	16	2	96	2	3	4	0	1.133031528	0.0686	2444638.047
0	4	1	8	1	105	4	0	2	1	0.8106819431	0.049525	1804834.426
2	8	5	16	5	120	0	0	1	2	1.000767022	0.067225	3275044.921
1	8	4	16	4	64	1	3	2	0	1.293161921	0.070375	3530945.342
0	8	6	8	3	96	5	2	5	2	0.7855349195	0.07825	2923320
2	4	0	8	2	64	4	0	5	4	0.8064428246	0.03665	1646569.068
0	4	2	8	1	64	0	6	2	1	0.8099293125	0.050825	1805945.822
0	8	5	12	5	120	0	0	3	3	1.279580074	0.096325	3947034.666
2	8	1	12	4	96	1	1	1	3	1.101649797	0.07255	3521126.05
2	8	6	16	3	84	1	2	1	0	1.000837582	0.0595	2653745.262
1	4	0	12	2	128	5	5	1	2	0.7400818523	0.0409	1674944.031
0	4	2	16	1	128	0	4	5	2	0.8088113292	0.054875	1899895.921
2	8	4	12	5	105	0	6	4	1	1.033484987	0.099575	3708575.399
2	8	2	16	4	96	0	0	5	4	1.020045199	0.063375	3119003.487
0	8	6	20	3	96	0	2	5	4	1.219758434	0.0852	3086012.705
2	4	1	20	2	130	1	6	2	0	0.8398300972	0.051075	2064096.838
0	4	6	12	1	96	2	5	1	1	0.809664862	0.059025	2004394.796
0	8	6	16	5	130	0	6	0	2	1.214422149	0.095775	3974442.675
1	8	4	16	4	64	6	4	0	3	1.081004592	0.068075	3255257.473
0	8	2	20	3	120	5	5	1	1	0.7894642892	0.08165	2925112.95
2	4	0	8	2	84	5	4	3	3	0.6816160102	0.0437	1827243.747
0	4	1	20	1	64	6	6	4	4	0.8159183867	0.057475	2057677.087
1	8	6	8	5	130	6	1	4	1	1.264752055	0.093375	3524395.198
1	8	2	16	4	120	5	2	3	1	0.6913961888	0.065475	3303437.618
1	8	5	16	3	105	0	5	4	3	1.046433378	0.06625	2807881.865
1	4	5	20	2	84	1	2	0	0	0.8552639061	0.046975	1823379.133
0	4	6	12	1	128	6	6	4	1	0.8151824684	0.0623	2119966.357
1	8	4	12	5	130	2	6	5	0	1.28970036	0.072425	3785211.233
1	8	1	16	4	128	1	5	5	3	0	0	3637905.438
0	8	6	20	3	84	5	3	5	0	0.7888344459	0.083725	3059439.369
0	4	1	20	2	128	3	2	5	0	1.135387705	0.067425	2430057.282
1	4	3	12	1	130	0	2	3	3	0.750911696	0.049825	1913229.773
1	8	5	20	5	105	0	2	5	4	0	0	3477108.351
2	8	4	12	4	128	5	3	4	3	0.6542847317	0.10225	3814771.055
1	8	6	20	3	120	4	5	0	3	1.005079872	0.068475	2875981.054
0	4	4	12	2	64	0	2	0	1	1.021039917	0.05475	1908500.647
2	4	0	8	1	120	2	1	4	4	0.7025998271	0.041875	1742970.866
0	8	6	16	5	130	0	0	3	4	1.278179891	0.0917	3871415.785
1	8	2	12	4	84	4	6	0	1	1.092767886	0.065525	3328400.76
1	8	2	16	3	105	6	6	4	3	1.099766101	0.06935	2915302.094
2	4	1	12	2	120	2	2	2	4	0.8456566248	0.046575	1993466.94
0	4	6	8	1	32	6	2	4	1	0.8163885709	0.055825	1969376.487
0	8	5	8	5	105	5	6	1	1	0	0	3657907.013
2	8	2	20	4	64	3	4	3	3	1.134261723	0.0847	4215869.402
0	8	5	16	3	84	0	4	0	3	1.184915226	0.0841	2947656.103
1	4	1	16	2	120	0	5	5	0	0.9124295231	0.041975	1711855.353
2	4	6	12	1	128	1	4	1	4	0.7091649362	0.042075	1668857.899
2	8	5	8	5	105	2	4	2	4	1.127561738	0.066325	3535508.662
0	8	4	16	4	84	5	0	4	0	0.7500496573	0.113	3718955.23
1	8	5	16	3	84	6	3	1	4	1.094272332	0.059525	2502737.744
2	4	3	16	2	96	3	1	3	4	0.835973839	0.05165	2239912.872
1	4	3	20	1	64	6	5	2	2	0.7564234863	0.042075	1759182.987
1	8	5	16	5	105	1	2	2	4	1.300999667	0.072975	3629179.203
1	8	1	16	4	120	2	1	0	4	1.081227515	0.067675	3378216.934
1	8	6	16	3	120	3	4	1	4	1.100540873	0.06125	2741169.058
2	4	1	8	2	128	4	3	0	4	0.7654535578	0.042025	1848269.522
2	4	2	16	1	128	0	1	4	3	0.705894613	0.051	1981738.513
0	8	4	20	5	130	4	2	3	0	1.599449951	0.12225	4438587.524
0	8	4	16	4	120	3	0	3	0	1.493677115	0.09595	4227770.304
2	8	5	8	3	84	4	3	5	1	1.008276326	0.0581	2630773.597
1	4	5	20	2	128	5	6	2	3	0.7378652566	0.056375	2133819.088
0	4	6	12	1	128	2	2	3	4	0.8129495797	0.06255	2145221.399
1	8	4	8	5	120	2	4	2	4	0	0	3459113.235
2	8	1	20	4	32	2	5	2	3	1.092521838	0.081425	3984867.086
0	8	2	20	3	105	3	0	5	0	1.284012467	0.0881	3217132.124
1	4	4	16	2	84	1	2	3	1	0.9559246571	0.049	1985267.674
0	4	3	20	1	64	4	1	1	1	0.810698218	0.054825	1964386.81
0	8	6	12	5	105	4	5	0	4	1.318720795	0.09215	3994251.864
1	8	3	8	4	120	3	4	1	0	1.258666137	0.0632	3449793.46
1	8	5	12	3	96	2	0	3	2	1.097768768	0.058075	2589895.503
2	4	3	16	2	32	6	5	3	4	0.814710792	0.0446	1907959.554
1	4	5	12	1	128	0	3	1	3	0.7490141111	0.0502	1810505.059
0	8	6	12	5	130	6	4	0	1	1.316811189	0.088425	3682982.794
2	8	3	16	4	120	2	5	1	2	1.095896412	0.073925	3773099.42
2	8	6	12	3	105	6	4	1	2	0.9811146601	0.056275	2543445.995
1	4	5	16	2	96	3	1	0	1	0.8538502683	0.049125	1980067.507
0	4	0	20	1	128	4	0	4	4	0.8148857425	0.055725	2016294.343
0	8	4	20	5	105	5	2	0	1	0	0	3798663.178
1	8	4	12	4	84	2	6	0	2	1.081004592	0.06835	3544026.241
1	8	5	20	3	120	0	0	3	4	1.03733368	0.056525	2444020.848
0	4	2	16	2	120	1	6	3	0	1.124484349	0.060475	2254094.317
2	4	5	16	1	84	1	0	0	2	0.6816147935	0.0426	1622318.71
1	8	4	12	5	130	4	1	0	3	1.095109772	0.073175	3596395.641
1	8	3	12	4	84	0	6	4	0	1.161697479	0.093475	3460107.926
1	8	2	20	3	96	5	3	1	4	0.7295918204	0.058325	2474050.341
0	4	4	8	2	84	5	4	4	1	0.8143154001	0.0536	1976857.463
0	4	4	16	1	105	2	0	1	1	0.8133638206	0.05905	1918011.571
2	8	6	20	5	120	6	6	3	2	1.123096048	0.081125	4027682.293
1	8	4	8	4	32	0	0	3	4	1.143665637	0.0574	2967994.733
0	8	2	8	3	105	1	3	3	2	1.301357177	0.085	3188103.901
2	4	4	20	2	128	0	4	2	1	0.8129904188	0.046875	1851679.55
1	4	2	12	1	96	3	1	3	1	0.7556483307	0.045275	1853321.235
2	8	4	16	5	120	4	0	0	2	0.9508537112	0.069725	3468911.063
1	8	2	8	4	128	5	5	1	3	0.688430467	0.064425	3133416.028
2	8	5	16	3	105	4	0	2	2	0.9877269347	0.061525	2656537.923
0	4	3	12	2	96	3	3	0	1	1.013512691	0.060725	2375998.633
0	4	4	12	1	84	5	0	3	0	0.7620387504	0.051325	1764282.927
1	8	6	12	5	130	3	1	4	1	1.312265002	0.10325	4157151.93
0	8	2	20	4	128	1	5	0	2	1.308866877	0.095975	3967600.132
0	8	6	20	3	84	5	4	1	0	0.7900063109	0.077125	2815479.692
2	4	5	16	2	128	1	1	5	4	0.8281350085	0.047325	1895043.118
0	4	6	8	1	64	4	1	1	3	0.8143226069	0.059075	2058388.454
1	8	6	20	5	120	2	0	4	0	1.214481166	0.10425	3953902.416
1	8	3	20	4	64	6	0	2	3	1.251575133	0.071975	3486007.568
2	8	5	20	3	84	0	1	0	4	0.8897071931	0.056825	2389057.196
1	4	4	20	2	96	3	2	2	0	0.9415528493	0.0565	2208204.794
0	4	1	12	1	32	5	5	5	2	0.7598509056	0.050525	1789342.506
2	8	4	12	5	130	4	4	3	2	1.127858885	0.0733	3728217.012
2	8	4	16	4	64	6	6	5	3	1.1084998	0.076525	3694039.606
2	8	2	8	3	105	2	0	3	2	0.9912878775	0.05795	2632057.621
2	4	5	8	2	130	2	2	1	1	0.8230951922	0.045125	1927008.548
2	4	5	16	1	105	6	2	4	4	0.7129199244	0.048925	1830510.254
