episode	area
0	0.053212
1	0.053212
2	0.053138
3	0.052694
4	0.053133
5	0.054176
6	0.054394
7	0.054738
8	0.053501
9	0.05339
10	0.053674
11	0.054011
12	0.054253
13	0.054567
14	0.055
15	0.055698
16	0.055885
17	0.056146
18	0.05576
19	0.057199
20	0.056405
21	0.056859
22	0.054975
23	0.054835
24	0.054369
25	0.05466
26	0.055162
27	0.05467
28	0.055545
29	0.055201
30	0.054943
31	0.055778
32	0.05589
33	0.056792
34	0.05712
35	0.057912
36	0.058152
37	0.058657
38	0.058243
39	0.058876
40	0.057548
41	0.057499
42	0.055957
43	0.055351
44	0.054372
45	0.053798
46	0.054656
47	0.054105
48	0.053791
49	0.054649
50	0.052095
51	0.05068
52	0.050433
53	0.049775
54	0.049547
55	0.050138
56	0.050534
57	0.049779
58	0.051415
59	0.050387
60	0.050843
61	0.050103
62	0.049868
63	0.050243
64	0.050539
65	0.05083
66	0.050052
67	0.050353
68	0.050928
69	0.051137
70	0.050115
71	0.050414
72	0.050634
73	0.050922
74	0.051132
75	0.051411
76	0.051611
77	0.051504
78	0.051776
79	0.052662
80	0.052941
81	0.053215
82	0.053452
83	0.053685
84	0.053913
85	0.054136
86	0.054386
87	0.05433
88	0.053632
89	0.053861
90	0.054753
91	0.05558
92	0.055769
93	0.055613
94	0.054778
95	0.055494
96	0.055685
97	0.055873
98	0.055727
99	0.05584
100	0.056025
101	0.056206
102	0.056383
103	0.056557
104	0.056034
105	0.056215
106	0.056392
107	0.056566
108	0.056736
109	0.056903
110	0.057066
111	0.057226
112	0.057383
113	0.057537
114	0.057688
115	0.057836
116	0.057981
117	0.058123
118	0.058262
119	0.058398
120	0.05723
121	0.057387
122	0.057541
123	0.057692
124	0.057839
125	0.057984
126	0.058126
127	0.058265
128	0.058401
129	0.057597
130	0.057747
131	0.057893
132	0.058037
133	0.058178
134	0.058316
135	0.058451
136	0.058584
137	0.058714
138	0.058841
139	0.058966
140	0.059088
141	0.059208
142	0.059325
143	0.05944
144	0.059553
145	0.059663
146	0.059246
147	0.059363
148	0.059477
149	0.059589
150	0.059699
151	0.059807
152	0.059912
153	0.060015
154	0.060117
155	0.058914
156	0.059038
157	0.059158
158	0.059277
159	0.059393
160	0.059506
161	0.059618
162	0.059727
163	0.059834
164	0.059939
165	0.060042
166	0.060142
167	0.05894
168	0.059062
169	0.058275
170	0.058411
171	0.058098
172	0.058238
173	0.058375
174	0.058509
175	0.05864
176	0.058769
177	0.058895
178	0.059019
179	0.05914
180	0.059259
181	0.059375
182	0.059489
183	0.059601
184	0.05971
185	0.059818
186	0.059923
187	0.060026
188	0.060127
189	0.060226
190	0.060323
191	0.060418
192	0.060511
193	0.060603
194	0.06017
195	0.060269
196	0.060365
197	0.060459
198	0.060551
199	0.060642
200	0.060731
201	0.060818
202	0.060689
203	0.059962
204	0.060064
205	0.060165
206	0.060263
207	0.060359
208	0.060454
209	0.060546
210	0.060637
211	0.060726
212	0.060813
213	0.060898
214	0.060981
215	0.061063
216	0.061144
217	0.061222
218	0.061299
219	0.061375
220	0.061449
221	0.061522
222	0.061593
223	0.061109
224	0.061189
225	0.061266
226	0.061343
227	0.061417
228	0.061491
229	0.061562
230	0.061633
231	0.061702
232	0.061769
233	0.061835
234	0.0619
235	0.061964
236	0.062026
237	0.062087
238	0.062147
239	0.062205
240	0.061931
241	0.061994
242	0.060755
243	0.060841
244	0.060926
245	0.061009
246	0.06109
247	0.06117
248	0.061248
249	0.061325
250	0.0614
251	0.061473
252	0.061545
253	0.061616
254	0.061685
255	0.061753
256	0.06182
257	0.061885
258	0.061949
259	0.06145
260	0.061523
261	0.061594
262	0.061664
263	0.061732
264	0.061799
265	0.061864
266	0.061929
267	0.061992
268	0.062053
269	0.062114
270	0.062173
271	0.062231
272	0.062288
273	0.062344
274	0.062399
275	0.062452
276	0.062505
277	0.062556
278	0.062607
279	0.062656
280	0.062705
281	0.062752
282	0.062147
283	0.062206
284	0.062263
285	0.062319
286	0.062374
287	0.062429
288	0.062482
289	0.062533
290	0.062584
291	0.062634
292	0.062683
293	0.062731
294	0.062214
295	0.062272
296	0.062328
297	0.062383
298	0.062437
299	0.06249
300	0.062541
301	0.062592
302	0.062642
303	0.06269
304	0.062738
305	0.062785
306	0.062831
307	0.062876
308	0.06292
309	0.062963
310	0.061901
311	0.061964
312	0.062027
313	0.062088
314	0.062147
315	0.062206
316	0.062263
317	0.06232
318	0.062375
319	0.062429
320	0.062482
321	0.062534
322	0.062585
323	0.061333
324	0.061408
325	0.061481
326	0.061553
327	0.061624
328	0.061693
329	0.061761
330	0.061827
331	0.061336
332	0.061411
333	0.061484
334	0.061556
335	0.061627
336	0.061696
337	0.061763
338	0.06183
339	0.061894
340	0.061958
341	0.062021
342	0.062082
343	0.062142
344	0.0622
345	0.062258
346	0.062314
347	0.06237
348	0.062424
349	0.062477
350	0.062529
351	0.061455
352	0.061528
353	0.061599
354	0.062229
355	0.061752
356	0.061284
357	0.061457
358	0.062161
359	0.062317
360	0.061677
361	0.06121
362	0.060753
363	0.060304
364	0.059865
365	0.059435
366	0.059013
367	0.058599
368	0.058194
369	0.057797
370	0.057408
371	0.057027
372	0.056653
373	0.056287
374	0.055928
375	0.055576
376	0.055232
377	0.053811
378	0.053502
379	0.053198
380	0.052901
381	0.05261
382	0.052325
383	0.052045
384	0.050051
385	0.048661
386	0.046949
387	0.046777
388	0.046608
389	0.046443
390	0.046281
391	0.046122
392	0.045967
393	0.045814
394	0.045665
395	0.045518
396	0.045375
397	0.045234
398	0.045096
399	0.044961
400	0.044829
401	0.043695
402	0.043588
403	0.043483
404	0.04338
405	0.043279
406	0.04318
407	0.043084
408	0.042989
409	0.042896
410	0.042805
411	0.042715
412	0.042628
413	0.042542
414	0.042458
415	0.042376
416	0.041096
417	0.041041
418	0.040987
419	0.040934
420	0.040882
421	0.040831
422	0.040781
423	0.040733
424	0.040685
425	0.040638
426	0.039825
427	0.038713
428	0.038706
429	0.038698
430	0.038691
431	0.038684
432	0.038677
433	0.038671
434	0.038664
435	0.038658
436	0.038651
437	0.038645
438	0.038639
439	0.037537
440	0.037553
441	0.037569
442	0.037585
443	0.0376
444	0.037615
445	0.037629
446	0.037643
447	0.037657
448	0.037671
449	0.037684
450	0.036656
451	0.036689
452	0.036722
453	0.035789
454	0.03584
455	0.034694
456	0.034767
457	0.034838
458	0.034908
459	0.034977
460	0.035044
461	0.03511
462	0.035175
463	0.035238
464	0.0353
465	0.035361
466	0.035421
467	0.035479
468	0.035536
469	0.035593
470	0.035648
471	0.035701
472	0.035754
473	0.035806
474	0.03624
475	0.036282
476	0.036323
477	0.036364
478	0.036403
479	0.036442
480	0.03648