episode	max-power
0	-0.047694
1	-0.047694
2	-0.047694
3	-0.047694
4	-0.041245
5	-0.034925
6	-0.028731
7	-0.022661
8	-0.010699
9	0.001024
10	0.012512
11	0.023771
12	0.034804
13	0.045617
14	0.056213
15	0.066597
16	0.076774
17	0.086747
18	0.086788
19	0.085097
20	0.083439
21	0.081814
22	0.097442
23	0.112757
24	0.127766
25	0.142474
26	0.156889
27	0.17153
28	0.185879
29	0.199941
30	0.213722
31	0.227227
32	0.240462
33	0.253432
34	0.266143
35	0.2786
36	0.290808
37	0.285692
38	0.280679
39	0.275765
40	0.286094
41	0.296215
42	0.306135
43	0.315856
44	0.325382
45	0.334718
46	0.343867
47	0.353532
48	0.363003
49	0.372284
50	0.38138
51	0.390294
52	0.39903
53	0.407591
54	0.415981
55	0.424203
56	0.432261
57	0.439843
58	0.447273
59	0.454555
60	0.461692
61	0.468458
62	0.475089
63	0.481587
64	0.487955
65	0.494196
66	0.500312
67	0.506306
68	0.51218
69	0.515719
70	0.521405
71	0.526977
72	0.532437
73	0.537788
74	0.543033
75	0.548172
76	0.553209
77	0.558144
78	0.562982
79	0.567722
80	0.563827
81	0.56001
82	0.55627
83	0.552604
84	0.549012
85	0.545492
86	0.542042
87	0.531245
88	0.536585
89	0.541818
90	0.546946
91	0.551972
92	0.556897
93	0.561724
94	0.566454
95	0.571089
96	0.575632
97	0.580084
98	0.568689
99	0.558016
100	0.547556
101	0.537305
102	0.527259
103	0.517415
104	0.523016
105	0.528505
106	0.533885
107	0.539157
108	0.544323
109	0.549386
110	0.554348
111	0.559211
112	0.563976
113	0.568646
114	0.557317
115	0.546215
116	0.535335
117	0.524672
118	0.514223
119	0.503983
120	0.509903
121	0.515705
122	0.521391
123	0.526963
124	0.532424
125	0.537775
126	0.54302
127	0.548159
128	0.553196
129	0.558669
130	0.564033
131	0.569289
132	0.574441
133	0.579489
134	0.584436
135	0.589285
136	0.594036
137	0.598692
138	0.603255
139	0.591234
140	0.579454
141	0.567909
142	0.556595
143	0.545507
144	0.534641
145	0.523992
146	0.530129
147	0.536144
148	0.542038
149	0.547814
150	0.553474
151	0.559022
152	0.564458
153	0.569786
154	0.575007
155	0.580124
156	0.584522
157	0.588831
158	0.593054
159	0.597193
160	0.60125
161	0.605225
162	0.60912
163	0.612938
164	0.616679
165	0.604389
166	0.592346
167	0.596499
168	0.600569
169	0.604557
170	0.608466
171	0.612386
172	0.616227
173	0.619991
174	0.623679
175	0.627294
176	0.630837
177	0.634309
178	0.637712
179	0.641046
180	0.644314
181	0.631471
182	0.618886
183	0.606553
184	0.594466
185	0.58262
186	0.571012
187	0.559636
188	0.548487
189	0.537562
190	0.526855
191	0.516362
192	0.506079
193	0.496001
194	0.502554
195	0.508976
196	0.515269
197	0.521436
198	0.52748
199	0.533403
200	0.539208
201	0.544897
202	0.550628
203	0.556245
204	0.56175
205	0.567145
206	0.572432
207	0.577613
208	0.58269
209	0.587666
210	0.592542
211	0.597321
212	0.601815
213	0.589823
214	0.578071
215	0.566554
216	0.555267
217	0.544205
218	0.533365
219	0.522742
220	0.512331
221	0.502129
222	0.49213
223	0.498673
224	0.505084
225	0.511368
226	0.517525
227	0.52356
228	0.529473
229	0.535269
230	0.540948
231	0.546514
232	0.551969
233	0.545422
234	0.539006
235	0.532718
236	0.526555
237	0.520516
238	0.514598
239	0.508798
240	0.515388
241	0.521845
242	0.528173
243	0.534375
244	0.540452
245	0.546408
246	0.552245
247	0.557965
248	0.563571
249	0.569065
250	0.573683
251	0.57821
252	0.56669
253	0.5554
254	0.544336
255	0.533493
256	0.522868
257	0.512454
258	0.502249
259	0.508677
260	0.514976
261	0.521149
262	0.527199
263	0.533127
264	0.538937
265	0.544631
266	0.550211
267	0.555679
268	0.561038
269	0.55431
270	0.547716
271	0.541253
272	0.53492
273	0.528714
274	0.522632
275	0.516672
276	0.51083
277	0.505106
278	0.499496
279	0.493998
280	0.48861
281	0.48333
282	0.489298
283	0.495146
284	0.500877
285	0.506494
286	0.511998
287	0.517393
288	0.522679
289	0.52786
290	0.532937
291	0.537912
292	0.527198
293	0.516698
294	0.522822
295	0.528823
296	0.534704
297	0.540468
298	0.546116
299	0.551652
300	0.557076
301	0.562393
302	0.567602
303	0.572708
304	0.561298
305	0.550116
306	0.539158
307	0.528419
308	0.517895
309	0.507581
310	0.513242
311	0.51879
312	0.524227
313	0.529555
314	0.534777
315	0.539894
316	0.544909
317	0.549824
318	0.55464
319	0.55936
320	0.552665
321	0.546104
322	0.539674
323	0.54488
324	0.549983
325	0.554983
326	0.559883
327	0.564686
328	0.569392
329	0.574004
330	0.578524
331	0.583397
332	0.588172
333	0.592852
334	0.597438
335	0.601932
336	0.606337
337	0.610653
338	0.614883
339	0.619029
340	0.623091
341	0.610673
342	0.598504
343	0.586578
344	0.574891
345	0.563437
346	0.552212
347	0.541212
348	0.530432
349	0.519868
350	0.509514
351	0.516645
352	0.523632
353	0.53048
354	0.537191
355	0.543768
356	0.550213
357	0.55653
358	0.56272
359	0.568786
360	0.574731
361	0.579252
362	0.583683
363	0.588025
364	0.592281
365	0.596451
366	0.600538
367	0.604543
368	0.608469
369	0.612315
370	0.599364
371	0.586671
372	0.574233
373	0.562043
374	0.550097
375	0.53839
376	0.526917
377	0.532378
378	0.537731
379	0.542976
380	0.548117
381	0.553154
382	0.558091
383	0.562929
384	0.567671
385	0.572317
386	0.576871
387	0.581334
388	0.585707
389	0.589993
390	0.594193
391	0.598309
392	0.602343
393	0.606296
394	0.61017
395	0.613967
396	0.601358
397	0.589001
398	0.576891
399	0.565023
400	0.553393
401	0.559331
402	0.56515
403	0.570853
404	0.576442
405	0.581919
406	0.587286
407	0.592547
408	0.597702
409	0.602753
410	0.607704
411	0.59522
412	0.582986
413	0.570997
414	0.559247
415	0.547732
416	0.553544
417	0.559239
418	0.56482
419	0.570289
420	0.57565
421	0.580903
422	0.586051
423	0.591095
424	0.59604
425	0.600885
426	0.604867
427	0.60877
428	0.612594
429	0.616342
430	0.620016
431	0.623615
432	0.627143
433	0.6306
434	0.633988
435	0.637308
436	0.640562
437	0.627421
438	0.614543
439	0.618252
440	0.621887
441	0.625449
442	0.62894
443	0.632362
444	0.635714
445	0.639
446	0.64222
447	0.645376
448	0.648468
449	0.635169
450	0.63892
451	0.642595
452	0.646197
453	0.649727
454	0.653187
455	0.656577
456	0.659899
457	0.663155
458	0.666346
459	0.669473
460	0.672083
461	0.674642
462	0.677149
463	0.679606
464	0.682014
465	0.667668
466	0.65361
467	0.639832
468	0.626331
469	0.613099
470	0.600132
471	0.587424
472	0.57497
473	0.562766
474	0.568477
475	0.574074
476	0.579559
477	0.584934
478	0.590202
479	0.595365
480	0.600424