episode	max-perf
0	-0.000573
1	-0.000573
2	0.001453
3	0.004788
4	0.008057
5	0.011568
6	0.015008
7	0.018379
8	0.021683
9	0.024921
10	0.028095
11	0.031204
12	0.034252
13	0.037238
14	0.040165
15	0.042862
16	0.045504
17	0.048094
18	0.050631
19	0.053118
20	0.055556
21	0.057944
22	0.060285
23	0.062579
24	0.064827
25	0.06703
26	0.069054
27	0.071038
28	0.073143
29	0.075205
30	0.077226
31	0.079207
32	0.081148
33	0.08305
34	0.084914
35	0.086741
36	0.088532
37	0.090286
38	0.091909
39	0.093498
40	0.095056
41	0.096583
42	0.096433
43	0.096286
44	0.098024
45	0.099727
46	0.101397
47	0.103032
48	0.104636
49	0.106207
50	0.107746
51	0.109255
52	0.110734
53	0.112183
54	0.113134
55	0.114067
56	0.11498
57	0.115876
58	0.116753
59	0.117614
60	0.118456
61	0.119591
62	0.120702
63	0.121792
64	0.122859
65	0.123905
66	0.124931
67	0.125935
68	0.12692
69	0.127885
70	0.128831
71	0.129754
72	0.130658
73	0.131545
74	0.132414
75	0.132884
76	0.133344
77	0.133796
78	0.134238
79	0.134672
80	0.135489
81	0.136289
82	0.137074
83	0.137843
84	0.138596
85	0.139335
86	0.140058
87	0.140767
88	0.141462
89	0.142143
90	0.142826
91	0.143495
92	0.14415
93	0.144792
94	0.145422
95	0.146038
96	0.146643
97	0.147235
98	0.147816
99	0.148385
100	0.148917
101	0.149438
102	0.149573
103	0.149704
104	0.149829
105	0.150332
106	0.150825
107	0.151308
108	0.151782
109	0.152246
110	0.1527
111	0.153146
112	0.153583
113	0.154011
114	0.15443
115	0.154841
116	0.155244
117	0.155639
118	0.156026
119	0.156405
120	0.156777
121	0.156759
122	0.156743
123	0.156726
124	0.15671
125	0.156694
126	0.156679
127	0.156663
128	0.156648
129	0.154928
130	0.155329
131	0.155723
132	0.156108
133	0.156485
134	0.156855
135	0.157218
136	0.157573
137	0.157921
138	0.158263
139	0.158597
140	0.158925
141	0.159246
142	0.159561
143	0.159869
144	0.160171
145	0.160468
146	0.160758
147	0.161042
148	0.161321
149	0.161595
150	0.161862
151	0.162125
152	0.162382
153	0.162634
154	0.162881
155	0.163123
156	0.16336
157	0.163593
158	0.163821
159	0.164044
160	0.164263
161	0.164477
162	0.164687
163	0.164893
164	0.165095
165	0.165293
166	0.165486
167	0.165676
168	0.165863
169	0.166045
170	0.166224
171	0.166399
172	0.166571
173	0.166739
174	0.166904
175	0.167065
176	0.167224
177	0.167379
178	0.167531
179	0.16768
180	0.167826
181	0.167969
182	0.16811
183	0.168247
184	0.168382
185	0.168514
186	0.168643
187	0.16877
188	0.168894
189	0.169016
190	0.169135
191	0.169252
192	0.169367
193	0.169479
194	0.169589
195	0.169697
196	0.169803
197	0.169907
198	0.170008
199	0.170108
200	0.170205
201	0.170301
202	0.170394
203	0.170486
204	0.170576
205	0.170664
206	0.170751
207	0.170835
208	0.170918
209	0.171
210	0.171079
211	0.171157
212	0.171234
213	0.171309
214	0.171382
215	0.171454
216	0.171525
217	0.171594
218	0.171662
219	0.171728
220	0.171794
221	0.171857
222	0.17192
223	0.171981
224	0.172041
225	0.1721
226	0.172158
227	0.172214
228	0.17227
229	0.172324
230	0.172377
231	0.172429
232	0.169979
233	0.167577
234	0.165224
235	0.162918
236	0.160657
237	0.160944
238	0.161225
239	0.1615
240	0.16177
241	0.162034
242	0.162293
243	0.162547
244	0.162795
245	0.163039
246	0.163278
247	0.163512
248	0.163742
249	0.163966
250	0.164187
251	0.164021
252	0.163859
253	0.1637
254	0.163545
255	0.163392
256	0.163243
257	0.163096
258	0.162953
259	0.162812
260	0.162674
261	0.162539
262	0.162407
263	0.162277
264	0.16215
265	0.162025
266	0.161903
267	0.161783
268	0.159546
269	0.157353
270	0.155204
271	0.153098
272	0.151034
273	0.149012
274	0.14703
275	0.145087
276	0.143183
277	0.143819
278	0.144443
279	0.145054
280	0.145652
281	0.146239
282	0.146814
283	0.147377
284	0.147929
285	0.14847
286	0.149001
287	0.14952
288	0.15003
289	0.150529
290	0.151018
291	0.151116
292	0.151212
293	0.151306
294	0.151398
295	0.151489
296	0.151577
297	0.151664
298	0.151749
299	0.151832
300	0.151914
301	0.151994
302	0.152073
303	0.15215
304	0.152225
305	0.152299
306	0.152753
307	0.153197
308	0.153633
309	0.15406
310	0.154478
311	0.154888
312	0.15529
313	0.155684
314	0.15607
315	0.156448
316	0.156819
317	0.157182
318	0.157539
319	0.157887
320	0.158229
321	0.158564
322	0.158893
323	0.159215
324	0.15953
325	0.159839
326	0.160142
327	0.160439
328	0.160348
329	0.16026
330	0.160173
331	0.160088
332	0.160386
333	0.160678
334	0.160964
335	0.161244
336	0.161519
337	0.161788
338	0.162052
339	0.162311
340	0.162564
341	0.162813
342	0.163056
343	0.163295
344	0.163528
345	0.163758
346	0.163982
347	0.164202
348	0.164418
349	0.164629
350	0.164836
351	0.165039
352	0.165238
353	0.165433
354	0.165624
355	0.165811
356	0.165995
357	0.166174
358	0.166351
359	0.166523
360	0.166692
361	0.166858
362	0.167021
363	0.166924
364	0.166829
365	0.166737
366	0.166646
367	0.166556
368	0.166469
369	0.166383
370	0.166299
371	0.166217
372	0.166137
373	0.166058
374	0.16598
375	0.165904
376	0.16583
377	0.165757
378	0.165686
379	0.165616
380	0.165547
381	0.16548
382	0.165414
383	0.16535
384	0.165287
385	0.165225
386	0.165164
387	0.165104
388	0.165046
389	0.164989
390	0.164933
391	0.164878
392	0.164824
393	0.162785
394	0.160786
395	0.158301
396	0.155866
397	0.153479
398	0.15114
399	0.148848
400	0.148811
401	0.148775
402	0.14874
403	0.148705
404	0.148671
405	0.148638
406	0.148606
407	0.148574
408	0.148543
409	0.148512
410	0.148786
411	0.149054
412	0.149316
413	0.149574
414	0.149826
415	0.150073
416	0.150316
417	0.150553
418	0.150786
419	0.151014
420	0.151237
421	0.151456
422	0.151671
423	0.151881
424	0.152087
425	0.151031
426	0.148741
427	0.146497
428	0.146811
429	0.147118
430	0.14742
431	0.147715
432	0.148005
433	0.148288
434	0.148566
435	0.148839
436	0.149106
437	0.149367
438	0.149624
439	0.149875
440	0.150121
441	0.150363
442	0.150599
443	0.150831
444	0.151058
445	0.151281
446	0.151499
447	0.151713
448	0.151619
449	0.151526
450	0.151436
451	0.151651
452	0.151862
453	0.152068
454	0.152271
455	0.152469
456	0.152664
457	0.152854
458	0.153041
459	0.153224
460	0.153403
461	0.153579
462	0.153751
463	0.15392
464	0.154085
465	0.154247
466	0.154406
467	0.154561
468	0.154714
469	0.154863
470	0.154706
471	0.154553
472	0.154402
473	0.154254
474	0.154109
475	0.154271
476	0.154429
477	0.154584
478	0.154736
479	0.154885
480	0.155031