episode	min-perf
0	-0.000573
1	-0.000573
2	-0.000573
3	-0.000573
4	-0.000573
5	-0.000573
6	-0.000573
7	-0.000573
8	-0.000573
9	-0.000573
10	-0.000573
11	0.00074
12	0.002026
13	0.002802
14	0.003264
15	0.003717
16	0.00416
17	0.004595
18	0.003636
19	0.002696
20	0.001775
21	0.000872
22	-0.000013
23	-0.00088
24	-0.001729
25	-0.002562
26	-0.003378
27	-0.004178
28	-0.004819
29	-0.005448
30	-0.006064
31	-0.006668
32	-0.007259
33	-0.006244
34	-0.005249
35	-0.004273
36	-0.003372
37	-0.002488
38	-0.00169
39	-0.000907
40	-0.000677
41	-0.002141
42	-0.003576
43	-0.004982
44	-0.00636
45	-0.00771
46	-0.009034
47	-0.01033
48	-0.011601
49	-0.012847
50	-0.014067
51	-0.014578
52	-0.014949
53	-0.015313
54	-0.01567
55	-0.016019
56	-0.016362
57	-0.016776
58	-0.017183
59	-0.017581
60	-0.017971
61	-0.018353
62	-0.018728
63	-0.019095
64	-0.019455
65	-0.019808
66	-0.020869
67	-0.021909
68	-0.022928
69	-0.023927
70	-0.024906
71	-0.025865
72	-0.026805
73	-0.027726
74	-0.028629
75	-0.029514
76	-0.028924
77	-0.028345
78	-0.027778
79	-0.027223
80	-0.025152
81	-0.023123
82	-0.021135
83	-0.019186
84	-0.017277
85	-0.015405
86	-0.013571
87	-0.013594
88	-0.013617
89	-0.013639
90	-0.01366
91	-0.013682
92	-0.013702
93	-0.013723
94	-0.013743
95	-0.013762
96	-0.013781
97	-0.013316
98	-0.011009
99	-0.008747
100	-0.006532
101	-0.00436
102	-0.002232
103	0.000272
104	0.000208
105	0.000145
106	0.000083
107	0.000022
108	-0.000038
109	-0.000096
110	-0.000153
111	-0.000209
112	-0.000264
113	-0.000318
114	0.002807
115	0.005869
116	0.00887
117	0.011811
118	0.014693
119	0.017518
120	0.017167
121	0.016824
122	0.016487
123	0.016158
124	0.015834
125	0.015518
126	0.015207
127	0.014903
128	0.014605
129	0.014313
130	0.015025
131	0.015723
132	0.016406
133	0.017076
134	0.017733
135	0.018376
136	0.019007
137	0.019625
138	0.020645
139	0.023732
140	0.026757
141	0.029722
142	0.032627
143	0.035474
144	0.038264
145	0.040999
146	0.040232
147	0.039481
148	0.038745
149	0.038024
150	0.037317
151	0.036624
152	0.035945
153	0.03528
154	0.034628
155	0.033935
156	0.033256
157	0.032591
158	0.031939
159	0.031301
160	0.030675
161	0.030061
162	0.02946
163	0.028871
164	0.028293
165	0.031227
166	0.034102
167	0.03342
168	0.032752
169	0.03091
170	0.029105
171	0.027336
172	0.025602
173	0.023903
174	0.022238
175	0.020607
176	0.019008
177	0.017441
178	0.015905
179	0.01582
180	0.015738
181	0.018922
182	0.022044
183	0.025103
184	0.0281
185	0.031038
186	0.033917
187	0.036738
188	0.039503
189	0.042213
190	0.044868
191	0.04747
192	0.050021
193	0.05252
194	0.051529
195	0.050558
196	0.049606
197	0.048673
198	0.047759
199	0.046863
200	0.045985
201	0.045125
202	0.044281
203	0.043202
204	0.042145
205	0.041109
206	0.040094
207	0.039099
208	0.038124
209	0.037168
210	0.036231
211	0.035314
212	0.034414
213	0.037225
214	0.039981
215	0.042681
216	0.045327
217	0.04792
218	0.050461
219	0.052952
220	0.055392
221	0.057784
222	0.060128
223	0.058915
224	0.057726
225	0.056561
226	0.05542
227	0.054301
228	0.053204
229	0.05213
230	0.051077
231	0.050045
232	0.049033
233	0.049051
234	0.049068
235	0.049085
236	0.049101
237	0.049117
238	0.049133
239	0.049148
240	0.048578
241	0.04802
242	0.047059
243	0.046118
244	0.045196
245	0.044292
246	0.043406
247	0.042538
248	0.041687
249	0.040853
250	0.040036
251	0.039236
252	0.041569
253	0.043856
254	0.046097
255	0.048294
256	0.050446
257	0.052556
258	0.054623
259	0.053521
260	0.052441
261	0.051383
262	0.050345
263	0.049329
264	0.048333
265	0.047357
266	0.0464
267	0.045462
268	0.044543
269	0.044651
270	0.044756
271	0.044859
272	0.04496
273	0.045059
274	0.045156
275	0.045251
276	0.045344
277	0.045435
278	0.045524
279	0.045612
280	0.045698
281	0.045782
282	0.044545
283	0.043332
284	0.042143
285	0.040979
286	0.039837
287	0.038719
288	0.037622
289	0.036548
290	0.035495
291	0.034464
292	0.036893
293	0.039273
294	0.038125
295	0.037
296	0.035898
297	0.034818
298	0.033759
299	0.032721
300	0.031705
301	0.030708
302	0.029732
303	0.028775
304	0.031318
305	0.03381
306	0.036252
307	0.038645
308	0.040991
309	0.043289
310	0.042382
311	0.041492
312	0.040621
313	0.039767
314	0.03893
315	0.03811
316	0.037306
317	0.036518
318	0.035746
319	0.034989
320	0.035288
321	0.03558
322	0.035867
323	0.035149
324	0.034446
325	0.033757
326	0.033082
327	0.032421
328	0.031772
329	0.031137
330	0.030514
331	0.029904
332	0.029306
333	0.028762
334	0.02823
335	0.027708
336	0.027197
337	0.026695
338	0.026204
339	0.025723
340	0.025251
341	0.028246
342	0.031181
343	0.034057
344	0.036875
345	0.039637
346	0.042344
347	0.044997
348	0.047597
349	0.050145
350	0.052641
351	0.05024
352	0.047887
353	0.045582
354	0.043322
355	0.041107
356	0.038937
357	0.03681
358	0.034726
359	0.032683
360	0.030681
361	0.030156
362	0.029641
363	0.029137
364	0.028642
365	0.028158
366	0.027683
367	0.027218
368	0.026762
369	0.026315
370	0.029032
371	0.031695
372	0.034305
373	0.036863
374	0.039369
375	0.041826
376	0.044233
377	0.043348
378	0.042481
379	0.041632
380	0.040799
381	0.039983
382	0.039183
383	0.0384
384	0.037632
385	0.036879
386	0.036083
387	0.035302
388	0.034538
389	0.033788
390	0.033054
391	0.032334
392	0.031628
393	0.030937
394	0.030259
395	0.029596
396	0.029734
397	0.02987
398	0.030003
399	0.030134
400	0.030262
401	0.030387
402	0.03051
403	0.03063
404	0.030749
405	0.030864
406	0.030977
407	0.031089
408	0.031197
409	0.031304
410	0.031409
411	0.031511
412	0.031611
413	0.03171
414	0.031806
415	0.031901
416	0.031993
417	0.032084
418	0.032173
419	0.03226
420	0.032346
421	0.032429
422	0.032511
423	0.032592
424	0.03267
425	0.032748
426	0.032093
427	0.031451
428	0.030822
429	0.030205
430	0.029601
431	0.029009
432	0.028429
433	0.027861
434	0.027303
435	0.026757
436	0.026222
437	0.026428
438	0.02663
439	0.026098
440	0.025576
441	0.025064
442	0.024563
443	0.024072
444	0.02359
445	0.023118
446	0.022656
447	0.022203
448	0.021759
449	0.022054
450	0.022344
451	0.022628
452	0.022906
453	0.023178
454	0.023445
455	0.022435
456	0.021446
457	0.020476
458	0.019526
459	0.018594
460	0.017681
461	0.016787
462	0.01591
463	0.015051
464	0.014209
465	0.016865
466	0.019468
467	0.022019
468	0.024519
469	0.026969
470	0.02937
471	0.031723
472	0.034028
473	0.036288
474	0.035205
475	0.034143
476	0.033103
477	0.032084
478	0.031085
479	0.030106
480	0.029146