6.000000 28.000000 512.000000 2.000000 4.000000 1.000000 8.000000 1.000000 1.000000 1.000000 64.000000 1.000000 16.000000 0.000000 0.516969 0.006674 506196.862000 1119.333333 0.000000 0.000000 0.000000 46482.333333 44384.333333 19031.666667 5144.000000 2610.000000 0.194179 0.009130 270398.000000
8.000000 32.000000 512.000000 1.000000 16.000000 0.000000 8.000000 1.000000 1.000000 0.000000 32.000000 1.000000 4.000000 0.000000 0.309435 0.005487 436457.252000 1119.333333 0.000000 0.000000 0.000000 46482.333333 44384.333333 19031.666667 5144.000000 2610.000000 0.165637 0.006138 267086.000000
3.000000 14.000000 256.000000 2.000000 16.000000 1.000000 8.000000 1.000000 1.000000 0.000000 64.000000 4.000000 32.000000 1.000000 0.844192 0.006223 768142.047000 1148.333333 0.000000 0.000000 0.000000 46482.333333 44384.333333 19031.666667 5144.000000 2610.000000 0.222905 0.013891 281053.000000
3.000000 14.000000 256.000000 2.000000 16.000000 1.000000 8.000000 1.000000 1.000000 0.000000 64.000000 1.000000 4.000000 0.000000 0.516997 0.006245 678327.168000 1148.333333 0.000000 0.000000 0.000000 46482.333333 44384.333333 19031.666667 5144.000000 2610.000000 0.194179 0.009139 269649.000000
12.000000 56.000000 1024.000000 4.000000 32.000000 1.000000 8.000000 1.000000 1.000000 0.000000 64.000000 2.000000 32.000000 1.000000 0.826092 0.006699 774319.471000 1117.333333 0.000000 0.000000 0.000000 46482.333333 44384.333333 19031.666667 5144.000000 2610.000000 0.220372 0.015864 282513.000000
12.000000 56.000000 1024.000000 1.000000 4.000000 0.000000 8.000000 1.000000 1.000000 1.000000 64.000000 2.000000 4.000000 0.000000 0.632267 0.005878 467709.988000 1117.333333 0.000000 0.000000 0.000000 46482.333333 44384.333333 19031.666667 5144.000000 2610.000000 0.211521 0.008857 271972.000000
6.000000 28.000000 512.000000 2.000000 4.000000 1.000000 8.000000 0.000000 0.000000 1.000000 64.000000 4.000000 32.000000 2.000000 0.847399 0.006505 605042.043000 1119.333333 0.000000 0.000000 0.000000 46482.333333 44384.333333 19031.666667 5144.000000 2610.000000 0.222905 0.013882 283079.000000
8.000000 32.000000 512.000000 2.000000 4.000000 0.000000 8.000000 0.000000 0.000000 0.000000 64.000000 2.000000 4.000000 0.000000 0.632267 0.005221 646397.098000 1119.333333 0.000000 0.000000 0.000000 46482.333333 44384.333333 19031.666667 5144.000000 2610.000000 0.218333 0.011427 273718.000000
3.000000 14.000000 256.000000 1.000000 16.000000 1.000000 8.000000 1.000000 1.000000 1.000000 32.000000 1.000000 4.000000 0.000000 0.435890 0.006459 385947.290000 1148.333333 0.000000 0.000000 0.000000 46482.333333 44384.333333 19031.666667 5144.000000 2610.000000 0.165637 0.006147 266337.000000
8.000000 32.000000 512.000000 2.000000 16.000000 1.000000 1.000000 0.000000 0.000000 1.000000 64.000000 2.000000 4.000000 0.000000 0.815661 0.006359 602182.924000 1119.333333 0.000000 0.000000 0.000000 46482.333333 44384.333333 19031.666667 5144.000000 2610.000000 0.218333 0.011427 273787.000000
0.000000 0.000000 0.000000 1.000000 4.000000 1.000000 8.000000 1.000000 1.000000 1.000000 64.000000 4.000000 32.000000 1.000000 0.727774 0.006133 540624.103000 1871.000000 0.000000 0.000000 0.000000 46482.333333 44384.333333 19031.666667 5144.000000 2610.000000 0.215886 0.011318 277904.000000
12.000000 56.000000 1024.000000 2.000000 32.000000 1.000000 1.000000 0.000000 0.000000 1.000000 64.000000 2.000000 4.000000 0.000000 0.815663 0.006485 628507.144000 1117.333333 0.000000 0.000000 0.000000 46482.333333 44384.333333 19031.666667 5144.000000 2610.000000 0.218333 0.011430 275211.000000
3.000000 14.000000 256.000000 2.000000 4.000000 1.000000 1.000000 0.000000 0.000000 1.000000 32.000000 1.000000 4.000000 0.000000 0.435890 0.006549 427826.934000 1148.333333 0.000000 0.000000 0.000000 46482.333333 44384.333333 19031.666667 5144.000000 2610.000000 0.171815 0.008164 269349.000000
8.000000 32.000000 512.000000 4.000000 32.000000 0.000000 8.000000 0.000000 0.000000 0.000000 64.000000 1.000000 4.000000 2.000000 0.351308 0.005754 571590.891000 1119.333333 0.000000 0.000000 0.000000 46482.333333 44384.333333 19031.666667 5144.000000 2610.000000 0.196939 0.013124 278976.000000
0.000000 0.000000 0.000000 2.000000 16.000000 0.000000 8.000000 0.000000 0.000000 1.000000 64.000000 4.000000 32.000000 1.000000 0.537443 0.005732 452303.997000 1871.000000 0.000000 0.000000 0.000000 46482.333333 44384.333333 19031.666667 5144.000000 2610.000000 0.222905 0.014023 281053.000000
3.000000 14.000000 256.000000 1.000000 4.000000 1.000000 1.000000 0.000000 0.000000 1.000000 64.000000 4.000000 32.000000 1.000000 0.843811 0.006281 551586.618000 1148.333333 0.000000 0.000000 0.000000 46482.333333 44384.333333 19031.666667 5144.000000 2610.000000 0.215886 0.011190 277904.000000
3.000000 14.000000 256.000000 4.000000 32.000000 1.000000 8.000000 0.000000 0.000000 0.000000 64.000000 2.000000 4.000000 0.000000 0.815048 0.005972 845678.302000 1148.333333 0.000000 0.000000 0.000000 46482.333333 44384.333333 19031.666667 5144.000000 2610.000000 0.220372 0.015870 280271.000000
3.000000 14.000000 256.000000 2.000000 16.000000 1.000000 8.000000 0.000000 0.000000 0.000000 64.000000 2.000000 4.000000 0.000000 0.815048 0.005905 779137.287000 1148.333333 0.000000 0.000000 0.000000 46482.333333 44384.333333 19031.666667 5144.000000 2610.000000 0.218333 0.011436 273038.000000
8.000000 32.000000 512.000000 4.000000 32.000000 0.000000 8.000000 0.000000 0.000000 1.000000 64.000000 1.000000 4.000000 0.000000 0.358134 0.005880 451203.166000 1119.333333 0.000000 0.000000 0.000000 46482.333333 44384.333333 19031.666667 5144.000000 2610.000000 0.196939 0.013124 277631.000000
6.000000 28.000000 512.000000 1.000000 4.000000 0.000000 8.000000 1.000000 1.000000 1.000000 64.000000 4.000000 32.000000 1.000000 0.650227 0.005948 446852.407000 1119.333333 0.000000 0.000000 0.000000 46482.333333 44384.333333 19031.666667 5144.000000 2610.000000 0.215886 0.011181 278654.000000
3.000000 14.000000 256.000000 1.000000 4.000000 0.000000 1.000000 0.000000 0.000000 1.000000 64.000000 1.000000 4.000000 0.000000 0.358061 0.005563 323010.617000 1148.333333 0.000000 0.000000 0.000000 46482.333333 44384.333333 19031.666667 5144.000000 2610.000000 0.187616 0.006871 266500.000000
12.000000 56.000000 1024.000000 1.000000 4.000000 1.000000 8.000000 1.000000 1.000000 1.000000 64.000000 1.000000 4.000000 0.000000 0.516940 0.006733 485442.237000 1117.333333 0.000000 0.000000 0.000000 46482.333333 44384.333333 19031.666667 5144.000000 2610.000000 0.187616 0.006865 268583.000000
8.000000 32.000000 512.000000 2.000000 16.000000 0.000000 1.000000 0.000000 0.000000 1.000000 64.000000 2.000000 4.000000 0.000000 0.632267 0.005744 479903.718000 1119.333333 0.000000 0.000000 0.000000 46482.333333 44384.333333 19031.666667 5144.000000 2610.000000 0.218333 0.011427 273787.000000
8.000000 32.000000 512.000000 1.000000 16.000000 0.000000 8.000000 0.000000 0.000000 0.000000 64.000000 1.000000 4.000000 0.000000 0.358134 0.005375 506783.682000 1119.333333 0.000000 0.000000 0.000000 46482.333333 44384.333333 19031.666667 5144.000000 2610.000000 0.187616 0.006862 267318.000000
0.000000 0.000000 0.000000 4.000000 32.000000 1.000000 1.000000 0.000000 0.000000 1.000000 64.000000 1.000000 4.000000 0.000000 0.448301 0.006394 561435.175000 1871.000000 0.000000 0.000000 0.000000 46482.333333 44384.333333 19031.666667 5144.000000 2610.000000 0.196939 0.013251 276882.000000
3.000000 14.000000 256.000000 1.000000 4.000000 1.000000 1.000000 0.000000 0.000000 1.000000 32.000000 1.000000 4.000000 0.000000 0.435890 0.006493 394183.257000 1148.333333 0.000000 0.000000 0.000000 46482.333333 44384.333333 19031.666667 5144.000000 2610.000000 0.165637 0.006147 266269.000000
12.000000 56.000000 1024.000000 1.000000 16.000000 1.000000 8.000000 1.000000 1.000000 1.000000 32.000000 1.000000 4.000000 0.000000 0.435932 0.006954 415937.513000 1117.333333 0.000000 0.000000 0.000000 46482.333333 44384.333333 19031.666667 5144.000000 2610.000000 0.165637 0.006141 268420.000000
3.000000 14.000000 256.000000 1.000000 4.000000 1.000000 1.000000 0.000000 0.000000 0.000000 32.000000 4.000000 32.000000 2.000000 0.820865 0.006186 656000.820000 1148.333333 0.000000 0.000000 0.000000 46482.333333 44384.333333 19031.666667 5144.000000 2610.000000 0.214226 0.011195 277277.000000
0.000000 0.000000 0.000000 1.000000 4.000000 1.000000 8.000000 0.000000 0.000000 0.000000 64.000000 2.000000 4.000000 0.000000 0.704953 0.005599 728999.952000 1871.000000 0.000000 0.000000 0.000000 46482.333333 44384.333333 19031.666667 5144.000000 2610.000000 0.211521 0.008988 269889.000000
3.000000 14.000000 256.000000 2.000000 16.000000 0.000000 8.000000 0.000000 0.000000 0.000000 64.000000 2.000000 4.000000 0.000000 0.631632 0.005078 634977.911000 1148.333333 0.000000 0.000000 0.000000 46482.333333 44384.333333 19031.666667 5144.000000 2610.000000 0.218333 0.011436 273038.000000
12.000000 56.000000 1024.000000 2.000000 4.000000 1.000000 1.000000 0.000000 0.000000 0.000000 64.000000 2.000000 16.000000 0.000000 0.815663 0.006307 802089.684000 1117.333333 0.000000 0.000000 0.000000 46482.333333 44384.333333 19031.666667 5144.000000 2610.000000 0.218333 0.011430 275121.000000
3.000000 14.000000 256.000000 2.000000 32.000000 0.000000 1.000000 0.000000 0.000000 1.000000 64.000000 4.000000 32.000000 1.000000 0.648994 0.005782 473843.515000 1148.333333 0.000000 0.000000 0.000000 46482.333333 44384.333333 19031.666667 5144.000000 2610.000000 0.222905 0.013891 281144.000000
0.000000 0.000000 0.000000 1.000000 4.000000 1.000000 8.000000 0.000000 0.000000 1.000000 32.000000 1.000000 4.000000 0.000000 0.386841 0.006232 380358.415000 1871.000000 0.000000 0.000000 0.000000 46482.333333 44384.333333 19031.666667 5144.000000 2610.000000 0.165637 0.006246 266269.000000
12.000000 56.000000 1024.000000 2.000000 32.000000 0.000000 1.000000 0.000000 0.000000 0.000000 32.000000 4.000000 32.000000 2.000000 0.637692 0.005757 572065.344000 1117.333333 0.000000 0.000000 0.000000 46482.333333 44384.333333 19031.666667 5144.000000 2610.000000 0.220472 0.013832 282600.000000
12.000000 56.000000 1024.000000 1.000000 4.000000 0.000000 8.000000 0.000000 0.000000 0.000000 64.000000 1.000000 4.000000 2.000000 0.351307 0.005884 487761.218000 1117.333333 0.000000 0.000000 0.000000 46482.333333 44384.333333 19031.666667 5144.000000 2610.000000 0.187616 0.006866 269928.000000
12.000000 56.000000 1024.000000 2.000000 16.000000 0.000000 8.000000 1.000000 1.000000 0.000000 32.000000 1.000000 4.000000 0.000000 0.309435 0.005765 487969.638000 1117.333333 0.000000 0.000000 0.000000 46482.333333 44384.333333 19031.666667 5144.000000 2610.000000 0.171815 0.008158 271501.000000
3.000000 14.000000 256.000000 2.000000 32.000000 0.000000 1.000000 0.000000 0.000000 0.000000 64.000000 2.000000 16.000000 0.000000 0.631632 0.005059 630116.344000 1148.333333 0.000000 0.000000 0.000000 46482.333333 44384.333333 19031.666667 5144.000000 2610.000000 0.218333 0.011436 273196.000000
12.000000 56.000000 1024.000000 4.000000 32.000000 1.000000 8.000000 0.000000 0.000000 1.000000 64.000000 2.000000 4.000000 0.000000 0.815663 0.006568 698858.162000 1117.333333 0.000000 0.000000 0.000000 46482.333333 44384.333333 19031.666667 5144.000000 2610.000000 0.220372 0.015864 282354.000000
8.000000 32.000000 512.000000 2.000000 32.000000 0.000000 1.000000 0.000000 0.000000 0.000000 64.000000 2.000000 32.000000 1.000000 0.645905 0.005396 537312.334000 1119.333333 0.000000 0.000000 0.000000 46482.333333 44384.333333 19031.666667 5144.000000 2610.000000 0.218333 0.011427 274036.000000
12.000000 56.000000 1024.000000 1.000000 4.000000 1.000000 8.000000 1.000000 1.000000 1.000000 64.000000 2.000000 32.000000 1.000000 0.819020 0.006749 498975.058000 1117.333333 0.000000 0.000000 0.000000 46482.333333 44384.333333 19031.666667 5144.000000 2610.000000 0.211521 0.008857 272131.000000
6.000000 28.000000 512.000000 2.000000 32.000000 1.000000 8.000000 1.000000 1.000000 0.000000 64.000000 4.000000 32.000000 1.000000 0.846065 0.006378 777012.722000 1119.333333 0.000000 0.000000 0.000000 46482.333333 44384.333333 19031.666667 5144.000000 2610.000000 0.222905 0.013882 281893.000000
3.000000 14.000000 256.000000 2.000000 32.000000 0.000000 8.000000 1.000000 1.000000 1.000000 64.000000 1.000000 16.000000 0.000000 0.358061 0.006015 385661.943000 1148.333333 0.000000 0.000000 0.000000 46482.333333 44384.333333 19031.666667 5144.000000 2610.000000 0.194179 0.009139 269808.000000
0.000000 0.000000 0.000000 1.000000 4.000000 1.000000 1.000000 0.000000 0.000000 1.000000 64.000000 2.000000 16.000000 0.000000 0.704953 0.006202 562870.465000 1871.000000 0.000000 0.000000 0.000000 46482.333333 44384.333333 19031.666667 5144.000000 2610.000000 0.211521 0.008988 269957.000000
8.000000 32.000000 512.000000 1.000000 16.000000 0.000000 8.000000 1.000000 1.000000 1.000000 64.000000 1.000000 4.000000 0.000000 0.358134 0.006041 350852.112000 1119.333333 0.000000 0.000000 0.000000 46482.333333 44384.333333 19031.666667 5144.000000 2610.000000 0.187616 0.006862 267318.000000
8.000000 32.000000 512.000000 2.000000 4.000000 1.000000 1.000000 0.000000 0.000000 1.000000 32.000000 1.000000 4.000000 0.000000 0.435959 0.006417 416712.945000 1119.333333 0.000000 0.000000 0.000000 46482.333333 44384.333333 19031.666667 5144.000000 2610.000000 0.171815 0.008155 270099.000000
3.000000 14.000000 256.000000 1.000000 4.000000 1.000000 8.000000 1.000000 1.000000 0.000000 64.000000 1.000000 4.000000 0.000000 0.516997 0.006173 644940.875000 1148.333333 0.000000 0.000000 0.000000 46482.333333 44384.333333 19031.666667 5144.000000 2610.000000 0.187616 0.006871 266500.000000
6.000000 28.000000 512.000000 2.000000 4.000000 1.000000 1.000000 0.000000 0.000000 1.000000 64.000000 2.000000 16.000000 0.000000 0.815661 0.006650 623741.697000 1119.333333 0.000000 0.000000 0.000000 46482.333333 44384.333333 19031.666667 5144.000000 2610.000000 0.218333 0.011427 273787.000000
6.000000 28.000000 512.000000 2.000000 16.000000 1.000000 1.000000 0.000000 0.000000 1.000000 32.000000 4.000000 32.000000 2.000000 0.822719 0.006694 528479.683000 1119.333333 0.000000 0.000000 0.000000 46482.333333 44384.333333 19031.666667 5144.000000 2610.000000 0.220472 0.013829 281175.000000
3.000000 14.000000 256.000000 4.000000 32.000000 1.000000 1.000000 0.000000 0.000000 0.000000 64.000000 2.000000 16.000000 0.000000 0.815048 0.005959 840841.863000 1148.333333 0.000000 0.000000 0.000000 46482.333333 44384.333333 19031.666667 5144.000000 2610.000000 0.220372 0.015870 280339.000000
3.000000 14.000000 256.000000 4.000000 32.000000 0.000000 1.000000 0.000000 0.000000 1.000000 64.000000 2.000000 4.000000 0.000000 0.631487 0.005513 540708.172000 1148.333333 0.000000 0.000000 0.000000 46482.333333 44384.333333 19031.666667 5144.000000 2610.000000 0.220372 0.015870 280271.000000
8.000000 32.000000 512.000000 2.000000 32.000000 1.000000 8.000000 1.000000 1.000000 0.000000 64.000000 4.000000 32.000000 2.000000 0.847399 0.006525 789126.499000 1119.333333 0.000000 0.000000 0.000000 46482.333333 44384.333333 19031.666667 5144.000000 2610.000000 0.222905 0.013882 283238.000000
8.000000 32.000000 512.000000 2.000000 4.000000 1.000000 8.000000 1.000000 1.000000 0.000000 64.000000 1.000000 4.000000 2.000000 0.515091 0.006648 655968.519000 1119.333333 0.000000 0.000000 0.000000 46482.333333 44384.333333 19031.666667 5144.000000 2610.000000 0.194179 0.009130 271675.000000
8.000000 32.000000 512.000000 1.000000 16.000000 1.000000 1.000000 0.000000 0.000000 1.000000 64.000000 1.000000 4.000000 2.000000 0.515154 0.006745 426225.980000 1119.333333 0.000000 0.000000 0.000000 46482.333333 44384.333333 19031.666667 5144.000000 2610.000000 0.187616 0.006863 268663.000000
6.000000 28.000000 512.000000 2.000000 16.000000 0.000000 1.000000 0.000000 0.000000 1.000000 64.000000 2.000000 32.000000 1.000000 0.645905 0.005979 387195.444000 1119.333333 0.000000 0.000000 0.000000 46482.333333 44384.333333 19031.666667 5144.000000 2610.000000 0.218333 0.011427 273946.000000
0.000000 0.000000 0.000000 2.000000 16.000000 1.000000 1.000000 0.000000 0.000000 0.000000 32.000000 4.000000 32.000000 2.000000 0.708676 0.005976 670761.272000 1871.000000 0.000000 0.000000 0.000000 46482.333333 44384.333333 19031.666667 5144.000000 2610.000000 0.220472 0.013968 280426.000000
12.000000 56.000000 1024.000000 1.000000 16.000000 1.000000 8.000000 1.000000 1.000000 1.000000 64.000000 2.000000 32.000000 1.000000 0.824765 0.006910 502559.421000 1117.333333 0.000000 0.000000 0.000000 46482.333333 44384.333333 19031.666667 5144.000000 2610.000000 0.211521 0.008857 272199.000000
3.000000 14.000000 256.000000 2.000000 4.000000 0.000000 8.000000 1.000000 1.000000 1.000000 32.000000 1.000000 4.000000 0.000000 0.309415 0.005748 291518.480000 1148.333333 0.000000 0.000000 0.000000 46482.333333 44384.333333 19031.666667 5144.000000 2610.000000 0.171815 0.008164 269349.000000
6.000000 28.000000 512.000000 2.000000 32.000000 0.000000 1.000000 0.000000 0.000000 1.000000 32.000000 1.000000 4.000000 0.000000 0.309463 0.005784 303955.882000 1119.333333 0.000000 0.000000 0.000000 46482.333333 44384.333333 19031.666667 5144.000000 2610.000000 0.171815 0.008155 270257.000000
0.000000 0.000000 0.000000 2.000000 4.000000 1.000000 8.000000 0.000000 0.000000 1.000000 64.000000 4.000000 32.000000 1.000000 0.727774 0.006064 569127.855000 1871.000000 0.000000 0.000000 0.000000 46482.333333 44384.333333 19031.666667 5144.000000 2610.000000 0.222905 0.014023 280985.000000
12.000000 56.000000 1024.000000 1.000000 4.000000 0.000000 8.000000 1.000000 1.000000 1.000000 64.000000 1.000000 16.000000 0.000000 0.358106 0.006300 367332.231000 1117.333333 0.000000 0.000000 0.000000 46482.333333 44384.333333 19031.666667 5144.000000 2610.000000 0.187616 0.006865 268652.000000
12.000000 56.000000 1024.000000 2.000000 16.000000 0.000000 8.000000 1.000000 1.000000 1.000000 64.000000 4.000000 32.000000 2.000000 0.649261 0.006489 512097.754000 1117.333333 0.000000 0.000000 0.000000 46482.333333 44384.333333 19031.666667 5144.000000 2610.000000 0.222905 0.013885 284482.000000
12.000000 56.000000 1024.000000 4.000000 32.000000 1.000000 1.000000 0.000000 0.000000 1.000000 64.000000 1.000000 4.000000 0.000000 0.516941 0.006786 588165.522000 1117.333333 0.000000 0.000000 0.000000 46482.333333 44384.333333 19031.666667 5144.000000 2610.000000 0.196939 0.013128 278965.000000
8.000000 32.000000 512.000000 2.000000 16.000000 1.000000 8.000000 1.000000 1.000000 1.000000 64.000000 4.000000 32.000000 1.000000 0.846065 0.006733 607965.579000 1119.333333 0.000000 0.000000 0.000000 46482.333333 44384.333333 19031.666667 5144.000000 2610.000000 0.222905 0.013882 281803.000000
8.000000 32.000000 512.000000 1.000000 16.000000 0.000000 8.000000 1.000000 1.000000 1.000000 64.000000 1.000000 16.000000 0.000000 0.358118 0.006269 355704.111000 1119.333333 0.000000 0.000000 0.000000 46482.333333 44384.333333 19031.666667 5144.000000 2610.000000 0.187616 0.006862 267386.000000
6.000000 28.000000 512.000000 2.000000 16.000000 0.000000 1.000000 0.000000 0.000000 1.000000 32.000000 4.000000 32.000000 2.000000 0.637587 0.006124 407871.034000 1119.333333 0.000000 0.000000 0.000000 46482.333333 44384.333333 19031.666667 5144.000000 2610.000000 0.220472 0.013829 281175.000000
6.000000 28.000000 512.000000 2.000000 4.000000 0.000000 8.000000 1.000000 1.000000 1.000000 64.000000 2.000000 4.000000 0.000000 0.632267 0.005621 481514.022000 1119.333333 0.000000 0.000000 0.000000 46482.333333 44384.333333 19031.666667 5144.000000 2610.000000 0.218333 0.011427 273718.000000
0.000000 0.000000 0.000000 2.000000 4.000000 0.000000 8.000000 0.000000 0.000000 0.000000 64.000000 2.000000 32.000000 1.000000 0.531277 0.005063 512455.390000 1871.000000 0.000000 0.000000 0.000000 46482.333333 44384.333333 19031.666667 5144.000000 2610.000000 0.218333 0.011565 273128.000000
12.000000 56.000000 1024.000000 1.000000 4.000000 0.000000 1.000000 0.000000 0.000000 1.000000 64.000000 1.000000 4.000000 2.000000 0.351307 0.006251 317319.389000 1117.333333 0.000000 0.000000 0.000000 46482.333333 44384.333333 19031.666667 5144.000000 2610.000000 0.187616 0.006866 269928.000000
3.000000 14.000000 256.000000 2.000000 16.000000 1.000000 8.000000 0.000000 0.000000 1.000000 64.000000 2.000000 4.000000 0.000000 0.814905 0.006196 594761.293000 1148.333333 0.000000 0.000000 0.000000 46482.333333 44384.333333 19031.666667 5144.000000 2610.000000 0.218333 0.011436 273038.000000
8.000000 32.000000 512.000000 4.000000 32.000000 1.000000 8.000000 1.000000 1.000000 0.000000 64.000000 1.000000 4.000000 0.000000 0.516969 0.006496 755927.773000 1119.333333 0.000000 0.000000 0.000000 46482.333333 44384.333333 19031.666667 5144.000000 2610.000000 0.196939 0.013124 277631.000000
0.000000 0.000000 0.000000 2.000000 4.000000 0.000000 1.000000 0.000000 0.000000 0.000000 64.000000 1.000000 16.000000 0.000000 0.293327 0.005045 506294.631000 1871.000000 0.000000 0.000000 0.000000 46482.333333 44384.333333 19031.666667 5144.000000 2610.000000 0.194179 0.009254 269649.000000
0.000000 0.000000 0.000000 2.000000 4.000000 0.000000 8.000000 1.000000 1.000000 1.000000 64.000000 2.000000 16.000000 0.000000 0.525259 0.005567 460091.422000 1871.000000 0.000000 0.000000 0.000000 46482.333333 44384.333333 19031.666667 5144.000000 2610.000000 0.218333 0.011565 273038.000000
8.000000 32.000000 512.000000 4.000000 32.000000 1.000000 1.000000 0.000000 0.000000 0.000000 64.000000 2.000000 32.000000 1.000000 0.825986 0.006305 748950.383000 1119.333333 0.000000 0.000000 0.000000 46482.333333 44384.333333 19031.666667 5144.000000 2610.000000 0.220372 0.015861 281179.000000
8.000000 32.000000 512.000000 1.000000 16.000000 0.000000 8.000000 1.000000 1.000000 0.000000 64.000000 1.000000 4.000000 2.000000 0.351308 0.005797 479040.990000 1119.333333 0.000000 0.000000 0.000000 46482.333333 44384.333333 19031.666667 5144.000000 2610.000000 0.187616 0.006863 268663.000000
6.000000 28.000000 512.000000 2.000000 4.000000 0.000000 8.000000 1.000000 1.000000 0.000000 64.000000 1.000000 16.000000 0.000000 0.358134 0.005516 543629.130000 1119.333333 0.000000 0.000000 0.000000 46482.333333 44384.333333 19031.666667 5144.000000 2610.000000 0.194179 0.009130 270398.000000
8.000000 32.000000 512.000000 2.000000 16.000000 1.000000 1.000000 0.000000 0.000000 0.000000 64.000000 2.000000 32.000000 1.000000 0.825986 0.006235 681982.390000 1119.333333 0.000000 0.000000 0.000000 46482.333333 44384.333333 19031.666667 5144.000000 2610.000000 0.218333 0.011427 273946.000000
8.000000 32.000000 512.000000 1.000000 16.000000 1.000000 8.000000 1.000000 1.000000 0.000000 64.000000 1.000000 16.000000 0.000000 0.516955 0.006325 656521.583000 1119.333333 0.000000 0.000000 0.000000 46482.333333 44384.333333 19031.666667 5144.000000 2610.000000 0.187616 0.006862 267386.000000
0.000000 0.000000 0.000000 2.000000 32.000000 1.000000 8.000000 1.000000 1.000000 1.000000 64.000000 4.000000 32.000000 1.000000 0.727774 0.006222 585390.725000 1871.000000 0.000000 0.000000 0.000000 46482.333333 44384.333333 19031.666667 5144.000000 2610.000000 0.222905 0.014023 281144.000000
3.000000 14.000000 256.000000 1.000000 16.000000 1.000000 8.000000 1.000000 1.000000 1.000000 64.000000 1.000000 16.000000 0.000000 0.516877 0.006662 466268.752000 1148.333333 0.000000 0.000000 0.000000 46482.333333 44384.333333 19031.666667 5144.000000 2610.000000 0.187616 0.006871 266637.000000
6.000000 28.000000 512.000000 2.000000 4.000000 0.000000 1.000000 0.000000 0.000000 1.000000 64.000000 1.000000 16.000000 0.000000 0.358134 0.005963 372390.865000 1119.333333 0.000000 0.000000 0.000000 46482.333333 44384.333333 19031.666667 5144.000000 2610.000000 0.194179 0.009130 270398.000000
12.000000 56.000000 1024.000000 2.000000 16.000000 1.000000 8.000000 1.000000 1.000000 1.000000 64.000000 2.000000 16.000000 0.000000 0.815663 0.006952 635142.035000 1117.333333 0.000000 0.000000 0.000000 46482.333333 44384.333333 19031.666667 5144.000000 2610.000000 0.218333 0.011430 275189.000000
8.000000 32.000000 512.000000 1.000000 16.000000 1.000000 1.000000 0.000000 0.000000 0.000000 64.000000 2.000000 4.000000 0.000000 0.815661 0.006009 751999.663000 1119.333333 0.000000 0.000000 0.000000 46482.333333 44384.333333 19031.666667 5144.000000 2610.000000 0.211521 0.008854 270706.000000
6.000000 28.000000 512.000000 2.000000 4.000000 1.000000 8.000000 0.000000 0.000000 1.000000 64.000000 2.000000 16.000000 0.000000 0.815661 0.006327 604696.256000 1119.333333 0.000000 0.000000 0.000000 46482.333333 44384.333333 19031.666667 5144.000000 2610.000000 0.218333 0.011427 273787.000000
12.000000 56.000000 1024.000000 2.000000 32.000000 0.000000 8.000000 0.000000 0.000000 1.000000 32.000000 4.000000 32.000000 2.000000 0.637692 0.006265 440785.171000 1117.333333 0.000000 0.000000 0.000000 46482.333333 44384.333333 19031.666667 5144.000000 2610.000000 0.220472 0.013832 282600.000000
3.000000 14.000000 256.000000 2.000000 32.000000 0.000000 8.000000 1.000000 1.000000 0.000000 64.000000 1.000000 16.000000 0.000000 0.358207 0.005383 533929.808000 1148.333333 0.000000 0.000000 0.000000 46482.333333 44384.333333 19031.666667 5144.000000 2610.000000 0.194179 0.009139 269808.000000
8.000000 32.000000 512.000000 4.000000 32.000000 1.000000 8.000000 1.000000 1.000000 1.000000 32.000000 4.000000 32.000000 2.000000 0.822719 0.006770 611678.739000 1119.333333 0.000000 0.000000 0.000000 46482.333333 44384.333333 19031.666667 5144.000000 2610.000000 0.222286 0.018310 288408.000000
12.000000 56.000000 1024.000000 2.000000 4.000000 0.000000 1.000000 0.000000 0.000000 1.000000 32.000000 1.000000 4.000000 0.000000 0.309435 0.005994 310086.050000 1117.333333 0.000000 0.000000 0.000000 46482.333333 44384.333333 19031.666667 5144.000000 2610.000000 0.171815 0.008158 271433.000000
0.000000 0.000000 0.000000 1.000000 16.000000 0.000000 1.000000 0.000000 0.000000 0.000000 64.000000 1.000000 4.000000 0.000000 0.293327 0.004995 472556.639000 1871.000000 0.000000 0.000000 0.000000 46482.333333 44384.333333 19031.666667 5144.000000 2610.000000 0.187616 0.006982 266568.000000
12.000000 56.000000 1024.000000 2.000000 32.000000 0.000000 8.000000 0.000000 0.000000 0.000000 64.000000 4.000000 32.000000 1.000000 0.650962 0.005689 646992.275000 1117.333333 0.000000 0.000000 0.000000 46482.333333 44384.333333 19031.666667 5144.000000 2610.000000 0.222905 0.013885 283227.000000
12.000000 56.000000 1024.000000 2.000000 16.000000 0.000000 8.000000 0.000000 0.000000 1.000000 64.000000 1.000000 4.000000 2.000000 0.351307 0.006475 358763.273000 1117.333333 0.000000 0.000000 0.000000 46482.333333 44384.333333 19031.666667 5144.000000 2610.000000 0.194179 0.009133 273077.000000
12.000000 56.000000 1024.000000 1.000000 16.000000 0.000000 8.000000 0.000000 0.000000 0.000000 64.000000 1.000000 16.000000 0.000000 0.358070 0.005595 523084.635000 1117.333333 0.000000 0.000000 0.000000 46482.333333 44384.333333 19031.666667 5144.000000 2610.000000 0.187616 0.006865 268720.000000
12.000000 56.000000 1024.000000 4.000000 32.000000 1.000000 1.000000 0.000000 0.000000 1.000000 64.000000 1.000000 16.000000 0.000000 0.516941 0.007005 593861.943000 1117.333333 0.000000 0.000000 0.000000 46482.333333 44384.333333 19031.666667 5144.000000 2610.000000 0.196939 0.013128 279034.000000
12.000000 56.000000 1024.000000 2.000000 32.000000 1.000000 8.000000 1.000000 1.000000 1.000000 32.000000 1.000000 4.000000 0.000000 0.435932 0.006885 455894.273000 1117.333333 0.000000 0.000000 0.000000 46482.333333 44384.333333 19031.666667 5144.000000 2610.000000 0.171815 0.008158 271591.000000
3.000000 14.000000 256.000000 1.000000 16.000000 1.000000 8.000000 1.000000 1.000000 1.000000 64.000000 1.000000 4.000000 2.000000 0.515258 0.006757 422297.374000 1148.333333 0.000000 0.000000 0.000000 46482.333333 44384.333333 19031.666667 5144.000000 2610.000000 0.187616 0.006871 267913.000000
3.000000 14.000000 256.000000 2.000000 16.000000 1.000000 8.000000 1.000000 1.000000 1.000000 32.000000 1.000000 4.000000 0.000000 0.435890 0.006507 419331.757000 1148.333333 0.000000 0.000000 0.000000 46482.333333 44384.333333 19031.666667 5144.000000 2610.000000 0.171815 0.008164 269418.000000
8.000000 32.000000 512.000000 4.000000 32.000000 0.000000 8.000000 1.000000 1.000000 1.000000 64.000000 2.000000 16.000000 0.000000 0.632267 0.006018 568150.316000 1119.333333 0.000000 0.000000 0.000000 46482.333333 44384.333333 19031.666667 5144.000000 2610.000000 0.220372 0.015861 281088.000000
0.000000 0.000000 0.000000 1.000000 4.000000 0.000000 8.000000 0.000000 0.000000 0.000000 64.000000 1.000000 4.000000 2.000000 0.288189 0.005294 443461.907000 1871.000000 0.000000 0.000000 0.000000 46482.333333 44384.333333 19031.666667 5144.000000 2610.000000 0.187616 0.006982 267845.000000
0.000000 0.000000 0.000000 2.000000 16.000000 1.000000 1.000000 0.000000 0.000000 0.000000 64.000000 4.000000 32.000000 1.000000 0.727774 0.005921 744847.713000 1871.000000 0.000000 0.000000 0.000000 46482.333333 44384.333333 19031.666667 5144.000000 2610.000000 0.222905 0.014023 281053.000000
6.000000 28.000000 512.000000 2.000000 16.000000 0.000000 1.000000 0.000000 0.000000 1.000000 64.000000 4.000000 32.000000 2.000000 0.649156 0.006125 481977.656000 1119.333333 0.000000 0.000000 0.000000 46482.333333 44384.333333 19031.666667 5144.000000 2610.000000 0.222905 0.013882 283148.000000
12.000000 56.000000 1024.000000 2.000000 32.000000 1.000000 8.000000 0.000000 0.000000 0.000000 64.000000 4.000000 32.000000 2.000000 0.847504 0.006678 801799.786000 1117.333333 0.000000 0.000000 0.000000 46482.333333 44384.333333 19031.666667 5144.000000 2610.000000 0.222905 0.013885 284572.000000
