2.000000 1.000000 0.000000 2.000000 1.000000 1.000000 0.758517 0.004007 326562.000000
1.000000 0.000000 1.000000 2.000000 0.000000 2.000000 0.677729 0.004655 671876.000000
0.000000 2.000000 1.000000 1.000000 1.000000 3.000000 0.450422 0.004583 586944.000000
0.000000 1.000000 0.000000 1.000000 1.000000 1.000000 0.504068 0.003260 303311.000000
4.000000 4.000000 0.000000 0.000000 1.000000 5.000000 0.778611 0.006080 405125.000000
0.000000 0.000000 0.000000 1.000000 0.000000 7.000000 0.510891 0.002925 667743.000000
2.000000 5.000000 0.000000 1.000000 1.000000 3.000000 0.608008 0.004448 433394.000000
2.000000 5.000000 0.000000 0.000000 0.000000 6.000000 0.765434 0.003128 499202.000000
0.000000 2.000000 1.000000 0.000000 1.000000 2.000000 0.496560 0.005097 415455.000000
1.000000 5.000000 0.000000 2.000000 0.000000 8.000000 0.762284 0.004080 466967.000000
0.000000 4.000000 0.000000 1.000000 1.000000 9.000000 0.508220 0.004103 383409.000000
3.000000 5.000000 0.000000 0.000000 0.000000 0.000000 0.778987 0.008127 616424.000000
0.000000 3.000000 1.000000 0.000000 1.000000 7.000000 0.553758 0.005763 584002.000000
4.000000 1.000000 1.000000 2.000000 0.000000 2.000000 0.566584 0.004582 555576.000000
3.000000 5.000000 1.000000 2.000000 0.000000 6.000000 0.614097 0.008690 665676.000000
2.000000 5.000000 0.000000 2.000000 1.000000 8.000000 0.763812 0.005052 296440.000000
4.000000 4.000000 0.000000 1.000000 1.000000 2.000000 0.570260 0.004958 305094.000000
3.000000 0.000000 0.000000 0.000000 1.000000 8.000000 0.773383 0.009872 434985.000000
2.000000 1.000000 1.000000 0.000000 0.000000 6.000000 0.620182 0.004092 642881.000000
4.000000 3.000000 1.000000 2.000000 1.000000 7.000000 0.636313 0.007173 608296.000000
4.000000 3.000000 0.000000 0.000000 0.000000 0.000000 0.774250 0.004655 634094.000000
2.000000 1.000000 0.000000 0.000000 0.000000 8.000000 0.771503 0.003452 456993.000000
1.000000 0.000000 1.000000 0.000000 0.000000 3.000000 0.625957 0.005475 857229.000000
2.000000 2.000000 0.000000 2.000000 1.000000 2.000000 0.677559 0.004090 285948.000000
1.000000 5.000000 1.000000 1.000000 1.000000 7.000000 0.542354 0.006848 568497.000000
3.000000 0.000000 1.000000 0.000000 1.000000 7.000000 0.640692 0.011340 702560.000000
4.000000 4.000000 1.000000 1.000000 0.000000 1.000000 0.524276 0.004715 677629.000000
3.000000 2.000000 1.000000 1.000000 0.000000 6.000000 0.524965 0.008240 675443.000000
1.000000 3.000000 1.000000 2.000000 1.000000 4.000000 0.623370 0.007175 609654.000000
2.000000 5.000000 1.000000 0.000000 1.000000 8.000000 0.629540 0.006178 422334.000000
0.000000 1.000000 1.000000 1.000000 0.000000 8.000000 0.454628 0.003353 560953.000000
0.000000 3.000000 0.000000 0.000000 1.000000 0.000000 0.663135 0.004992 455998.000000
3.000000 1.000000 0.000000 0.000000 0.000000 2.000000 0.681883 0.007678 452560.000000
4.000000 2.000000 1.000000 0.000000 0.000000 6.000000 0.620550 0.005295 687133.000000
4.000000 4.000000 1.000000 1.000000 0.000000 3.000000 0.529227 0.004745 783314.000000
0.000000 1.000000 0.000000 2.000000 1.000000 4.000000 0.653903 0.004078 420980.000000
3.000000 5.000000 1.000000 2.000000 1.000000 9.000000 0.626575 0.011100 514197.000000
3.000000 3.000000 0.000000 0.000000 0.000000 0.000000 0.779354 0.008222 650406.000000
3.000000 0.000000 0.000000 1.000000 0.000000 4.000000 0.611089 0.006957 722435.000000
4.000000 4.000000 0.000000 1.000000 0.000000 2.000000 0.569256 0.003630 459478.000000
4.000000 5.000000 1.000000 0.000000 0.000000 8.000000 0.628682 0.005692 617459.000000
3.000000 1.000000 0.000000 0.000000 0.000000 4.000000 0.771722 0.007625 633403.000000
2.000000 4.000000 1.000000 0.000000 0.000000 0.000000 0.631555 0.004642 765595.000000
2.000000 3.000000 0.000000 1.000000 0.000000 1.000000 0.604204 0.002678 523031.000000
0.000000 3.000000 1.000000 1.000000 0.000000 4.000000 0.450422 0.003203 755448.000000
3.000000 2.000000 1.000000 0.000000 1.000000 7.000000 0.640692 0.011093 624862.000000
0.000000 3.000000 0.000000 2.000000 0.000000 7.000000 0.657791 0.002775 606962.000000
3.000000 5.000000 0.000000 1.000000 1.000000 2.000000 0.570620 0.008663 281413.000000
4.000000 5.000000 0.000000 2.000000 0.000000 5.000000 0.771248 0.003928 502499.000000
3.000000 5.000000 0.000000 0.000000 1.000000 7.000000 0.774993 0.010353 477118.000000
2.000000 1.000000 0.000000 0.000000 0.000000 1.000000 0.764583 0.003125 499202.000000
4.000000 0.000000 1.000000 1.000000 1.000000 6.000000 0.525007 0.006665 574364.000000
3.000000 5.000000 0.000000 0.000000 0.000000 4.000000 0.772214 0.007647 633403.000000
1.000000 5.000000 1.000000 1.000000 0.000000 2.000000 0.502492 0.004595 567659.000000
4.000000 3.000000 0.000000 1.000000 1.000000 2.000000 0.570260 0.005428 297863.000000
4.000000 1.000000 1.000000 0.000000 1.000000 3.000000 0.626189 0.006292 571573.000000
1.000000 0.000000 0.000000 1.000000 0.000000 4.000000 0.609514 0.003717 703925.000000
1.000000 1.000000 1.000000 2.000000 1.000000 3.000000 0.623659 0.005847 565565.000000
1.000000 2.000000 0.000000 0.000000 0.000000 2.000000 0.681092 0.004185 467321.000000
0.000000 3.000000 1.000000 1.000000 0.000000 5.000000 0.449176 0.003530 651332.000000
1.000000 3.000000 1.000000 1.000000 0.000000 9.000000 0.531009 0.005290 694705.000000
0.000000 4.000000 1.000000 1.000000 0.000000 9.000000 0.455203 0.003655 668766.000000
4.000000 2.000000 1.000000 1.000000 0.000000 7.000000 0.542746 0.005345 773575.000000
4.000000 0.000000 0.000000 0.000000 1.000000 4.000000 0.772375 0.006500 567707.000000
0.000000 4.000000 1.000000 2.000000 0.000000 6.000000 0.533691 0.003177 653989.000000
3.000000 5.000000 0.000000 2.000000 1.000000 9.000000 0.764878 0.009792 394427.000000
2.000000 0.000000 0.000000 2.000000 1.000000 8.000000 0.763934 0.004820 402679.000000
4.000000 2.000000 0.000000 1.000000 1.000000 0.000000 0.617216 0.005417 471127.000000
0.000000 3.000000 0.000000 1.000000 0.000000 3.000000 0.508049 0.002148 611416.000000
3.000000 3.000000 0.000000 1.000000 0.000000 6.000000 0.605905 0.006823 550855.000000
2.000000 4.000000 1.000000 2.000000 0.000000 4.000000 0.623016 0.003755 777132.000000
2.000000 0.000000 0.000000 2.000000 0.000000 6.000000 0.758911 0.002900 593898.000000
0.000000 4.000000 1.000000 2.000000 0.000000 1.000000 0.533691 0.003180 653989.000000
4.000000 5.000000 1.000000 2.000000 1.000000 9.000000 0.629299 0.007105 498323.000000
0.000000 0.000000 1.000000 0.000000 1.000000 0.000000 0.546448 0.005315 650163.000000
4.000000 0.000000 0.000000 0.000000 1.000000 8.000000 0.769867 0.006307 418958.000000
4.000000 0.000000 1.000000 2.000000 0.000000 2.000000 0.566722 0.005058 673622.000000
2.000000 4.000000 0.000000 2.000000 1.000000 0.000000 0.773379 0.004568 469389.000000
4.000000 1.000000 1.000000 2.000000 1.000000 4.000000 0.622966 0.006585 573301.000000
2.000000 5.000000 0.000000 0.000000 0.000000 9.000000 0.774438 0.003760 518882.000000
2.000000 2.000000 0.000000 0.000000 0.000000 0.000000 0.773952 0.003670 622892.000000
2.000000 0.000000 0.000000 1.000000 0.000000 3.000000 0.610450 0.002860 694480.000000
3.000000 5.000000 1.000000 1.000000 0.000000 1.000000 0.525099 0.008325 660952.000000
4.000000 5.000000 0.000000 0.000000 1.000000 4.000000 0.772836 0.006757 460274.000000
4.000000 3.000000 0.000000 2.000000 0.000000 4.000000 0.764812 0.003755 644732.000000
1.000000 1.000000 1.000000 0.000000 1.000000 2.000000 0.569596 0.006197 389299.000000
2.000000 2.000000 1.000000 1.000000 0.000000 8.000000 0.532106 0.004125 629105.000000
1.000000 2.000000 0.000000 0.000000 0.000000 6.000000 0.765217 0.004155 542287.000000
2.000000 5.000000 1.000000 1.000000 0.000000 9.000000 0.534098 0.004197 651973.000000
1.000000 0.000000 1.000000 0.000000 0.000000 8.000000 0.629350 0.005915 714011.000000
4.000000 3.000000 1.000000 0.000000 1.000000 5.000000 0.625295 0.007287 519707.000000
3.000000 0.000000 0.000000 0.000000 1.000000 2.000000 0.682027 0.009317 396633.000000
1.000000 4.000000 0.000000 2.000000 1.000000 9.000000 0.768778 0.005795 416611.000000
0.000000 3.000000 0.000000 1.000000 0.000000 0.000000 0.510888 0.002550 595243.000000
3.000000 2.000000 0.000000 1.000000 1.000000 7.000000 0.000000 0.000000 495443.000000
3.000000 0.000000 1.000000 2.000000 0.000000 2.000000 0.000000 0.000000 690429.000000
4.000000 3.000000 0.000000 0.000000 1.000000 4.000000 0.000000 0.000000 494082.000000
1.000000 5.000000 1.000000 1.000000 1.000000 4.000000 0.000000 0.000000 572231.000000
0.000000 4.000000 1.000000 1.000000 0.000000 6.000000 0.446528 0.003160 649411.000000
1.000000 0.000000 0.000000 1.000000 1.000000 1.000000 0.605973 0.005025 442280.000000
3.000000 5.000000 1.000000 0.000000 1.000000 3.000000 0.626011 0.010828 593016.000000
4.000000 1.000000 0.000000 1.000000 0.000000 4.000000 0.828580 0.003407 607253.000000
3.000000 0.000000 1.000000 2.000000 0.000000 9.000000 0.625878 0.009595 784332.000000
3.000000 1.000000 0.000000 2.000000 0.000000 2.000000 0.678077 0.007165 447940.000000
3.000000 4.000000 0.000000 0.000000 1.000000 7.000000 0.774557 0.009963 517578.000000
2.000000 1.000000 0.000000 1.000000 1.000000 0.000000 0.616872 0.004417 426385.000000
1.000000 5.000000 0.000000 2.000000 0.000000 5.000000 0.767984 0.003933 505537.000000
0.000000 2.000000 0.000000 2.000000 0.000000 5.000000 0.656716 0.002468 512462.000000
1.000000 2.000000 0.000000 1.000000 1.000000 8.000000 0.608198 0.005332 328191.000000
4.000000 5.000000 0.000000 2.000000 0.000000 9.000000 0.765403 0.004275 524681.000000
2.000000 0.000000 0.000000 0.000000 1.000000 4.000000 0.772617 0.005515 555941.000000
2.000000 5.000000 1.000000 1.000000 1.000000 3.000000 0.530263 0.005418 577396.000000
1.000000 1.000000 0.000000 0.000000 0.000000 9.000000 0.772650 0.004715 528156.000000
3.000000 3.000000 0.000000 0.000000 0.000000 7.000000 0.775651 0.008430 656952.000000
4.000000 5.000000 1.000000 2.000000 0.000000 5.000000 0.618794 0.005090 651001.000000
4.000000 5.000000 1.000000 2.000000 1.000000 4.000000 0.623424 0.007122 578533.000000
3.000000 4.000000 1.000000 1.000000 0.000000 1.000000 0.524965 0.008430 693774.000000
2.000000 3.000000 0.000000 0.000000 0.000000 6.000000 0.764757 0.003203 532872.000000
1.000000 4.000000 0.000000 1.000000 0.000000 4.000000 0.609514 0.003590 637806.000000
3.000000 1.000000 1.000000 1.000000 0.000000 1.000000 0.524921 0.008363 660952.000000
1.000000 5.000000 0.000000 2.000000 1.000000 5.000000 0.772755 0.005930 358084.000000
2.000000 1.000000 1.000000 2.000000 1.000000 0.000000 0.626255 0.005278 552591.000000
4.000000 0.000000 0.000000 0.000000 1.000000 5.000000 0.778611 0.006253 471738.000000
1.000000 1.000000 1.000000 2.000000 0.000000 4.000000 0.622748 0.004710 752808.000000
1.000000 4.000000 1.000000 2.000000 1.000000 4.000000 0.623370 0.006670 616639.000000
2.000000 5.000000 1.000000 0.000000 1.000000 2.000000 0.568571 0.005655 384798.000000
1.000000 2.000000 0.000000 2.000000 1.000000 5.000000 0.772728 0.005465 386613.000000
1.000000 0.000000 1.000000 0.000000 0.000000 4.000000 0.625957 0.005477 857229.000000
3.000000 4.000000 0.000000 2.000000 1.000000 4.000000 0.766387 0.009305 513481.000000
3.000000 0.000000 0.000000 2.000000 1.000000 0.000000 0.766860 0.009360 571714.000000
4.000000 1.000000 1.000000 1.000000 0.000000 4.000000 0.529104 0.004675 750675.000000
4.000000 2.000000 0.000000 0.000000 1.000000 3.000000 0.772375 0.005600 483226.000000
3.000000 1.000000 1.000000 0.000000 1.000000 0.000000 0.629592 0.010802 584985.000000
0.000000 3.000000 1.000000 2.000000 1.000000 6.000000 0.533691 0.005873 495968.000000
1.000000 0.000000 1.000000 1.000000 1.000000 1.000000 0.525007 0.005927 566514.000000
3.000000 0.000000 1.000000 1.000000 1.000000 9.000000 0.535617 0.010360 617256.000000
3.000000 4.000000 1.000000 2.000000 0.000000 5.000000 0.622095 0.009155 701029.000000
1.000000 5.000000 0.000000 2.000000 1.000000 0.000000 0.773269 0.006020 445604.000000
2.000000 4.000000 0.000000 1.000000 0.000000 4.000000 0.610450 0.002722 628560.000000
3.000000 0.000000 1.000000 2.000000 0.000000 7.000000 0.636271 0.009643 861191.000000
2.000000 5.000000 0.000000 2.000000 0.000000 2.000000 0.677923 0.002680 419963.000000
1.000000 0.000000 0.000000 2.000000 1.000000 2.000000 0.678730 0.005280 372706.000000
0.000000 2.000000 1.000000 2.000000 1.000000 8.000000 0.542477 0.004937 428627.000000
2.000000 0.000000 0.000000 1.000000 0.000000 9.000000 0.612967 0.003427 608027.000000
0.000000 3.000000 0.000000 1.000000 1.000000 1.000000 0.504068 0.003895 343204.000000
1.000000 2.000000 0.000000 1.000000 0.000000 1.000000 0.604756 0.003570 532609.000000
3.000000 4.000000 0.000000 1.000000 0.000000 1.000000 0.605905 0.006825 550855.000000
0.000000 5.000000 1.000000 2.000000 0.000000 4.000000 0.537938 0.003123 726922.000000
0.000000 2.000000 1.000000 0.000000 1.000000 3.000000 0.541113 0.004880 597186.000000
0.000000 4.000000 0.000000 0.000000 0.000000 3.000000 0.659207 0.002630 621205.000000
4.000000 2.000000 0.000000 2.000000 0.000000 5.000000 0.767424 0.004067 540628.000000
4.000000 5.000000 0.000000 1.000000 1.000000 9.000000 0.615038 0.006065 372812.000000
1.000000 3.000000 0.000000 1.000000 1.000000 8.000000 0.608198 0.005867 333044.000000
2.000000 5.000000 0.000000 1.000000 1.000000 8.000000 0.605414 0.004922 290487.000000
0.000000 1.000000 0.000000 2.000000 1.000000 0.000000 0.657652 0.003875 412990.000000
1.000000 1.000000 0.000000 0.000000 1.000000 4.000000 0.771893 0.006168 453701.000000
1.000000 4.000000 0.000000 1.000000 0.000000 1.000000 0.604756 0.003567 532609.000000
1.000000 2.000000 1.000000 1.000000 0.000000 1.000000 0.524276 0.004665 675560.000000
4.000000 0.000000 0.000000 0.000000 1.000000 2.000000 0.682096 0.005792 379521.000000
0.000000 2.000000 1.000000 0.000000 1.000000 4.000000 0.541113 0.005567 602993.000000
2.000000 5.000000 1.000000 2.000000 1.000000 4.000000 0.622603 0.005982 567666.000000
4.000000 2.000000 0.000000 0.000000 0.000000 0.000000 0.774250 0.004655 634094.000000
3.000000 2.000000 0.000000 1.000000 1.000000 6.000000 0.605903 0.008765 390285.000000
0.000000 3.000000 0.000000 1.000000 0.000000 7.000000 0.510891 0.002757 602076.000000
4.000000 3.000000 1.000000 0.000000 0.000000 2.000000 0.568743 0.005347 613040.000000
0.000000 0.000000 0.000000 2.000000 0.000000 4.000000 0.653903 0.002358 682387.000000
3.000000 5.000000 0.000000 0.000000 0.000000 8.000000 0.769315 0.008162 490063.000000
4.000000 4.000000 0.000000 2.000000 1.000000 3.000000 0.766456 0.005155 490882.000000
0.000000 5.000000 0.000000 2.000000 0.000000 8.000000 0.653551 0.002520 441256.000000
3.000000 0.000000 1.000000 1.000000 0.000000 3.000000 0.530172 0.008632 865747.000000
1.000000 5.000000 1.000000 2.000000 0.000000 3.000000 0.622968 0.004715 752808.000000
3.000000 5.000000 1.000000 1.000000 0.000000 6.000000 0.000000 0.000000 660952.000000
0.000000 2.000000 0.000000 1.000000 0.000000 8.000000 0.000000 0.000000 469242.000000
3.000000 1.000000 0.000000 0.000000 0.000000 1.000000 0.000000 0.000000 527315.000000
0.000000 2.000000 0.000000 0.000000 0.000000 6.000000 0.000000 0.000000 516191.000000
0.000000 3.000000 0.000000 1.000000 0.000000 9.000000 0.508220 0.002723 524990.000000
2.000000 0.000000 1.000000 2.000000 1.000000 8.000000 0.626810 0.005542 523448.000000
0.000000 4.000000 0.000000 1.000000 0.000000 5.000000 0.510017 0.002445 507506.000000
1.000000 2.000000 1.000000 2.000000 1.000000 1.000000 0.000000 0.000000 492933.000000
0.000000 2.000000 0.000000 0.000000 0.000000 8.000000 0.658880 0.003093 478665.000000
1.000000 4.000000 0.000000 2.000000 0.000000 8.000000 0.000000 0.000000 500572.000000
1.000000 3.000000 0.000000 1.000000 0.000000 0.000000 0.000000 0.000000 622197.000000
3.000000 0.000000 1.000000 0.000000 0.000000 1.000000 0.621239 0.009230 770552.000000
3.000000 3.000000 0.000000 0.000000 1.000000 5.000000 0.000000 0.000000 414998.000000
3.000000 5.000000 1.000000 2.000000 1.000000 7.000000 0.000000 0.000000 591846.000000
0.000000 4.000000 1.000000 2.000000 1.000000 5.000000 0.000000 0.000000 493133.000000
1.000000 5.000000 1.000000 1.000000 1.000000 0.000000 0.533000 0.006688 563259.000000
1.000000 2.000000 1.000000 0.000000 0.000000 3.000000 0.625957 0.005295 791554.000000
4.000000 4.000000 0.000000 0.000000 0.000000 0.000000 0.000000 0.000000 634094.000000
0.000000 1.000000 0.000000 1.000000 1.000000 9.000000 0.000000 0.000000 338123.000000
3.000000 4.000000 0.000000 0.000000 0.000000 1.000000 0.000000 0.000000 560199.000000
1.000000 1.000000 1.000000 0.000000 0.000000 2.000000 0.000000 0.000000 578178.000000
2.000000 0.000000 1.000000 0.000000 0.000000 3.000000 0.626567 0.004403 848482.000000
2.000000 3.000000 0.000000 1.000000 1.000000 9.000000 0.612987 0.005193 394329.000000
1.000000 1.000000 1.000000 1.000000 0.000000 0.000000 0.000000 0.000000 732571.000000
1.000000 4.000000 1.000000 0.000000 0.000000 2.000000 0.000000 0.000000 611265.000000
0.000000 3.000000 0.000000 0.000000 1.000000 6.000000 0.000000 0.000000 357070.000000
1.000000 2.000000 0.000000 1.000000 1.000000 3.000000 0.611116 0.004853 470278.000000
4.000000 5.000000 0.000000 2.000000 1.000000 0.000000 0.000000 0.000000 447900.000000
1.000000 0.000000 1.000000 1.000000 0.000000 3.000000 0.000000 0.000000 847563.000000
4.000000 4.000000 1.000000 2.000000 0.000000 1.000000 0.617048 0.004842 682454.000000
2.000000 3.000000 1.000000 1.000000 0.000000 0.000000 0.556545 0.004067 756185.000000
2.000000 5.000000 0.000000 1.000000 0.000000 7.000000 0.000000 0.002322 585956.000000
1.000000 0.000000 1.000000 1.000000 1.000000 8.000000 0.532777 0.006365 528750.000000
2.000000 0.000000 1.000000 2.000000 0.000000 2.000000 0.566812 0.003925 661968.000000
2.000000 5.000000 1.000000 2.000000 0.000000 8.000000 0.625957 0.004108 600625.000000
4.000000 5.000000 0.000000 0.000000 1.000000 7.000000 0.773748 0.006785 458890.000000
0.000000 1.000000 0.000000 0.000000 0.000000 8.000000 0.658880 0.003005 445712.000000
3.000000 0.000000 1.000000 0.000000 1.000000 0.000000 0.630228 0.011105 696292.000000
1.000000 1.000000 1.000000 2.000000 0.000000 1.000000 0.617014 0.004700 647331.000000
2.000000 2.000000 1.000000 2.000000 0.000000 4.000000 0.623016 0.003760 777132.000000
3.000000 3.000000 0.000000 2.000000 1.000000 2.000000 0.678661 0.009113 320211.000000
3.000000 4.000000 0.000000 2.000000 1.000000 6.000000 0.760505 0.009295 407125.000000
1.000000 2.000000 0.000000 2.000000 1.000000 9.000000 0.768778 0.005735 403759.000000
1.000000 0.000000 0.000000 1.000000 1.000000 9.000000 0.613090 0.005727 476131.000000
3.000000 4.000000 1.000000 0.000000 0.000000 1.000000 0.621239 0.009348 704545.000000
0.000000 1.000000 1.000000 0.000000 0.000000 2.000000 0.496519 0.003540 551954.000000
0.000000 1.000000 0.000000 1.000000 1.000000 3.000000 0.508049 0.003298 409477.000000
4.000000 1.000000 1.000000 0.000000 1.000000 9.000000 0.631537 0.006918 497812.000000
3.000000 5.000000 1.000000 0.000000 0.000000 7.000000 0.640662 0.009925 766654.000000
4.000000 0.000000 0.000000 1.000000 1.000000 4.000000 0.611158 0.005802 557362.000000
3.000000 0.000000 0.000000 2.000000 1.000000 3.000000 0.766387 0.008740 572858.000000
0.000000 2.000000 1.000000 0.000000 0.000000 4.000000 0.541113 0.003540 765176.000000
4.000000 3.000000 0.000000 0.000000 0.000000 6.000000 0.765217 0.004200 544182.000000
2.000000 1.000000 1.000000 2.000000 0.000000 3.000000 0.622963 0.003685 744284.000000
2.000000 4.000000 0.000000 0.000000 0.000000 6.000000 0.764757 0.003200 532872.000000
4.000000 2.000000 1.000000 0.000000 1.000000 0.000000 0.631889 0.006837 602657.000000
0.000000 5.000000 1.000000 0.000000 1.000000 4.000000 0.541103 0.005992 574690.000000
4.000000 3.000000 0.000000 2.000000 0.000000 7.000000 0.772302 0.004383 634843.000000
3.000000 5.000000 1.000000 1.000000 0.000000 5.000000 0.527369 0.008685 663237.000000
2.000000 4.000000 1.000000 0.000000 1.000000 2.000000 0.568656 0.005300 425519.000000
3.000000 4.000000 1.000000 0.000000 1.000000 3.000000 0.626902 0.010452 633653.000000
3.000000 5.000000 1.000000 1.000000 0.000000 9.000000 0.532116 0.008960 679462.000000
0.000000 2.000000 0.000000 2.000000 0.000000 4.000000 0.653903 0.002176 616484.000000
3.000000 5.000000 1.000000 1.000000 0.000000 2.000000 0.501767 0.008365 586661.000000
2.000000 5.000000 1.000000 2.000000 1.000000 2.000000 0.566558 0.005268 380417.000000
2.000000 5.000000 0.000000 0.000000 0.000000 1.000000 0.765393 0.003128 499202.000000
0.000000 5.000000 1.000000 0.000000 0.000000 7.000000 0.553755 0.004078 721858.000000
0.000000 2.000000 0.000000 2.000000 0.000000 8.000000 0.653551 0.002613 474584.000000
2.000000 5.000000 0.000000 0.000000 1.000000 8.000000 0.770638 0.005550 300823.000000
4.000000 5.000000 1.000000 0.000000 0.000000 5.000000 0.619574 0.005600 656241.000000
4.000000 5.000000 1.000000 2.000000 0.000000 1.000000 0.616958 0.004733 649197.000000
4.000000 2.000000 1.000000 1.000000 0.000000 1.000000 0.524276 0.004712 677629.000000
3.000000 0.000000 0.000000 1.000000 1.000000 0.000000 0.610557 0.008873 566351.000000
3.000000 2.000000 1.000000 2.000000 1.000000 9.000000 0.629386 0.010630 543676.000000
4.000000 5.000000 0.000000 1.000000 1.000000 8.000000 0.608196 0.005850 301953.000000
0.000000 0.000000 1.000000 2.000000 1.000000 0.000000 0.542953 0.004920 646131.000000
2.000000 3.000000 1.000000 1.000000 0.000000 5.000000 0.527838 0.004013 668262.000000
2.000000 3.000000 0.000000 0.000000 1.000000 0.000000 0.000000 0.000000 474396.000000
0.000000 3.000000 1.000000 2.000000 0.000000 4.000000 0.537940 0.003240 760165.000000
0.000000 5.000000 0.000000 0.000000 1.000000 5.000000 0.662060 0.004798 334162.000000
4.000000 5.000000 0.000000 2.000000 0.000000 8.000000 0.761934 0.004150 469250.000000
1.000000 3.000000 1.000000 2.000000 0.000000 9.000000 0.624778 0.005405 699058.000000
1.000000 2.000000 1.000000 1.000000 1.000000 1.000000 0.525007 0.005675 488677.000000
0.000000 1.000000 1.000000 1.000000 0.000000 2.000000 0.432619 0.003053 541639.000000
4.000000 4.000000 0.000000 0.000000 1.000000 8.000000 0.769867 0.006152 352939.000000
2.000000 1.000000 0.000000 2.000000 1.000000 4.000000 0.766655 0.004745 439295.000000
1.000000 1.000000 1.000000 2.000000 1.000000 7.000000 0.635659 0.006550 567920.000000
3.000000 2.000000 1.000000 1.000000 1.000000 0.000000 0.533405 0.010003 609370.000000
4.000000 5.000000 0.000000 2.000000 1.000000 7.000000 0.769801 0.006270 454526.000000
3.000000 5.000000 0.000000 0.000000 0.000000 7.000000 0.775143 0.008335 623279.000000
1.000000 4.000000 1.000000 1.000000 1.000000 8.000000 0.532777 0.006215 462749.000000
3.000000 3.000000 1.000000 1.000000 1.000000 2.000000 0.502199 0.010072 436998.000000
4.000000 0.000000 0.000000 1.000000 1.000000 9.000000 0.613090 0.005780 479653.000000
2.000000 1.000000 0.000000 0.000000 1.000000 4.000000 0.772463 0.005235 444247.000000
2.000000 5.000000 0.000000 2.000000 0.000000 3.000000 0.765518 0.002697 600668.000000
2.000000 3.000000 0.000000 2.000000 1.000000 4.000000 0.766698 0.005355 477679.000000
4.000000 1.000000 1.000000 0.000000 1.000000 4.000000 0.626938 0.006980 577628.000000
2.000000 0.000000 1.000000 2.000000 1.000000 5.000000 0.620487 0.005482 575421.000000
4.000000 5.000000 1.000000 1.000000 1.000000 9.000000 0.531751 0.006902 494657.000000
3.000000 4.000000 0.000000 2.000000 1.000000 8.000000 0.767524 0.009155 364736.000000
0.000000 4.000000 1.000000 0.000000 0.000000 1.000000 0.536847 0.003633 659304.000000
3.000000 2.000000 1.000000 1.000000 1.000000 9.000000 0.535617 0.010115 538960.000000
3.000000 1.000000 0.000000 1.000000 0.000000 3.000000 0.611084 0.006768 623436.000000
2.000000 1.000000 0.000000 0.000000 0.000000 7.000000 0.776725 0.003807 595097.000000
2.000000 5.000000 1.000000 2.000000 0.000000 6.000000 0.000000 0.000000 637938.000000
2.000000 3.000000 1.000000 0.000000 0.000000 7.000000 0.000000 0.000000 772215.000000
1.000000 1.000000 0.000000 1.000000 0.000000 2.000000 0.000000 0.000000 424296.000000
1.000000 3.000000 1.000000 2.000000 0.000000 7.000000 0.636569 0.005258 776859.000000
0.000000 2.000000 1.000000 2.000000 0.000000 9.000000 0.543198 0.003680 673612.000000
2.000000 3.000000 1.000000 2.000000 1.000000 9.000000 0.628097 0.006130 520306.000000
3.000000 1.000000 0.000000 2.000000 0.000000 0.000000 0.000000 0.000000 611886.000000
4.000000 5.000000 1.000000 2.000000 0.000000 7.000000 0.000000 0.000000 744579.000000
3.000000 5.000000 0.000000 0.000000 0.000000 2.000000 0.000000 0.000000 452560.000000
3.000000 4.000000 0.000000 0.000000 1.000000 5.000000 0.000000 0.000000 422261.000000
4.000000 0.000000 0.000000 1.000000 1.000000 5.000000 0.616808 0.005407 461937.000000
2.000000 3.000000 1.000000 1.000000 0.000000 7.000000 0.000000 0.000000 762279.000000
2.000000 4.000000 1.000000 1.000000 1.000000 3.000000 0.000000 0.000000 596899.000000
1.000000 2.000000 1.000000 1.000000 0.000000 7.000000 0.000000 0.000000 772140.000000
2.000000 5.000000 1.000000 1.000000 0.000000 2.000000 0.000000 0.000000 540266.000000
2.000000 2.000000 1.000000 0.000000 1.000000 4.000000 0.000000 0.000000 600247.000000
4.000000 4.000000 1.000000 2.000000 1.000000 0.000000 0.000000 0.000000 610208.000000
0.000000 5.000000 0.000000 1.000000 1.000000 1.000000 0.000000 0.000000 309668.000000
2.000000 2.000000 0.000000 0.000000 1.000000 0.000000 0.000000 0.000000 469690.000000
1.000000 2.000000 1.000000 1.000000 0.000000 0.000000 0.000000 0.000000 765958.000000
4.000000 3.000000 1.000000 2.000000 0.000000 9.000000 0.000000 0.000000 700669.000000
1.000000 1.000000 0.000000 1.000000 0.000000 5.000000 0.613098 0.003830 500231.000000
1.000000 1.000000 1.000000 1.000000 1.000000 7.000000 0.000000 0.000000 0.000000
0.000000 1.000000 0.000000 0.000000 1.000000 3.000000 0.659207 0.000000 419691.000000
3.000000 1.000000 0.000000 2.000000 1.000000 2.000000 0.000000 0.000000 0.000000
0.000000 1.000000 0.000000 2.000000 1.000000 7.000000 0.657791 0.004098 419695.000000
4.000000 0.000000 1.000000 0.000000 1.000000 0.000000 0.631889 0.007082 680406.000000
4.000000 1.000000 1.000000 1.000000 0.000000 8.000000 0.532000 0.005100 607406.000000
0.000000 1.000000 0.000000 1.000000 1.000000 0.000000 0.510888 0.003792 407932.000000
2.000000 2.000000 0.000000 1.000000 1.000000 2.000000 0.569055 0.003970 280799.000000
2.000000 3.000000 0.000000 2.000000 1.000000 8.000000 0.763934 0.005112 329136.000000
4.000000 2.000000 1.000000 0.000000 1.000000 5.000000 0.625295 0.006765 514089.000000
4.000000 3.000000 1.000000 1.000000 1.000000 2.000000 0.502240 0.006318 420573.000000
1.000000 4.000000 0.000000 1.000000 0.000000 6.000000 0.604756 0.003567 532609.000000
1.000000 1.000000 0.000000 2.000000 1.000000 1.000000 0.760141 0.004942 335981.000000
0.000000 4.000000 0.000000 2.000000 1.000000 2.000000 0.586115 0.003500 280539.000000
1.000000 5.000000 1.000000 1.000000 1.000000 5.000000 0.522461 0.006592 475369.000000
3.000000 2.000000 0.000000 1.000000 1.000000 8.000000 0.611714 0.008620 346661.000000
1.000000 5.000000 0.000000 1.000000 0.000000 8.000000 0.606943 0.003973 461888.000000
4.000000 1.000000 0.000000 0.000000 0.000000 4.000000 0.771440 0.004162 616782.000000
2.000000 3.000000 0.000000 0.000000 0.000000 0.000000 0.773952 0.003670 622892.000000
3.000000 2.000000 0.000000 2.000000 0.000000 6.000000 0.760526 0.007200 555534.000000
3.000000 2.000000 0.000000 2.000000 1.000000 6.000000 0.760505 0.009243 395025.000000
1.000000 2.000000 1.000000 2.000000 0.000000 7.000000 0.636569 0.005455 776859.000000
4.000000 4.000000 0.000000 0.000000 1.000000 6.000000 0.766435 0.006292 394967.000000
2.000000 0.000000 1.000000 2.000000 1.000000 7.000000 0.637067 0.005742 670274.000000
4.000000 4.000000 0.000000 2.000000 1.000000 9.000000 0.768778 0.005845 419205.000000
3.000000 1.000000 0.000000 0.000000 0.000000 9.000000 0.774492 0.008310 546252.000000
1.000000 4.000000 0.000000 1.000000 1.000000 2.000000 0.570260 0.004913 302561.000000
4.000000 1.000000 1.000000 2.000000 0.000000 5.000000 0.618252 0.005088 651001.000000
1.000000 2.000000 1.000000 0.000000 0.000000 7.000000 0.641602 0.005925 781136.000000
2.000000 2.000000 1.000000 2.000000 1.000000 7.000000 0.637067 0.005570 592293.000000
2.000000 4.000000 1.000000 0.000000 1.000000 9.000000 0.631119 0.005965 532532.000000
4.000000 5.000000 0.000000 1.000000 0.000000 8.000000 0.607957 0.004023 464349.000000
0.000000 4.000000 1.000000 1.000000 1.000000 0.000000 0.454825 0.004633 577124.000000
2.000000 4.000000 0.000000 1.000000 1.000000 3.000000 0.611318 0.004053 474183.000000
1.000000 5.000000 0.000000 0.000000 0.000000 4.000000 0.770414 0.004115 614596.000000
0.000000 1.000000 1.000000 1.000000 0.000000 3.000000 0.450419 0.003100 722093.000000
4.000000 4.000000 1.000000 1.000000 0.000000 7.000000 0.542746 0.005345 773575.000000
2.000000 3.000000 1.000000 1.000000 1.000000 6.000000 0.525118 0.005890 489976.000000
3.000000 2.000000 0.000000 1.000000 1.000000 9.000000 0.614200 0.008838 417273.000000
1.000000 5.000000 1.000000 2.000000 1.000000 6.000000 0.615232 0.007013 470043.000000
0.000000 5.000000 1.000000 0.000000 1.000000 9.000000 0.546770 0.005647 473366.000000
2.000000 1.000000 0.000000 2.000000 1.000000 5.000000 0.767465 0.004435 343340.000000
2.000000 1.000000 1.000000 0.000000 1.000000 2.000000 0.568626 0.005122 379953.000000
3.000000 0.000000 0.000000 2.000000 0.000000 7.000000 0.769751 0.008027 717746.000000
2.000000 4.000000 0.000000 0.000000 1.000000 5.000000 0.000000 0.000000 0.000000
3.000000 2.000000 0.000000 1.000000 0.000000 3.000000 0.000000 0.000000 656565.000000
1.000000 4.000000 0.000000 1.000000 0.000000 2.000000 0.569256 0.003502 453822.000000
0.000000 3.000000 1.000000 1.000000 1.000000 5.000000 0.000000 0.000000 481006.000000
1.000000 2.000000 0.000000 1.000000 1.000000 1.000000 0.000000 0.000000 364146.000000
2.000000 3.000000 0.000000 2.000000 0.000000 9.000000 0.000000 0.000000 546705.000000
4.000000 4.000000 1.000000 2.000000 0.000000 3.000000 0.622409 0.004680 769153.000000
3.000000 5.000000 0.000000 1.000000 0.000000 7.000000 0.613457 0.007337 608317.000000
4.000000 0.000000 0.000000 2.000000 1.000000 4.000000 0.000000 0.000000 562981.000000
2.000000 5.000000 1.000000 1.000000 1.000000 2.000000 0.510787 0.002672 568671.000000
2.000000 4.000000 0.000000 2.000000 0.000000 7.000000 0.610557 0.008730 500005.000000
2.000000 2.000000 0.000000 1.000000 0.000000 7.000000 0.000000 0.000000 544182.000000
4.000000 0.000000 1.000000 1.000000 0.000000 6.000000 0.605903 0.008063 382738.000000
1.000000 4.000000 0.000000 0.000000 1.000000 1.000000 0.000000 0.000000 386861.000000
2.000000 1.000000 1.000000 1.000000 0.000000 9.000000 0.000000 0.000000 651973.000000
1.000000 2.000000 1.000000 0.000000 1.000000 1.000000 0.000000 0.000000 497046.000000
1.000000 3.000000 0.000000 0.000000 0.000000 2.000000 0.000000 0.000000 467321.000000
2.000000 2.000000 1.000000 0.000000 1.000000 2.000000 0.000000 0.000000 413066.000000
4.000000 0.000000 1.000000 1.000000 1.000000 0.000000 0.000000 0.000000 671166.000000
4.000000 1.000000 0.000000 2.000000 1.000000 1.000000 0.000000 0.000000 338010.000000
0.000000 2.000000 1.000000 0.000000 1.000000 9.000000 0.000000 0.000000 0.000000
2.000000 0.000000 0.000000 0.000000 0.000000 3.000000 0.000000 0.000000 699425.000000
3.000000 1.000000 0.000000 1.000000 0.000000 4.000000 0.000000 0.000000 0.000000
1.000000 4.000000 1.000000 0.000000 0.000000 9.000000 0.627797 0.005610 684471.000000
1.000000 1.000000 1.000000 0.000000 0.000000 1.000000 0.620545 0.004880 632571.000000
1.000000 5.000000 1.000000 2.000000 0.000000 7.000000 0.000000 0.000000 0.000000
2.000000 4.000000 1.000000 1.000000 0.000000 0.000000 0.000000 0.000000 756185.000000
4.000000 2.000000 0.000000 1.000000 1.000000 4.000000 0.000000 0.000000 479224.000000
0.000000 0.000000 0.000000 1.000000 1.000000 2.000000 0.000000 0.000000 340550.000000
3.000000 1.000000 0.000000 0.000000 0.000000 0.000000 0.000000 0.000000 616424.000000
1.000000 1.000000 0.000000 0.000000 1.000000 3.000000 0.000000 0.000000 447116.000000
3.000000 2.000000 0.000000 1.000000 0.000000 0.000000 0.617146 0.000000 635365.000000
4.000000 1.000000 1.000000 2.000000 0.000000 7.000000 0.638036 0.005385 744579.000000
0.000000 4.000000 0.000000 2.000000 0.000000 9.000000 0.000000 0.000000 529965.000000
4.000000 4.000000 1.000000 1.000000 0.000000 5.000000 0.000000 0.000000 678838.000000
1.000000 1.000000 0.000000 1.000000 0.000000 0.000000 0.000000 0.000000 588620.000000
4.000000 4.000000 1.000000 2.000000 0.000000 5.000000 0.000000 0.000000 684049.000000
1.000000 5.000000 0.000000 1.000000 1.000000 7.000000 0.000000 0.000000 447251.000000
4.000000 0.000000 0.000000 0.000000 0.000000 8.000000 0.769624 0.004845 573456.000000
4.000000 0.000000 0.000000 1.000000 0.000000 1.000000 0.604756 0.003652 596285.000000
2.000000 0.000000 0.000000 2.000000 0.000000 1.000000 0.000000 0.000000 593898.000000
2.000000 2.000000 1.000000 2.000000 0.000000 7.000000 0.000000 0.000000 0.000000
1.000000 0.000000 1.000000 0.000000 1.000000 3.000000 0.000000 0.000000 0.000000
1.000000 3.000000 0.000000 0.000000 0.000000 6.000000 0.000000 0.000000 542287.000000
3.000000 5.000000 0.000000 1.000000 0.000000 1.000000 0.000000 0.000000 0.000000
2.000000 0.000000 1.000000 1.000000 1.000000 5.000000 0.000000 0.000000 572426.000000
3.000000 2.000000 0.000000 1.000000 0.000000 6.000000 0.605905 0.006825 550855.000000
2.000000 3.000000 1.000000 0.000000 0.000000 2.000000 0.000000 0.000000 602038.000000
0.000000 0.000000 1.000000 0.000000 0.000000 6.000000 0.000000 0.000000 725164.000000
4.000000 0.000000 1.000000 1.000000 0.000000 4.000000 0.529227 0.004900 849502.000000
1.000000 0.000000 1.000000 1.000000 0.000000 8.000000 0.000000 0.000000 705344.000000
1.000000 4.000000 0.000000 0.000000 0.000000 9.000000 0.000000 0.000000 561147.000000
3.000000 1.000000 1.000000 2.000000 1.000000 3.000000 0.000000 0.000000 583640.000000
2.000000 3.000000 1.000000 1.000000 0.000000 4.000000 0.000000 0.000000 771821.000000
4.000000 4.000000 0.000000 2.000000 1.000000 1.000000 0.000000 0.000000 383855.000000
4.000000 5.000000 0.000000 0.000000 1.000000 2.000000 0.000000 0.000000 273224.000000
4.000000 4.000000 1.000000 0.000000 1.000000 3.000000 0.000000 0.000000 617371.000000
0.000000 4.000000 1.000000 1.000000 0.000000 3.000000 0.000000 0.000000 737495.000000
0.000000 4.000000 1.000000 0.000000 1.000000 3.000000 0.000000 0.000000 608903.000000
1.000000 4.000000 1.000000 2.000000 1.000000 3.000000 0.623370 0.005998 610735.000000
2.000000 2.000000 0.000000 1.000000 1.000000 0.000000 0.617024 0.004490 459953.000000
1.000000 2.000000 1.000000 1.000000 0.000000 8.000000 0.532366 0.005128 638625.000000
2.000000 5.000000 1.000000 1.000000 1.000000 1.000000 0.525106 0.005378 469703.000000
4.000000 5.000000 0.000000 2.000000 1.000000 2.000000 0.679041 0.005530 269103.000000
4.000000 2.000000 1.000000 0.000000 0.000000 8.000000 0.629350 0.005785 650906.000000
4.000000 1.000000 0.000000 2.000000 0.000000 2.000000 0.678578 0.003673 431192.000000
1.000000 4.000000 0.000000 2.000000 0.000000 7.000000 0.772302 0.004335 632920.000000
4.000000 5.000000 1.000000 0.000000 1.000000 7.000000 0.640338 0.007510 580112.000000
2.000000 0.000000 1.000000 0.000000 1.000000 7.000000 0.641740 0.006128 674943.000000
4.000000 0.000000 1.000000 2.000000 0.000000 7.000000 0.636569 0.005653 844184.000000
0.000000 4.000000 1.000000 1.000000 1.000000 1.000000 0.446528 0.004587 493003.000000
4.000000 2.000000 1.000000 0.000000 1.000000 6.000000 0.621280 0.007040 505570.000000
2.000000 2.000000 0.000000 1.000000 1.000000 3.000000 0.611318 0.003992 461035.000000
1.000000 3.000000 0.000000 2.000000 0.000000 2.000000 0.677726 0.003700 462935.000000
0.000000 0.000000 1.000000 0.000000 1.000000 7.000000 0.553758 0.005532 656857.000000
4.000000 3.000000 1.000000 2.000000 1.000000 8.000000 0.626233 0.006972 462543.000000
0.000000 0.000000 0.000000 0.000000 0.000000 5.000000 0.662060 0.003140 583243.000000
4.000000 5.000000 1.000000 1.000000 1.000000 2.000000 0.502200 0.006242 387591.000000
0.000000 2.000000 1.000000 1.000000 0.000000 3.000000 0.450422 0.003203 755448.000000
4.000000 3.000000 1.000000 0.000000 0.000000 5.000000 0.621974 0.005675 689373.000000
4.000000 2.000000 1.000000 0.000000 0.000000 2.000000 0.568743 0.005347 613040.000000
0.000000 0.000000 1.000000 2.000000 0.000000 7.000000 0.550535 0.003922 815949.000000
3.000000 3.000000 1.000000 0.000000 1.000000 4.000000 0.626902 0.011623 632557.000000
4.000000 0.000000 1.000000 1.000000 1.000000 2.000000 0.502240 0.005987 494053.000000
1.000000 0.000000 1.000000 2.000000 0.000000 7.000000 0.636569 0.005593 842082.000000
1.000000 1.000000 1.000000 1.000000 0.000000 9.000000 0.531571 0.005185 661308.000000
1.000000 4.000000 0.000000 0.000000 1.000000 9.000000 0.774642 0.006320 420577.000000
3.000000 0.000000 1.000000 2.000000 1.000000 4.000000 0.623354 0.010897 701010.000000
2.000000 0.000000 1.000000 1.000000 1.000000 0.000000 0.533835 0.005403 660391.000000
0.000000 2.000000 1.000000 0.000000 0.000000 1.000000 0.536847 0.003637 659304.000000
2.000000 4.000000 1.000000 0.000000 1.000000 4.000000 0.627095 0.005998 612162.000000
0.000000 1.000000 1.000000 1.000000 0.000000 1.000000 0.446528 0.003047 616445.000000
4.000000 3.000000 1.000000 0.000000 1.000000 4.000000 0.626944 0.007615 615692.000000
4.000000 5.000000 0.000000 0.000000 1.000000 3.000000 0.772375 0.006045 454976.000000
2.000000 0.000000 0.000000 1.000000 1.000000 6.000000 0.606170 0.004847 439628.000000
2.000000 3.000000 1.000000 2.000000 1.000000 8.000000 0.626810 0.005850 451184.000000
0.000000 5.000000 0.000000 0.000000 1.000000 8.000000 0.658880 0.004853 281937.000000
4.000000 1.000000 1.000000 0.000000 0.000000 0.000000 0.629218 0.005678 743519.000000
3.000000 4.000000 1.000000 1.000000 0.000000 7.000000 0.542448 0.009097 790537.000000
2.000000 2.000000 1.000000 2.000000 0.000000 5.000000 0.621406 0.004080 673363.000000
0.000000 4.000000 1.000000 0.000000 0.000000 8.000000 0.545672 0.004015 622941.000000
1.000000 5.000000 0.000000 1.000000 1.000000 9.000000 0.608218 0.006007 370824.000000
3.000000 4.000000 1.000000 1.000000 0.000000 0.000000 0.535064 0.008847 783560.000000
0.000000 0.000000 0.000000 0.000000 0.000000 3.000000 0.659207 0.002820 687170.000000
2.000000 3.000000 1.000000 2.000000 1.000000 6.000000 0.617943 0.006038 494300.000000
2.000000 3.000000 0.000000 0.000000 0.000000 2.000000 0.681252 0.003240 458233.000000
2.000000 2.000000 1.000000 1.000000 1.000000 2.000000 0.501515 0.004945 423609.000000
2.000000 0.000000 1.000000 0.000000 1.000000 3.000000 0.627095 0.005483 671988.000000
1.000000 3.000000 0.000000 1.000000 1.000000 0.000000 0.617216 0.005913 474671.000000
3.000000 5.000000 0.000000 2.000000 0.000000 6.000000 0.760824 0.007143 522967.000000
3.000000 1.000000 1.000000 0.000000 1.000000 2.000000 0.569270 0.010275 408258.000000
2.000000 0.000000 0.000000 0.000000 1.000000 6.000000 0.766713 0.005488 449169.000000
1.000000 2.000000 0.000000 0.000000 1.000000 9.000000 0.774642 0.006233 408670.000000
3.000000 2.000000 0.000000 2.000000 0.000000 7.000000 0.769751 0.007880 651994.000000
0.000000 1.000000 1.000000 0.000000 0.000000 6.000000 0.536845 0.003497 626406.000000
1.000000 1.000000 0.000000 0.000000 0.000000 1.000000 0.765245 0.004065 508907.000000
3.000000 4.000000 0.000000 1.000000 1.000000 1.000000 0.605903 0.008122 395794.000000
1.000000 1.000000 1.000000 0.000000 1.000000 3.000000 0.626905 0.006240 569428.000000
3.000000 1.000000 0.000000 2.000000 1.000000 5.000000 0.000000 0.000000 371084.000000
3.000000 0.000000 1.000000 2.000000 0.000000 6.000000 0.617738 0.009015 765362.000000
1.000000 0.000000 1.000000 1.000000 0.000000 4.000000 0.529227 0.004865 847563.000000
0.000000 3.000000 0.000000 1.000000 1.000000 3.000000 0.508049 0.003928 448762.000000
1.000000 1.000000 1.000000 0.000000 1.000000 1.000000 0.619195 0.006188 464244.000000
0.000000 1.000000 1.000000 1.000000 0.000000 4.000000 0.450419 0.003100 722093.000000
3.000000 0.000000 1.000000 1.000000 1.000000 6.000000 0.000000 0.000000 590847.000000
3.000000 3.000000 0.000000 0.000000 1.000000 6.000000 0.766345 0.010260 405116.000000
1.000000 4.000000 0.000000 1.000000 1.000000 8.000000 0.000000 0.000000 341304.000000
3.000000 4.000000 1.000000 1.000000 1.000000 4.000000 0.530172 0.010263 630668.000000
0.000000 1.000000 1.000000 1.000000 1.000000 8.000000 0.454661 0.004930 410147.000000
1.000000 1.000000 0.000000 1.000000 1.000000 2.000000 0.000000 0.000000 0.000000
4.000000 0.000000 1.000000 0.000000 1.000000 9.000000 0.000000 0.000000 0.000000
4.000000 2.000000 1.000000 1.000000 0.000000 2.000000 0.000000 0.000000 0.000000
3.000000 2.000000 1.000000 2.000000 0.000000 5.000000 0.000000 0.000000 0.000000
3.000000 1.000000 0.000000 0.000000 1.000000 2.000000 0.000000 0.000000 279117.000000
4.000000 2.000000 0.000000 1.000000 0.000000 2.000000 0.000000 0.000000 459478.000000
0.000000 4.000000 0.000000 2.000000 1.000000 7.000000 0.657791 0.004230 465886.000000
3.000000 3.000000 1.000000 0.000000 1.000000 9.000000 0.000000 0.000000 0.000000
4.000000 4.000000 0.000000 2.000000 0.000000 0.000000 0.000000 0.000000 629169.000000
2.000000 0.000000 1.000000 1.000000 1.000000 7.000000 0.543253 0.005593 665855.000000
2.000000 0.000000 1.000000 0.000000 1.000000 0.000000 0.000000 0.000000 669407.000000
2.000000 5.000000 1.000000 1.000000 1.000000 6.000000 0.524558 0.005812 456686.000000
0.000000 1.000000 1.000000 1.000000 0.000000 5.000000 0.000000 0.000000 617769.000000
4.000000 1.000000 0.000000 2.000000 1.000000 5.000000 0.000000 0.000000 354699.000000
0.000000 1.000000 0.000000 2.000000 1.000000 1.000000 0.000000 0.000000 308098.000000
3.000000 4.000000 0.000000 2.000000 1.000000 3.000000 0.766387 0.008618 507908.000000
1.000000 5.000000 0.000000 1.000000 0.000000 1.000000 0.000000 0.000000 499165.000000
0.000000 2.000000 1.000000 0.000000 1.000000 8.000000 0.000000 0.000000 0.000000
2.000000 2.000000 0.000000 1.000000 0.000000 0.000000 0.000000 0.000000 0.000000
0.000000 1.000000 1.000000 2.000000 0.000000 8.000000 0.542477 0.003567 584457.000000
4.000000 3.000000 0.000000 2.000000 1.000000 5.000000 0.000000 0.000000 0.000000
2.000000 1.000000 0.000000 0.000000 0.000000 5.000000 0.000000 0.000000 0.000000
1.000000 4.000000 0.000000 0.000000 1.000000 7.000000 0.775768 0.006132 489507.000000
0.000000 5.000000 1.000000 2.000000 1.000000 7.000000 0.000000 0.000000 0.000000
0.000000 1.000000 0.000000 1.000000 1.000000 5.000000 0.000000 0.000000 0.000000
3.000000 2.000000 1.000000 1.000000 0.000000 8.000000 0.532744 0.008897 657109.000000
3.000000 2.000000 0.000000 2.000000 0.000000 9.000000 0.000000 0.000000 0.000000
1.000000 5.000000 0.000000 1.000000 0.000000 3.000000 0.000000 0.000000 0.000000
4.000000 0.000000 1.000000 2.000000 1.000000 8.000000 0.000000 0.000000 535188.000000
3.000000 4.000000 0.000000 1.000000 0.000000 4.000000 0.000000 0.000000 656565.000000
0.000000 0.000000 0.000000 0.000000 0.000000 6.000000 0.670508 0.002432 581539.000000
0.000000 3.000000 0.000000 2.000000 0.000000 4.000000 0.653903 0.002176 616484.000000
2.000000 3.000000 1.000000 1.000000 1.000000 0.000000 0.533835 0.005727 587326.000000
4.000000 4.000000 0.000000 2.000000 1.000000 7.000000 0.769868 0.005900 495963.000000
1.000000 1.000000 0.000000 2.000000 0.000000 4.000000 0.764843 0.003632 609820.000000
1.000000 1.000000 1.000000 0.000000 1.000000 7.000000 0.640138 0.006903 572548.000000
3.000000 4.000000 0.000000 0.000000 0.000000 6.000000 0.766366 0.007715 560199.000000
4.000000 4.000000 0.000000 1.000000 0.000000 7.000000 0.616004 0.004240 630133.000000
3.000000 4.000000 1.000000 0.000000 0.000000 3.000000 0.626902 0.009365 810521.000000
0.000000 2.000000 1.000000 2.000000 1.000000 4.000000 0.000000 0.000000 597700.000000
4.000000 0.000000 0.000000 2.000000 0.000000 8.000000 0.763764 0.004367 568290.000000
4.000000 5.000000 0.000000 1.000000 0.000000 4.000000 0.610299 0.003577 607253.000000
2.000000 1.000000 0.000000 2.000000 0.000000 7.000000 0.769979 0.003318 590472.000000
2.000000 2.000000 0.000000 2.000000 1.000000 7.000000 0.772028 0.004813 472025.000000
2.000000 0.000000 1.000000 1.000000 1.000000 4.000000 0.530309 0.005632 669313.000000
2.000000 2.000000 1.000000 0.000000 1.000000 0.000000 0.630636 0.005713 591330.000000
4.000000 2.000000 0.000000 0.000000 0.000000 3.000000 0.770732 0.004228 650035.000000
1.000000 1.000000 0.000000 0.000000 0.000000 0.000000 0.774029 0.004535 598339.000000
3.000000 4.000000 0.000000 2.000000 0.000000 5.000000 0.772635 0.007570 557179.000000
2.000000 2.000000 1.000000 2.000000 0.000000 3.000000 0.623016 0.003758 777132.000000
2.000000 5.000000 0.000000 1.000000 1.000000 7.000000 0.611653 0.005157 437461.000000
1.000000 3.000000 1.000000 0.000000 1.000000 4.000000 0.626918 0.007550 614292.000000
0.000000 2.000000 1.000000 0.000000 0.000000 5.000000 0.000000 0.000000 661189.000000
3.000000 2.000000 0.000000 0.000000 0.000000 8.000000 0.769797 0.008255 523349.000000
3.000000 5.000000 1.000000 2.000000 1.000000 8.000000 0.625006 0.010868 445343.000000
0.000000 1.000000 1.000000 1.000000 0.000000 0.000000 0.454959 0.003360 705486.000000
0.000000 2.000000 0.000000 1.000000 1.000000 8.000000 0.507195 0.003847 299703.000000
1.000000 5.000000 0.000000 2.000000 0.000000 4.000000 0.764499 0.003635 609820.000000
2.000000 5.000000 1.000000 2.000000 0.000000 5.000000 0.618484 0.003995 639646.000000
1.000000 5.000000 0.000000 2.000000 0.000000 2.000000 0.677577 0.003622 429089.000000
3.000000 4.000000 0.000000 1.000000 1.000000 8.000000 0.611714 0.008705 359247.000000
1.000000 4.000000 0.000000 0.000000 0.000000 0.000000 0.777216 0.004633 632261.000000
0.000000 1.000000 0.000000 2.000000 1.000000 5.000000 0.656716 0.003780 324799.000000
3.000000 2.000000 1.000000 0.000000 1.000000 1.000000 0.621226 0.010375 516145.000000
1.000000 3.000000 1.000000 2.000000 0.000000 6.000000 0.617048 0.004775 680399.000000
0.000000 2.000000 0.000000 2.000000 0.000000 9.000000 0.654879 0.002740 529965.000000
3.000000 3.000000 1.000000 0.000000 0.000000 7.000000 0.641303 0.010015 800062.000000
1.000000 2.000000 0.000000 1.000000 1.000000 0.000000 0.617216 0.005360 469263.000000
0.000000 0.000000 0.000000 1.000000 1.000000 5.000000 0.510017 0.004013 431641.000000
2.000000 1.000000 0.000000 0.000000 1.000000 9.000000 0.771162 0.005222 365852.000000
4.000000 4.000000 1.000000 0.000000 0.000000 5.000000 0.621974 0.005673 689373.000000
2.000000 3.000000 0.000000 1.000000 0.000000 9.000000 0.612967 0.003292 541828.000000
0.000000 2.000000 1.000000 0.000000 0.000000 0.000000 0.546448 0.004000 749370.000000
3.000000 1.000000 1.000000 1.000000 1.000000 1.000000 0.523004 0.009335 473504.000000
4.000000 0.000000 1.000000 2.000000 0.000000 5.000000 0.618777 0.005350 749883.000000
3.000000 3.000000 1.000000 2.000000 1.000000 0.000000 0.627219 0.011025 618459.000000
1.000000 1.000000 1.000000 2.000000 0.000000 8.000000 0.624599 0.005173 610193.000000
0.000000 3.000000 0.000000 1.000000 1.000000 4.000000 0.508049 0.004622 454862.000000
2.000000 3.000000 1.000000 0.000000 1.000000 1.000000 0.621467 0.005735 493068.000000
2.000000 0.000000 1.000000 1.000000 0.000000 5.000000 0.527838 0.004175 734369.000000
3.000000 1.000000 0.000000 2.000000 1.000000 6.000000 0.755960 0.009150 361917.000000
4.000000 2.000000 0.000000 2.000000 0.000000 7.000000 0.772302 0.004383 634843.000000
2.000000 4.000000 1.000000 0.000000 0.000000 2.000000 0.568836 0.004220 602038.000000
3.000000 3.000000 0.000000 0.000000 1.000000 9.000000 0.775752 0.010377 433632.000000
4.000000 3.000000 1.000000 0.000000 1.000000 8.000000 0.629760 0.007375 467172.000000
4.000000 0.000000 1.000000 1.000000 0.000000 7.000000 0.542746 0.005487 839293.000000
2.000000 0.000000 1.000000 2.000000 0.000000 3.000000 0.623016 0.003927 842946.000000
2.000000 4.000000 0.000000 2.000000 0.000000 5.000000 0.766294 0.003075 529914.000000
1.000000 3.000000 0.000000 0.000000 0.000000 1.000000 0.765217 0.004155 542287.000000
2.000000 5.000000 1.000000 1.000000 0.000000 0.000000 0.531464 0.004027 723075.000000
0.000000 5.000000 0.000000 0.000000 0.000000 5.000000 0.662060 0.002870 484595.000000
1.000000 4.000000 0.000000 2.000000 0.000000 4.000000 0.764812 0.003712 642522.000000
2.000000 4.000000 0.000000 1.000000 1.000000 7.000000 0.615726 0.004763 479442.000000
2.000000 0.000000 1.000000 0.000000 0.000000 4.000000 0.626567 0.004403 848482.000000
0.000000 4.000000 1.000000 0.000000 0.000000 6.000000 0.000000 0.000000 659304.000000
4.000000 3.000000 1.000000 2.000000 0.000000 2.000000 0.566722 0.004865 607929.000000
1.000000 1.000000 1.000000 0.000000 1.000000 8.000000 0.628688 0.006725 427108.000000
2.000000 1.000000 1.000000 1.000000 0.000000 6.000000 0.523869 0.003577 633210.000000
1.000000 1.000000 1.000000 2.000000 0.000000 0.000000 0.626489 0.005155 737816.000000
1.000000 0.000000 0.000000 1.000000 0.000000 1.000000 0.604756 0.003692 598312.000000
2.000000 1.000000 1.000000 2.000000 0.000000 4.000000 0.622839 0.003685 744284.000000
3.000000 4.000000 0.000000 1.000000 1.000000 7.000000 0.612360 0.008938 507815.000000
0.000000 0.000000 0.000000 2.000000 1.000000 1.000000 0.649330 0.003660 420099.000000
2.000000 1.000000 1.000000 2.000000 0.000000 6.000000 0.616632 0.003632 637938.000000
4.000000 3.000000 1.000000 2.000000 1.000000 1.000000 0.617779 0.006490 499820.000000
3.000000 3.000000 0.000000 0.000000 0.000000 5.000000 0.778518 0.008115 561991.000000
0.000000 5.000000 0.000000 2.000000 1.000000 2.000000 0.586115 0.003895 239971.000000
3.000000 0.000000 0.000000 1.000000 1.000000 5.000000 0.609995 0.008760 478479.000000
4.000000 0.000000 0.000000 2.000000 0.000000 3.000000 0.764812 0.003908 711036.000000
3.000000 2.000000 0.000000 2.000000 1.000000 5.000000 0.765916 0.009043 405416.000000
1.000000 4.000000 1.000000 2.000000 0.000000 5.000000 0.000000 0.000000 682117.000000
4.000000 2.000000 1.000000 1.000000 0.000000 9.000000 0.000000 0.000000 696989.000000
4.000000 4.000000 1.000000 2.000000 1.000000 8.000000 0.000000 0.000000 468943.000000
3.000000 4.000000 1.000000 0.000000 0.000000 5.000000 0.000000 0.000000 706144.000000
0.000000 2.000000 1.000000 2.000000 1.000000 6.000000 0.000000 0.000000 491359.000000
4.000000 4.000000 0.000000 0.000000 1.000000 7.000000 0.000000 0.000000 501269.000000
3.000000 0.000000 1.000000 0.000000 1.000000 2.000000 0.000000 0.000000 518937.000000
2.000000 2.000000 0.000000 0.000000 1.000000 8.000000 0.000000 0.000000 328983.000000
1.000000 3.000000 0.000000 0.000000 1.000000 4.000000 0.000000 0.000000 492480.000000
2.000000 3.000000 0.000000 1.000000 0.000000 5.000000 0.000000 0.000000 524692.000000
1.000000 3.000000 1.000000 2.000000 1.000000 3.000000 0.000000 0.000000 603597.000000
1.000000 2.000000 1.000000 1.000000 1.000000 9.000000 0.532141 0.000000 520607.000000
4.000000 3.000000 0.000000 1.000000 0.000000 3.000000 0.609514 0.000000 640194.000000
4.000000 1.000000 0.000000 2.000000 0.000000 6.000000 0.761697 0.000000 501826.000000
3.000000 5.000000 1.000000 1.000000 1.000000 3.000000 0.000000 0.000000 0.000000
4.000000 2.000000 1.000000 0.000000 1.000000 4.000000 0.626944 0.000000 611019.000000
2.000000 1.000000 0.000000 1.000000 0.000000 7.000000 0.000000 0.000000 0.000000
1.000000 1.000000 0.000000 1.000000 0.000000 8.000000 0.607650 0.000000 461888.000000
3.000000 0.000000 1.000000 2.000000 1.000000 1.000000 0.617725 0.000000 589470.000000
1.000000 5.000000 0.000000 1.000000 0.000000 4.000000 0.000000 0.000000 605017.000000
1.000000 2.000000 0.000000 0.000000 1.000000 7.000000 0.000000 0.000000 486015.000000
0.000000 4.000000 1.000000 0.000000 0.000000 9.000000 0.000000 0.000000 677957.000000
4.000000 1.000000 0.000000 2.000000 0.000000 4.000000 0.000000 0.000000 612255.000000
2.000000 5.000000 0.000000 2.000000 0.000000 9.000000 0.000000 0.000000 513685.000000
2.000000 3.000000 0.000000 1.000000 1.000000 3.000000 0.000000 0.000000 467426.000000
0.000000 4.000000 1.000000 2.000000 1.000000 9.000000 0.000000 0.000000 509817.000000
2.000000 5.000000 0.000000 2.000000 1.000000 6.000000 0.000000 0.000000 338271.000000
4.000000 4.000000 0.000000 2.000000 1.000000 0.000000 0.000000 0.000000 488384.000000
3.000000 4.000000 0.000000 2.000000 1.000000 7.000000 0.000000 0.000000 512358.000000
2.000000 3.000000 1.000000 1.000000 0.000000 2.000000 0.000000 0.000000 591957.000000
4.000000 0.000000 1.000000 2.000000 1.000000 5.000000 0.000000 0.000000 587734.000000
1.000000 0.000000 0.000000 0.000000 0.000000 3.000000 0.000000 0.000000 713576.000000
4.000000 1.000000 1.000000 0.000000 1.000000 1.000000 0.000000 0.000000 466232.000000
1.000000 3.000000 1.000000 2.000000 0.000000 5.000000 0.000000 0.000000 682117.000000
0.000000 2.000000 0.000000 2.000000 1.000000 1.000000 0.000000 0.000000 342056.000000
0.000000 1.000000 1.000000 1.000000 1.000000 4.000000 0.000000 0.000000 559448.000000
0.000000 0.000000 0.000000 2.000000 1.000000 5.000000 0.000000 0.000000 436074.000000
2.000000 1.000000 1.000000 0.000000 1.000000 5.000000 0.000000 0.000000 469365.000000
4.000000 4.000000 1.000000 0.000000 0.000000 2.000000 0.000000 0.000000 613040.000000
2.000000 1.000000 1.000000 0.000000 0.000000 5.000000 0.000000 0.000000 645027.000000
0.000000 0.000000 0.000000 0.000000 0.000000 0.000000 0.000000 0.000000 671366.000000
0.000000 0.000000 0.000000 1.000000 0.000000 8.000000 0.000000 0.000000 534944.000000
1.000000 1.000000 1.000000 2.000000 0.000000 5.000000 0.000000 0.000000 628884.000000
0.000000 5.000000 0.000000 2.000000 1.000000 3.000000 0.000000 0.000000 415396.000000
1.000000 0.000000 1.000000 1.000000 0.000000 1.000000 0.000000 0.000000 741423.000000
3.000000 0.000000 0.000000 2.000000 1.000000 7.000000 0.000000 0.000000 578142.000000
4.000000 1.000000 1.000000 2.000000 0.000000 0.000000 0.000000 0.000000 739463.000000
1.000000 0.000000 0.000000 0.000000 1.000000 6.000000 0.000000 0.000000 460087.000000
2.000000 1.000000 0.000000 0.000000 1.000000 3.000000 0.000000 0.000000 437492.000000
1.000000 4.000000 0.000000 2.000000 0.000000 0.000000 0.000000 0.000000 627418.000000
3.000000 0.000000 0.000000 1.000000 0.000000 5.000000 0.000000 0.000000 618253.000000
3.000000 2.000000 1.000000 1.000000 0.000000 7.000000 0.000000 0.000000 790537.000000
2.000000 1.000000 1.000000 0.000000 0.000000 8.000000 0.000000 0.000000 0.000000
3.000000 2.000000 1.000000 1.000000 1.000000 2.000000 0.000000 0.000000 0.000000
2.000000 4.000000 1.000000 2.000000 1.000000 5.000000 0.000000 0.000000 0.000000
1.000000 0.000000 0.000000 0.000000 1.000000 0.000000 0.000000 0.000000 0.000000
2.000000 5.000000 0.000000 1.000000 1.000000 4.000000 0.000000 0.000000 439150.000000
4.000000 0.000000 0.000000 1.000000 1.000000 7.000000 0.000000 0.000000 548709.000000
2.000000 0.000000 0.000000 1.000000 0.000000 0.000000 0.000000 0.000000 674235.000000
3.000000 5.000000 0.000000 0.000000 0.000000 1.000000 0.000000 0.000000 527315.000000
2.000000 4.000000 0.000000 0.000000 0.000000 1.000000 0.000000 0.000000 528037.000000
4.000000 5.000000 1.000000 1.000000 1.000000 4.000000 0.000000 0.000000 573938.000000
3.000000 1.000000 1.000000 0.000000 0.000000 8.000000 0.000000 0.000000 634238.000000
1.000000 0.000000 1.000000 2.000000 0.000000 1.000000 0.000000 0.000000 746368.000000
3.000000 1.000000 0.000000 2.000000 1.000000 3.000000 0.000000 0.000000 462000.000000
4.000000 0.000000 1.000000 0.000000 0.000000 0.000000 0.000000 0.000000 843074.000000
0.000000 3.000000 1.000000 0.000000 1.000000 0.000000 0.000000 0.000000 577799.000000
4.000000 0.000000 0.000000 1.000000 0.000000 5.000000 0.000000 0.000000 601791.000000
0.000000 2.000000 0.000000 1.000000 0.000000 7.000000 0.000000 0.000000 597903.000000
3.000000 0.000000 1.000000 1.000000 0.000000 1.000000 0.000000 0.000000 759805.000000
2.000000 4.000000 0.000000 1.000000 0.000000 5.000000 0.000000 0.000000 524692.000000
0.000000 0.000000 0.000000 2.000000 0.000000 3.000000 0.000000 0.000000 682387.000000
1.000000 5.000000 0.000000 2.000000 1.000000 9.000000 0.000000 0.000000 376212.000000
0.000000 0.000000 0.000000 2.000000 1.000000 8.000000 0.000000 0.000000 383455.000000
2.000000 5.000000 1.000000 2.000000 1.000000 6.000000 0.000000 0.000000 461369.000000
0.000000 5.000000 1.000000 1.000000 1.000000 9.000000 0.000000 0.000000 464868.000000
3.000000 0.000000 1.000000 0.000000 0.000000 2.000000 0.000000 0.000000 0.000000
3.000000 0.000000 1.000000 1.000000 1.000000 1.000000 0.000000 0.000000 585068.000000
1.000000 0.000000 1.000000 0.000000 0.000000 6.000000 0.000000 0.000000 0.000000
1.000000 3.000000 0.000000 1.000000 0.000000 6.000000 0.000000 0.000000 528630.000000
3.000000 4.000000 1.000000 1.000000 1.000000 8.000000 0.000000 0.000000 0.000000
1.000000 0.000000 0.000000 0.000000 0.000000 5.000000 0.000000 0.000000 0.000000
1.000000 5.000000 1.000000 1.000000 0.000000 5.000000 0.000000 0.000000 644270.000000
3.000000 2.000000 0.000000 2.000000 1.000000 7.000000 0.000000 0.000000 491400.000000
4.000000 2.000000 1.000000 0.000000 0.000000 4.000000 0.000000 0.000000 773377.000000
0.000000 3.000000 0.000000 2.000000 1.000000 6.000000 0.000000 0.000000 0.000000
2.000000 4.000000 1.000000 1.000000 1.000000 2.000000 0.000000 0.000000 416546.000000
0.000000 1.000000 0.000000 2.000000 1.000000 8.000000 0.000000 0.000000 272257.000000
4.000000 0.000000 0.000000 1.000000 0.000000 3.000000 0.000000 0.000000 706066.000000
1.000000 0.000000 0.000000 1.000000 0.000000 0.000000 0.000000 0.000000 688116.000000
2.000000 1.000000 0.000000 0.000000 1.000000 5.000000 0.000000 0.000000 340585.000000
1.000000 5.000000 0.000000 1.000000 0.000000 7.000000 0.000000 0.000000 590061.000000
2.000000 3.000000 1.000000 2.000000 1.000000 1.000000 0.000000 0.000000 488467.000000
1.000000 5.000000 1.000000 0.000000 1.000000 9.000000 0.000000 0.000000 500753.000000
1.000000 1.000000 1.000000 1.000000 0.000000 5.000000 0.000000 0.000000 624831.000000
0.000000 4.000000 1.000000 0.000000 1.000000 8.000000 0.000000 0.000000 445077.000000
3.000000 3.000000 1.000000 1.000000 0.000000 4.000000 0.000000 0.000000 799373.000000
2.000000 1.000000 1.000000 1.000000 1.000000 1.000000 0.000000 0.000000 465522.000000
0.000000 1.000000 0.000000 1.000000 1.000000 8.000000 0.000000 0.000000 267346.000000
1.000000 2.000000 0.000000 0.000000 1.000000 0.000000 0.000000 0.000000 470595.000000
0.000000 4.000000 0.000000 2.000000 0.000000 3.000000 0.000000 0.000000 612944.000000
2.000000 5.000000 1.000000 1.000000 0.000000 6.000000 0.000000 0.000000 615053.000000
2.000000 2.000000 1.000000 1.000000 0.000000 1.000000 0.000000 0.000000 666528.000000
2.000000 4.000000 0.000000 2.000000 0.000000 4.000000 0.000000 0.000000 629379.000000
4.000000 2.000000 1.000000 2.000000 0.000000 1.000000 0.000000 0.000000 682454.000000
2.000000 0.000000 1.000000 0.000000 0.000000 2.000000 0.000000 0.000000 668066.000000
4.000000 4.000000 0.000000 2.000000 0.000000 5.000000 0.000000 0.000000 540628.000000
1.000000 2.000000 1.000000 1.000000 1.000000 7.000000 0.000000 0.000000 597161.000000
2.000000 2.000000 0.000000 2.000000 1.000000 4.000000 0.000000 0.000000 466815.000000
0.000000 2.000000 1.000000 2.000000 0.000000 3.000000 0.000000 0.000000 760165.000000
3.000000 1.000000 0.000000 2.000000 1.000000 8.000000 0.000000 0.000000 318749.000000
1.000000 2.000000 0.000000 2.000000 0.000000 9.000000 0.000000 0.000000 555952.000000
3.000000 5.000000 0.000000 1.000000 1.000000 4.000000 0.000000 0.000000 467465.000000
0.000000 4.000000 0.000000 0.000000 0.000000 0.000000 0.000000 0.000000 604710.000000
3.000000 4.000000 0.000000 2.000000 0.000000 7.000000 0.000000 0.000000 651994.000000
3.000000 5.000000 1.000000 1.000000 0.000000 4.000000 0.000000 0.000000 766877.000000
4.000000 1.000000 0.000000 1.000000 1.000000 4.000000 0.000000 0.000000 446178.000000
3.000000 2.000000 1.000000 2.000000 0.000000 1.000000 0.000000 0.000000 679714.000000
0.000000 1.000000 0.000000 0.000000 1.000000 2.000000 0.000000 0.000000 233494.000000
1.000000 3.000000 0.000000 1.000000 1.000000 1.000000 0.000000 0.000000 370188.000000
3.000000 2.000000 0.000000 0.000000 0.000000 6.000000 0.766366 0.007718 560199.000000
3.000000 1.000000 1.000000 2.000000 1.000000 0.000000 0.627467 0.010430 580533.000000
3.000000 1.000000 1.000000 1.000000 1.000000 6.000000 0.524820 0.010035 479708.000000
1.000000 1.000000 1.000000 0.000000 0.000000 0.000000 0.629222 0.005638 742614.000000
0.000000 0.000000 1.000000 2.000000 1.000000 6.000000 0.533691 0.005360 549154.000000
4.000000 5.000000 1.000000 0.000000 0.000000 9.000000 0.627604 0.005843 673189.000000
1.000000 3.000000 1.000000 2.000000 1.000000 1.000000 0.617779 0.006437 497757.000000
0.000000 4.000000 1.000000 0.000000 0.000000 5.000000 0.540474 0.004023 661189.000000
2.000000 0.000000 0.000000 2.000000 0.000000 2.000000 0.677869 0.002910 519524.000000
3.000000 0.000000 0.000000 2.000000 0.000000 3.000000 0.766387 0.007355 727658.000000
1.000000 3.000000 1.000000 1.000000 1.000000 6.000000 0.525007 0.006925 499018.000000
0.000000 3.000000 1.000000 1.000000 1.000000 8.000000 0.454661 0.005583 449481.000000
1.000000 1.000000 1.000000 0.000000 1.000000 4.000000 0.626271 0.006938 575538.000000
4.000000 2.000000 0.000000 2.000000 1.000000 8.000000 0.764008 0.005570 335004.000000
4.000000 3.000000 1.000000 1.000000 1.000000 0.000000 0.535078 0.006808 598619.000000
3.000000 0.000000 1.000000 2.000000 1.000000 0.000000 0.627219 0.010675 691349.000000
1.000000 2.000000 0.000000 2.000000 1.000000 1.000000 0.760594 0.005027 369126.000000
3.000000 0.000000 1.000000 2.000000 1.000000 7.000000 0.635659 0.010878 697588.000000
3.000000 4.000000 0.000000 1.000000 1.000000 9.000000 0.614200 0.008925 430805.000000
2.000000 2.000000 0.000000 0.000000 0.000000 6.000000 0.764757 0.003203 532872.000000
4.000000 1.000000 0.000000 0.000000 1.000000 4.000000 0.772584 0.006215 455430.000000
4.000000 4.000000 0.000000 2.000000 1.000000 4.000000 0.766456 0.005870 496732.000000
3.000000 5.000000 0.000000 0.000000 1.000000 2.000000 0.681971 0.009530 289949.000000
0.000000 2.000000 1.000000 1.000000 1.000000 4.000000 0.450422 0.005267 592701.000000
2.000000 5.000000 0.000000 2.000000 0.000000 4.000000 0.762667 0.002703 600668.000000
0.000000 4.000000 0.000000 0.000000 1.000000 8.000000 0.658880 0.004480 323036.000000
0.000000 5.000000 1.000000 2.000000 1.000000 0.000000 0.542950 0.005097 540094.000000
1.000000 5.000000 1.000000 1.000000 1.000000 6.000000 0.525019 0.006815 465906.000000
2.000000 1.000000 1.000000 1.000000 1.000000 8.000000 0.533251 0.005105 409174.000000
3.000000 4.000000 0.000000 0.000000 1.000000 4.000000 0.772306 0.009825 518232.000000
2.000000 0.000000 0.000000 1.000000 0.000000 7.000000 0.613659 0.003463 684698.000000
4.000000 5.000000 1.000000 1.000000 0.000000 8.000000 0.533750 0.005097 607406.000000
4.000000 2.000000 0.000000 0.000000 1.000000 2.000000 0.682096 0.005568 301784.000000
3.000000 3.000000 1.000000 0.000000 0.000000 2.000000 0.569305 0.009393 629681.000000
1.000000 3.000000 1.000000 0.000000 1.000000 1.000000 0.621280 0.006850 502254.000000
1.000000 5.000000 1.000000 0.000000 1.000000 4.000000 0.624732 0.007465 580569.000000
2.000000 2.000000 1.000000 1.000000 1.000000 7.000000 0.543253 0.005412 588688.000000
4.000000 5.000000 1.000000 0.000000 1.000000 9.000000 0.629858 0.007473 503337.000000
2.000000 2.000000 0.000000 2.000000 1.000000 3.000000 0.766698 0.004117 465726.000000
2.000000 4.000000 1.000000 0.000000 0.000000 6.000000 0.620281 0.004200 676463.000000
4.000000 1.000000 1.000000 0.000000 1.000000 8.000000 0.627337 0.006785 428029.000000
4.000000 1.000000 0.000000 1.000000 0.000000 9.000000 0.609110 0.004145 519708.000000
0.000000 1.000000 0.000000 0.000000 0.000000 3.000000 0.659207 0.002532 588317.000000
2.000000 4.000000 1.000000 0.000000 0.000000 5.000000 0.624595 0.004565 678376.000000
0.000000 3.000000 0.000000 2.000000 0.000000 5.000000 0.656716 0.002468 512462.000000
0.000000 1.000000 1.000000 1.000000 1.000000 9.000000 0.455203 0.004613 460375.000000
3.000000 4.000000 1.000000 1.000000 0.000000 3.000000 0.530172 0.008455 799373.000000
4.000000 5.000000 0.000000 0.000000 1.000000 8.000000 0.769851 0.006542 311681.000000
2.000000 1.000000 1.000000 0.000000 1.000000 0.000000 0.629879 0.005660 558361.000000
4.000000 2.000000 0.000000 1.000000 1.000000 9.000000 0.613090 0.005582 401338.000000
4.000000 3.000000 1.000000 2.000000 1.000000 5.000000 0.622098 0.006920 514883.000000
4.000000 5.000000 1.000000 2.000000 1.000000 2.000000 0.567448 0.006400 392160.000000
1.000000 0.000000 0.000000 1.000000 1.000000 4.000000 0.611116 0.005758 555045.000000
2.000000 0.000000 0.000000 1.000000 1.000000 8.000000 0.608183 0.004665 397402.000000
0.000000 5.000000 1.000000 1.000000 0.000000 6.000000 0.446487 0.003047 616445.000000
3.000000 5.000000 1.000000 0.000000 1.000000 7.000000 0.640456 0.011567 596369.000000
1.000000 1.000000 0.000000 2.000000 0.000000 8.000000 0.762763 0.004080 466967.000000
2.000000 0.000000 1.000000 1.000000 0.000000 0.000000 0.534753 0.004262 822083.000000
4.000000 0.000000 1.000000 1.000000 0.000000 5.000000 0.525204 0.005195 745035.000000
4.000000 2.000000 0.000000 2.000000 0.000000 6.000000 0.000000 0.000000 539877.000000
4.000000 1.000000 0.000000 1.000000 1.000000 0.000000 0.000000 0.000000 438119.000000
2.000000 1.000000 0.000000 2.000000 1.000000 8.000000 0.000000 0.000000 290114.000000
4.000000 3.000000 1.000000 1.000000 1.000000 7.000000 0.000000 0.000000 604100.000000
4.000000 5.000000 1.000000 0.000000 0.000000 4.000000 0.626161 0.000000 760190.000000
2.000000 0.000000 1.000000 2.000000 0.000000 6.000000 0.000000 0.000000 736892.000000
4.000000 2.000000 1.000000 1.000000 0.000000 8.000000 0.000000 0.000000 640879.000000
4.000000 1.000000 1.000000 0.000000 0.000000 6.000000 0.620594 0.000000 654176.000000
2.000000 4.000000 1.000000 0.000000 1.000000 5.000000 0.000000 0.000000 515556.000000
0.000000 5.000000 1.000000 0.000000 0.000000 8.000000 0.000000 0.000000 589435.000000
1.000000 0.000000 1.000000 2.000000 1.000000 4.000000 0.000000 0.000000 682508.000000
0.000000 4.000000 1.000000 0.000000 0.000000 7.000000 0.000000 0.000000 755415.000000
3.000000 4.000000 0.000000 0.000000 1.000000 1.000000 0.000000 0.000000 405735.000000
2.000000 3.000000 1.000000 0.000000 0.000000 6.000000 0.620281 0.000000 676463.000000
4.000000 3.000000 1.000000 1.000000 0.000000 4.000000 0.529227 0.000000 783314.000000
2.000000 4.000000 1.000000 1.000000 0.000000 1.000000 0.523949 0.000000 666528.000000
2.000000 5.000000 0.000000 1.000000 1.000000 9.000000 0.000000 0.000000 360940.000000
2.000000 5.000000 0.000000 0.000000 0.000000 0.000000 0.000000 0.000000 589191.000000
0.000000 1.000000 0.000000 1.000000 1.000000 2.000000 0.482763 0.000000 228969.000000
1.000000 3.000000 0.000000 1.000000 0.000000 1.000000 0.000000 0.000000 532609.000000
3.000000 0.000000 1.000000 0.000000 1.000000 6.000000 0.000000 0.000000 599569.000000
2.000000 0.000000 0.000000 0.000000 1.000000 2.000000 0.000000 0.000000 368632.000000
3.000000 5.000000 0.000000 1.000000 0.000000 9.000000 0.612993 0.000000 536535.000000
0.000000 0.000000 0.000000 0.000000 1.000000 7.000000 0.663152 0.000000 528293.000000
4.000000 0.000000 1.000000 0.000000 1.000000 1.000000 0.621280 0.000000 578073.000000
1.000000 2.000000 1.000000 1.000000 0.000000 3.000000 0.000000 0.000000 781466.000000
4.000000 4.000000 1.000000 2.000000 1.000000 1.000000 0.000000 0.000000 0.000000
2.000000 5.000000 1.000000 1.000000 0.000000 5.000000 0.524864 0.000000 634722.000000
4.000000 3.000000 1.000000 0.000000 0.000000 6.000000 0.000000 0.000000 0.000000
2.000000 1.000000 1.000000 1.000000 1.000000 3.000000 0.000000 0.000000 572159.000000
4.000000 5.000000 0.000000 1.000000 0.000000 5.000000 0.611501 0.000000 498103.000000
0.000000 3.000000 1.000000 1.000000 0.000000 2.000000 0.432660 0.000000 574613.000000
2.000000 0.000000 0.000000 2.000000 1.000000 4.000000 0.766698 0.000000 550491.000000
2.000000 5.000000 0.000000 1.000000 0.000000 4.000000 0.613163 0.000000 595616.000000
1.000000 0.000000 1.000000 1.000000 0.000000 7.000000 0.000000 0.000000 837795.000000
2.000000 3.000000 1.000000 2.000000 0.000000 4.000000 0.000000 0.000000 777132.000000
3.000000 3.000000 1.000000 1.000000 0.000000 2.000000 0.502199 0.000000 619705.000000
1.000000 5.000000 0.000000 0.000000 0.000000 7.000000 0.778279 0.000000 598716.000000
1.000000 2.000000 1.000000 2.000000 0.000000 0.000000 0.000000 0.000000 770453.000000
4.000000 0.000000 1.000000 1.000000 0.000000 2.000000 0.501638 0.000000 669090.000000
0.000000 0.000000 0.000000 0.000000 1.000000 9.000000 0.660227 0.000000 460015.000000
4.000000 4.000000 0.000000 1.000000 0.000000 0.000000 0.000000 0.000000 623841.000000
3.000000 4.000000 0.000000 2.000000 1.000000 9.000000 0.000000 0.000000 435359.000000
0.000000 2.000000 0.000000 1.000000 0.000000 0.000000 0.000000 0.000000 595243.000000
2.000000 5.000000 1.000000 2.000000 1.000000 5.000000 0.000000 0.000000 469233.000000
2.000000 1.000000 0.000000 2.000000 1.000000 9.000000 0.000000 0.000000 361578.000000
1.000000 4.000000 0.000000 0.000000 0.000000 3.000000 0.000000 0.000000 647970.000000
3.000000 5.000000 1.000000 2.000000 1.000000 5.000000 0.000000 0.000000 497031.000000
2.000000 3.000000 1.000000 2.000000 0.000000 2.000000 0.000000 0.000000 596741.000000
0.000000 5.000000 1.000000 1.000000 0.000000 2.000000 0.000000 0.000000 541639.000000
0.000000 1.000000 1.000000 2.000000 1.000000 7.000000 0.000000 0.000000 541668.000000
1.000000 4.000000 1.000000 1.000000 0.000000 9.000000 0.000000 0.000000 694705.000000
4.000000 3.000000 0.000000 0.000000 0.000000 1.000000 0.000000 0.000000 544182.000000
2.000000 3.000000 0.000000 2.000000 1.000000 5.000000 0.000000 0.000000 381829.000000
1.000000 2.000000 1.000000 0.000000 0.000000 5.000000 0.000000 0.000000 687320.000000
1.000000 4.000000 1.000000 1.000000 0.000000 6.000000 0.772302 0.000000 675560.000000
3.000000 1.000000 0.000000 1.000000 1.000000 0.000000 0.000000 0.000000 454768.000000
0.000000 2.000000 0.000000 0.000000 1.000000 5.000000 0.000000 0.000000 362434.000000
3.000000 3.000000 0.000000 0.000000 1.000000 3.000000 0.000000 0.000000 505938.000000
3.000000 4.000000 1.000000 1.000000 1.000000 0.000000 0.608128 0.000000 622355.000000
4.000000 3.000000 0.000000 0.000000 1.000000 5.000000 0.000000 0.000000 397503.000000
1.000000 3.000000 0.000000 0.000000 0.000000 4.000000 0.000000 0.000000 647970.000000
2.000000 5.000000 0.000000 1.000000 1.000000 1.000000 0.000000 0.000000 328186.000000
1.000000 5.000000 0.000000 1.000000 0.000000 5.000000 0.530172 0.000000 500231.000000
1.000000 2.000000 0.000000 0.000000 1.000000 1.000000 0.000000 0.000000 374421.000000
2.000000 1.000000 1.000000 1.000000 1.000000 0.000000 0.000000 0.000000 549103.000000
1.000000 1.000000 0.000000 0.000000 1.000000 7.000000 0.000000 0.000000 452685.000000
3.000000 5.000000 0.000000 0.000000 1.000000 0.000000 0.000000 0.000000 468997.000000
3.000000 2.000000 0.000000 1.000000 0.000000 2.000000 0.000000 0.000000 476353.000000
4.000000 4.000000 0.000000 2.000000 0.000000 2.000000 0.000000 0.000000 464685.000000
1.000000 5.000000 1.000000 2.000000 1.000000 3.000000 0.000000 0.000000 570018.000000
3.000000 5.000000 0.000000 2.000000 0.000000 3.000000 0.000000 0.000000 628391.000000
4.000000 1.000000 0.000000 1.000000 0.000000 2.000000 0.000000 0.000000 426584.000000
1.000000 0.000000 1.000000 0.000000 0.000000 1.000000 0.000000 0.000000 751369.000000
2.000000 5.000000 0.000000 1.000000 0.000000 6.000000 0.000000 0.000000 489963.000000
0.000000 0.000000 1.000000 1.000000 1.000000 2.000000 0.000000 0.000000 483365.000000
1.000000 1.000000 1.000000 0.000000 0.000000 6.000000 0.000000 0.000000 652417.000000
3.000000 4.000000 1.000000 1.000000 1.000000 6.000000 0.000000 0.000000 524921.000000
2.000000 0.000000 0.000000 1.000000 1.000000 1.000000 0.000000 0.000000 433770.000000
3.000000 5.000000 0.000000 1.000000 1.000000 3.000000 0.605905 0.000000 461936.000000
2.000000 1.000000 0.000000 1.000000 1.000000 6.000000 0.673212 0.000000 328069.000000
4.000000 1.000000 0.000000 1.000000 1.000000 3.000000 0.000000 0.000000 439998.000000
4.000000 5.000000 1.000000 2.000000 0.000000 2.000000 0.000000 0.000000 574892.000000
4.000000 4.000000 0.000000 1.000000 0.000000 6.000000 0.000000 0.000000 534355.000000
4.000000 4.000000 0.000000 2.000000 0.000000 7.000000 0.000000 0.000000 634843.000000
2.000000 5.000000 1.000000 2.000000 1.000000 3.000000 0.000000 0.000000 561210.000000
1.000000 1.000000 0.000000 0.000000 1.000000 6.000000 0.000000 0.000000 347439.000000
0.000000 3.000000 0.000000 2.000000 1.000000 7.000000 0.000000 0.000000 458369.000000
1.000000 1.000000 1.000000 1.000000 1.000000 6.000000 0.000000 0.000000 461267.000000
1.000000 3.000000 0.000000 2.000000 1.000000 9.000000 0.000000 0.000000 408454.000000
4.000000 5.000000 1.000000 2.000000 1.000000 3.000000 0.000000 0.000000 572744.000000
2.000000 5.000000 1.000000 0.000000 0.000000 3.000000 0.000000 0.000000 749316.000000
3.000000 2.000000 0.000000 0.000000 1.000000 3.000000 0.000000 0.000000 499624.000000
0.000000 2.000000 1.000000 2.000000 1.000000 5.000000 0.000000 0.000000 480160.000000
4.000000 3.000000 1.000000 0.000000 0.000000 3.000000 0.000000 0.000000 793319.000000
0.000000 0.000000 0.000000 0.000000 0.000000 9.000000 0.000000 0.000000 600750.000000
1.000000 4.000000 1.000000 1.000000 0.000000 2.000000 0.000000 0.000000 600953.000000
1.000000 5.000000 0.000000 1.000000 1.000000 5.000000 0.000000 0.000000 353112.000000
3.000000 5.000000 0.000000 2.000000 1.000000 8.000000 0.000000 0.000000 323637.000000
3.000000 2.000000 1.000000 1.000000 1.000000 3.000000 0.000000 0.000000 612734.000000
4.000000 5.000000 1.000000 2.000000 0.000000 0.000000 0.000000 0.000000 739463.000000
2.000000 4.000000 1.000000 1.000000 1.000000 7.000000 0.000000 0.000000 600031.000000
0.000000 1.000000 1.000000 0.000000 1.000000 3.000000 0.000000 0.000000 563322.000000
3.000000 5.000000 1.000000 1.000000 1.000000 7.000000 0.000000 0.000000 587230.000000
4.000000 2.000000 0.000000 1.000000 0.000000 4.000000 0.000000 0.000000 640194.000000
4.000000 0.000000 1.000000 0.000000 0.000000 8.000000 0.000000 0.000000 716849.000000
2.000000 0.000000 1.000000 2.000000 0.000000 1.000000 0.000000 0.000000 736892.000000
0.000000 1.000000 0.000000 2.000000 0.000000 1.000000 0.000000 0.000000 477466.000000
1.000000 1.000000 1.000000 2.000000 1.000000 1.000000 0.000000 0.000000 459433.000000
1.000000 5.000000 0.000000 0.000000 1.000000 1.000000 0.000000 0.000000 346254.000000
4.000000 3.000000 1.000000 2.000000 1.000000 6.000000 0.000000 0.000000 506254.000000
2.000000 1.000000 1.000000 0.000000 1.000000 3.000000 0.000000 0.000000 560355.000000
2.000000 4.000000 1.000000 1.000000 1.000000 5.000000 0.000000 0.000000 506535.000000
1.000000 4.000000 1.000000 2.000000 0.000000 8.000000 0.000000 0.000000 643791.000000
0.000000 0.000000 1.000000 2.000000 0.000000 4.000000 0.000000 0.000000 826210.000000
3.000000 3.000000 1.000000 2.000000 1.000000 3.000000 0.000000 0.000000 621928.000000
0.000000 5.000000 1.000000 0.000000 1.000000 5.000000 0.000000 0.000000 456797.000000
3.000000 4.000000 0.000000 1.000000 0.000000 7.000000 0.000000 0.000000 646692.000000
1.000000 2.000000 0.000000 1.000000 0.000000 3.000000 0.000000 0.000000 637806.000000
3.000000 4.000000 1.000000 1.000000 1.000000 5.000000 0.000000 0.000000 534477.000000
4.000000 4.000000 0.000000 0.000000 0.000000 5.000000 0.000000 0.000000 545541.000000
0.000000 2.000000 0.000000 2.000000 0.000000 7.000000 0.000000 0.000000 606962.000000
0.000000 2.000000 1.000000 2.000000 1.000000 1.000000 0.000000 0.000000 485495.000000
0.000000 3.000000 1.000000 0.000000 1.000000 3.000000 0.000000 0.000000 602152.000000
3.000000 2.000000 1.000000 2.000000 1.000000 3.000000 0.000000 0.000000 617041.000000
0.000000 0.000000 1.000000 1.000000 1.000000 7.000000 0.000000 0.000000 648355.000000
1.000000 5.000000 1.000000 2.000000 0.000000 2.000000 0.000000 0.000000 572469.000000
0.000000 2.000000 0.000000 0.000000 1.000000 7.000000 0.000000 0.000000 458181.000000
1.000000 5.000000 0.000000 2.000000 0.000000 3.000000 0.000000 0.000000 609820.000000
4.000000 5.000000 0.000000 0.000000 1.000000 9.000000 0.000000 0.000000 382455.000000
3.000000 1.000000 0.000000 0.000000 1.000000 7.000000 0.000000 0.000000 471914.000000
1.000000 5.000000 0.000000 1.000000 0.000000 0.000000 0.000000 0.000000 588620.000000
3.000000 4.000000 0.000000 0.000000 0.000000 3.000000 0.000000 0.000000 666478.000000
3.000000 3.000000 1.000000 1.000000 0.000000 7.000000 0.000000 0.000000 790537.000000
4.000000 5.000000 1.000000 2.000000 1.000000 5.000000 0.000000 0.000000 481525.000000
0.000000 4.000000 0.000000 1.000000 1.000000 0.000000 0.000000 0.000000 453552.000000
2.000000 1.000000 0.000000 1.000000 1.000000 5.000000 0.000000 0.000000 337993.000000
2.000000 5.000000 0.000000 0.000000 0.000000 3.000000 0.000000 0.000000 600594.000000
2.000000 3.000000 0.000000 2.000000 0.000000 8.000000 0.000000 0.000000 491029.000000
2.000000 1.000000 1.000000 0.000000 0.000000 4.000000 0.000000 0.000000 749316.000000
2.000000 0.000000 1.000000 0.000000 0.000000 0.000000 0.000000 0.000000 832037.000000
4.000000 2.000000 1.000000 2.000000 0.000000 7.000000 0.000000 0.000000 778124.000000
1.000000 5.000000 0.000000 2.000000 1.000000 3.000000 0.000000 0.000000 447875.000000
0.000000 4.000000 0.000000 2.000000 0.000000 5.000000 0.000000 0.000000 512462.000000
0.000000 1.000000 1.000000 0.000000 0.000000 5.000000 0.000000 0.000000 627456.000000
3.000000 5.000000 1.000000 2.000000 0.000000 9.000000 0.000000 0.000000 684506.000000
2.000000 5.000000 1.000000 2.000000 0.000000 2.000000 0.000000 0.000000 563361.000000
2.000000 0.000000 1.000000 1.000000 1.000000 9.000000 0.000000 0.000000 589273.000000
1.000000 2.000000 1.000000 1.000000 1.000000 4.000000 0.000000 0.000000 600045.000000
0.000000 4.000000 0.000000 0.000000 1.000000 9.000000 0.000000 0.000000 393770.000000
1.000000 0.000000 0.000000 0.000000 1.000000 2.000000 0.000000 0.000000 377704.000000
2.000000 2.000000 1.000000 2.000000 1.000000 1.000000 0.000000 0.000000 483306.000000
0.000000 4.000000 0.000000 2.000000 1.000000 4.000000 0.000000 0.000000 466328.000000
3.000000 3.000000 0.000000 2.000000 1.000000 1.000000 0.000000 0.000000 393621.000000
0.000000 2.000000 1.000000 1.000000 1.000000 1.000000 0.000000 0.000000 480703.000000
1.000000 4.000000 1.000000 2.000000 1.000000 1.000000 0.000000 0.000000 504938.000000
3.000000 4.000000 1.000000 2.000000 0.000000 6.000000 0.000000 0.000000 698520.000000
4.000000 0.000000 1.000000 2.000000 0.000000 6.000000 0.000000 0.000000 748350.000000
0.000000 0.000000 0.000000 2.000000 0.000000 2.000000 0.000000 0.000000 501681.000000
2.000000 2.000000 1.000000 0.000000 0.000000 2.000000 0.000000 0.000000 602038.000000
0.000000 0.000000 0.000000 1.000000 0.000000 5.000000 0.000000 0.000000 573327.000000
2.000000 3.000000 1.000000 2.000000 1.000000 2.000000 0.000000 0.000000 413576.000000
0.000000 2.000000 0.000000 2.000000 1.000000 4.000000 0.000000 0.000000 454340.000000
1.000000 2.000000 0.000000 2.000000 1.000000 3.000000 0.000000 0.000000 474871.000000
2.000000 5.000000 0.000000 0.000000 1.000000 5.000000 0.000000 0.000000 353253.000000
1.000000 0.000000 0.000000 2.000000 0.000000 9.000000 0.000000 0.000000 622520.000000
4.000000 2.000000 1.000000 2.000000 1.000000 3.000000 0.000000 0.000000 601079.000000
4.000000 1.000000 1.000000 0.000000 0.000000 9.000000 0.000000 0.000000 673189.000000
1.000000 1.000000 1.000000 1.000000 0.000000 8.000000 0.000000 0.000000 605702.000000
3.000000 4.000000 0.000000 1.000000 0.000000 5.000000 0.000000 0.000000 552788.000000
1.000000 3.000000 0.000000 1.000000 0.000000 2.000000 0.000000 0.000000 457631.000000
3.000000 2.000000 0.000000 0.000000 0.000000 9.000000 0.000000 0.000000 580005.000000
3.000000 2.000000 1.000000 1.000000 0.000000 2.000000 0.000000 0.000000 619705.000000
1.000000 2.000000 1.000000 2.000000 1.000000 8.000000 0.000000 0.000000 456191.000000
1.000000 3.000000 1.000000 0.000000 0.000000 7.000000 0.000000 0.000000 781136.000000
0.000000 4.000000 0.000000 0.000000 1.000000 3.000000 0.000000 0.000000 0.000000
4.000000 5.000000 0.000000 1.000000 1.000000 4.000000 0.000000 0.000000 451055.000000
4.000000 3.000000 1.000000 2.000000 1.000000 0.000000 0.000000 0.000000 602503.000000
2.000000 3.000000 0.000000 0.000000 0.000000 1.000000 0.000000 0.000000 532872.000000
1.000000 0.000000 0.000000 0.000000 1.000000 1.000000 0.000000 0.000000 452985.000000
4.000000 5.000000 1.000000 0.000000 0.000000 3.000000 0.000000 0.000000 760190.000000
0.000000 5.000000 1.000000 0.000000 0.000000 3.000000 0.000000 0.000000 731709.000000
0.000000 2.000000 0.000000 1.000000 1.000000 3.000000 0.000000 0.000000 443540.000000
3.000000 3.000000 0.000000 2.000000 0.000000 0.000000 0.000000 0.000000 645596.000000
3.000000 1.000000 0.000000 1.000000 0.000000 6.000000 0.000000 0.000000 517901.000000
1.000000 2.000000 1.000000 2.000000 1.000000 0.000000 0.000000 0.000000 596244.000000
2.000000 2.000000 0.000000 0.000000 0.000000 7.000000 0.000000 0.000000 628671.000000
3.000000 0.000000 0.000000 0.000000 0.000000 2.000000 0.000000 0.000000 551802.000000
3.000000 2.000000 0.000000 1.000000 1.000000 0.000000 0.000000 0.000000 488396.000000
4.000000 5.000000 1.000000 0.000000 1.000000 0.000000 0.000000 0.000000 573308.000000
3.000000 3.000000 1.000000 1.000000 1.000000 7.000000 0.000000 0.000000 620867.000000
1.000000 3.000000 1.000000 1.000000 0.000000 6.000000 0.000000 0.000000 675560.000000
0.000000 4.000000 0.000000 1.000000 1.000000 5.000000 0.000000 0.000000 365846.000000
3.000000 4.000000 1.000000 0.000000 0.000000 9.000000 0.000000 0.000000 723022.000000
0.000000 3.000000 1.000000 0.000000 0.000000 7.000000 0.000000 0.000000 755415.000000
3.000000 0.000000 0.000000 2.000000 0.000000 2.000000 0.000000 0.000000 547225.000000
0.000000 3.000000 0.000000 1.000000 0.000000 1.000000 0.000000 0.000000 505869.000000
2.000000 4.000000 0.000000 0.000000 1.000000 3.000000 0.000000 0.000000 483892.000000
2.000000 1.000000 1.000000 2.000000 1.000000 7.000000 0.000000 0.000000 559307.000000
0.000000 5.000000 0.000000 1.000000 1.000000 6.000000 0.000000 0.000000 314007.000000
4.000000 4.000000 1.000000 1.000000 1.000000 4.000000 0.000000 0.000000 614552.000000
4.000000 4.000000 1.000000 0.000000 0.000000 6.000000 0.000000 0.000000 687133.000000
3.000000 4.000000 0.000000 2.000000 0.000000 1.000000 0.000000 0.000000 555534.000000
3.000000 2.000000 0.000000 1.000000 0.000000 4.000000 0.000000 0.000000 656565.000000
0.000000 3.000000 0.000000 0.000000 0.000000 1.000000 0.000000 0.000000 516191.000000
2.000000 4.000000 1.000000 1.000000 0.000000 4.000000 0.000000 0.000000 771821.000000
1.000000 1.000000 1.000000 2.000000 0.000000 6.000000 0.000000 0.000000 647331.000000
3.000000 1.000000 1.000000 1.000000 0.000000 9.000000 0.000000 0.000000 679462.000000
1.000000 0.000000 1.000000 2.000000 1.000000 3.000000 0.000000 0.000000 676705.000000
0.000000 5.000000 0.000000 0.000000 1.000000 0.000000 0.000000 0.000000 423028.000000
3.000000 4.000000 0.000000 2.000000 0.000000 8.000000 0.000000 0.000000 518789.000000
3.000000 3.000000 0.000000 1.000000 0.000000 4.000000 0.000000 0.000000 656565.000000
4.000000 5.000000 0.000000 0.000000 1.000000 5.000000 0.000000 0.000000 365375.000000
1.000000 4.000000 1.000000 1.000000 0.000000 1.000000 0.000000 0.000000 675560.000000
4.000000 3.000000 0.000000 1.000000 0.000000 1.000000 0.000000 0.000000 534355.000000
2.000000 1.000000 0.000000 2.000000 0.000000 4.000000 0.000000 0.000000 600668.000000
3.000000 5.000000 0.000000 1.000000 0.000000 5.000000 0.000000 0.000000 519000.000000
3.000000 4.000000 1.000000 0.000000 1.000000 6.000000 0.000000 0.000000 533888.000000
0.000000 5.000000 1.000000 2.000000 1.000000 3.000000 0.000000 0.000000 563121.000000
0.000000 3.000000 0.000000 0.000000 1.000000 1.000000 0.000000 0.000000 352612.000000
0.000000 3.000000 1.000000 0.000000 0.000000 0.000000 0.000000 0.000000 749370.000000
2.000000 2.000000 0.000000 2.000000 0.000000 9.000000 0.000000 0.000000 546705.000000
2.000000 1.000000 1.000000 1.000000 0.000000 2.000000 0.000000 0.000000 558428.000000
4.000000 5.000000 1.000000 0.000000 0.000000 2.000000 0.000000 0.000000 579738.000000
2.000000 4.000000 0.000000 0.000000 0.000000 4.000000 0.000000 0.000000 0.000000
3.000000 2.000000 1.000000 0.000000 0.000000 4.000000 0.000000 0.000000 789601.000000
1.000000 3.000000 0.000000 0.000000 1.000000 9.000000 0.000000 0.000000 0.000000
3.000000 0.000000 1.000000 0.000000 0.000000 4.000000 0.000000 0.000000 0.000000
1.000000 1.000000 0.000000 1.000000 1.000000 1.000000 0.000000 0.000000 0.000000
4.000000 2.000000 0.000000 1.000000 0.000000 7.000000 0.000000 0.000000 0.000000
1.000000 0.000000 1.000000 1.000000 1.000000 7.000000 0.000000 0.000000 675429.000000
3.000000 3.000000 1.000000 2.000000 1.000000 4.000000 0.000000 0.000000 628014.000000
0.000000 2.000000 1.000000 2.000000 1.000000 7.000000 0.000000 0.000000 0.000000
2.000000 2.000000 1.000000 0.000000 0.000000 8.000000 0.000000 0.000000 0.000000
1.000000 5.000000 0.000000 1.000000 1.000000 1.000000 0.000000 0.000000 0.000000
0.000000 1.000000 0.000000 2.000000 1.000000 2.000000 0.000000 0.000000 0.000000
0.000000 1.000000 0.000000 2.000000 1.000000 9.000000 0.000000 0.000000 336453.000000
0.000000 3.000000 1.000000 1.000000 0.000000 9.000000 0.000000 0.000000 668766.000000
4.000000 2.000000 0.000000 2.000000 0.000000 0.000000 0.000000 0.000000 0.000000
2.000000 4.000000 1.000000 1.000000 0.000000 3.000000 0.000000 0.000000 0.000000
3.000000 3.000000 0.000000 0.000000 0.000000 9.000000 0.000000 0.000000 580005.000000
