2.000000 1.000000 0.000000 2.000000 1.000000 1.000000 0.818879 0.004625 326562.000000 0.258579 0.008948 266500.000000
1.000000 0.000000 1.000000 2.000000 0.000000 2.000000 0.772845 0.005305 671876.000000 0.256965 0.016705 277631.000000
0.000000 2.000000 1.000000 1.000000 1.000000 3.000000 0.676030 0.004600 586944.000000 0.259287 0.013413 272969.000000
0.000000 1.000000 0.000000 1.000000 1.000000 1.000000 0.670508 0.003770 303311.000000 0.258579 0.009097 266500.000000
4.000000 4.000000 0.000000 0.000000 1.000000 5.000000 0.838235 0.007140 405125.000000 0.259287 0.013247 274036.000000
0.000000 0.000000 0.000000 1.000000 0.000000 7.000000 0.680501 0.003285 667743.000000 0.259465 0.021015 289631.000000
2.000000 5.000000 0.000000 1.000000 1.000000 3.000000 0.825169 0.005170 433394.000000 0.259287 0.010488 269957.000000
2.000000 5.000000 0.000000 0.000000 0.000000 6.000000 0.820612 0.003515 499202.000000 0.258579 0.008948 266637.000000
0.000000 2.000000 1.000000 0.000000 1.000000 2.000000 0.644086 0.005060 415455.000000 0.256965 0.011804 269581.000000
1.000000 5.000000 0.000000 2.000000 0.000000 8.000000 0.822826 0.004820 466967.000000 0.258579 0.008931 268663.000000
0.000000 4.000000 0.000000 1.000000 1.000000 9.000000 0.676496 0.004685 383409.000000 0.259287 0.015893 282489.000000
3.000000 5.000000 0.000000 0.000000 0.000000 0.000000 0.838178 0.010420 616424.000000 0.259465 0.012959 280056.000000
0.000000 3.000000 1.000000 0.000000 1.000000 7.000000 0.680475 0.006050 584002.000000 0.259465 0.015900 282398.000000
4.000000 1.000000 1.000000 2.000000 0.000000 2.000000 0.772535 0.004860 555576.000000 0.256965 0.008888 267249.000000
3.000000 5.000000 1.000000 2.000000 0.000000 6.000000 0.813077 0.009980 665676.000000 0.258579 0.008934 268720.000000
2.000000 5.000000 0.000000 2.000000 1.000000 8.000000 0.825127 0.005690 296440.000000 0.258579 0.008948 267913.000000
4.000000 4.000000 0.000000 1.000000 1.000000 2.000000 0.774350 0.006140 305094.000000 0.256965 0.011639 270489.000000
3.000000 0.000000 0.000000 0.000000 1.000000 8.000000 0.830600 0.012500 434985.000000 0.258579 0.016800 280310.000000
2.000000 1.000000 1.000000 0.000000 0.000000 6.000000 0.819240 0.004175 642881.000000 0.258579 0.008948 266568.000000
4.000000 3.000000 1.000000 2.000000 1.000000 7.000000 0.835045 0.007755 608296.000000 0.259465 0.015734 283148.000000
4.000000 3.000000 0.000000 0.000000 0.000000 0.000000 0.831048 0.005465 634094.000000 0.259465 0.015734 281803.000000
2.000000 1.000000 0.000000 0.000000 0.000000 8.000000 0.827787 0.003840 456993.000000 0.258579 0.008948 267845.000000
1.000000 0.000000 1.000000 0.000000 0.000000 3.000000 0.827361 0.005795 857229.000000 0.259287 0.018358 281020.000000
2.000000 2.000000 0.000000 2.000000 1.000000 2.000000 0.772540 0.004730 285948.000000 0.256965 0.011656 269581.000000
1.000000 5.000000 1.000000 1.000000 1.000000 7.000000 0.835361 0.007610 568497.000000 0.259465 0.012956 280067.000000
3.000000 0.000000 1.000000 0.000000 1.000000 7.000000 0.833411 0.013000 702560.000000 0.259465 0.020852 291715.000000
4.000000 4.000000 1.000000 1.000000 0.000000 1.000000 0.820361 0.005090 677629.000000 0.258579 0.011699 270489.000000
3.000000 2.000000 1.000000 1.000000 0.000000 6.000000 0.822084 0.009820 675443.000000 0.258579 0.011702 271732.000000
1.000000 3.000000 1.000000 2.000000 1.000000 4.000000 0.829762 0.007685 609654.000000 0.259287 0.013247 273855.000000
2.000000 5.000000 1.000000 0.000000 1.000000 8.000000 0.826707 0.006540 422334.000000 0.258579 0.008948 267913.000000
0.000000 1.000000 1.000000 1.000000 0.000000 8.000000 0.674930 0.003205 560953.000000 0.258579 0.009097 267845.000000
0.000000 3.000000 0.000000 0.000000 1.000000 0.000000 0.680498 0.005550 455998.000000 0.259465 0.015900 281053.000000
3.000000 1.000000 0.000000 0.000000 0.000000 2.000000 0.774144 0.010040 452560.000000 0.256965 0.008891 268583.000000
4.000000 2.000000 1.000000 0.000000 0.000000 6.000000 0.820361 0.005605 687133.000000 0.258579 0.011699 496646.000000
4.000000 4.000000 1.000000 1.000000 0.000000 3.000000 0.827361 0.005120 783314.000000 0.259287 0.013247 273877.000000
0.000000 1.000000 0.000000 2.000000 1.000000 4.000000 0.676412 0.004535 420980.000000 0.259287 0.010637 269957.500000
3.000000 5.000000 1.000000 2.000000 1.000000 9.000000 0.827592 0.012700 514197.000000 0.259287 0.012954 281401.000000
3.000000 3.000000 0.000000 0.000000 0.000000 0.000000 0.838703 0.010535 650406.000000 0.259465 0.015737 283137.000000
3.000000 0.000000 0.000000 1.000000 0.000000 4.000000 0.829791 0.009550 722435.000000 0.259287 0.018361 282422.000000
4.000000 4.000000 0.000000 1.000000 0.000000 2.000000 0.772845 0.004480 459478.000000 0.256965 0.011639 270489.000000
4.000000 5.000000 1.000000 0.000000 0.000000 8.000000 0.824252 0.006055 617459.000000 0.258579 0.008931 268663.000000
3.000000 1.000000 0.000000 0.000000 0.000000 4.000000 0.828915 0.009840 633403.000000 0.259287 0.010474 272040.000000
2.000000 4.000000 1.000000 0.000000 0.000000 0.000000 0.838144 0.004765 765595.000000 0.259465 0.015751 281144.000000
2.000000 3.000000 0.000000 1.000000 0.000000 1.000000 0.819524 0.003085 523031.000000 0.258579 0.011716 269649.000000
0.000000 3.000000 1.000000 1.000000 0.000000 4.000000 0.676030 0.003050 755448.000000 0.259287 0.013413 273106.000000
3.000000 2.000000 1.000000 0.000000 1.000000 7.000000 0.833411 0.012750 624862.000000 0.259465 0.015737 284413.000000
0.000000 3.000000 0.000000 2.000000 0.000000 7.000000 0.680501 0.003050 606962.000000 0.259465 0.015900 282398.000000
3.000000 5.000000 0.000000 1.000000 1.000000 2.000000 0.774936 0.011650 281413.000000 0.256965 0.008891 268652.000000
4.000000 5.000000 0.000000 2.000000 0.000000 5.000000 0.836053 0.004655 502499.000000 0.259287 0.010471 270865.000000
3.000000 5.000000 0.000000 0.000000 1.000000 7.000000 0.832087 0.012950 477118.000000 0.259465 0.012959 504898.250000
2.000000 1.000000 0.000000 0.000000 0.000000 1.000000 0.819205 0.003510 499202.000000 0.258579 0.008948 266500.000000
4.000000 0.000000 1.000000 1.000000 1.000000 6.000000 0.822188 0.007385 574364.000000 0.258579 0.016797 277700.000000
3.000000 5.000000 0.000000 0.000000 0.000000 4.000000 0.829653 0.009885 633403.000000 0.259287 0.010474 272109.000000
1.000000 5.000000 1.000000 1.000000 0.000000 2.000000 0.775028 0.004990 567659.000000 0.256965 0.008888 494336.000000
4.000000 3.000000 0.000000 1.000000 1.000000 2.000000 0.774350 0.006610 297863.000000 0.256965 0.011639 270398.000000
4.000000 1.000000 1.000000 0.000000 1.000000 3.000000 0.828053 0.006855 571573.000000 0.259287 0.010471 270638.000000
1.000000 0.000000 0.000000 1.000000 0.000000 4.000000 0.827430 0.004605 703925.000000 0.259287 0.018358 281088.000000
1.000000 1.000000 1.000000 2.000000 1.000000 3.000000 0.830413 0.006365 565565.000000 0.259287 0.010471 270638.000000
1.000000 2.000000 0.000000 0.000000 0.000000 2.000000 0.772845 0.004970 467321.000000 0.256965 0.011639 270330.000000
0.000000 3.000000 1.000000 1.000000 0.000000 5.000000 0.677847 0.003385 651332.000000 0.259287 0.013413 273196.000000
1.000000 3.000000 1.000000 1.000000 0.000000 9.000000 0.822870 0.005735 694705.000000 0.259287 0.015727 283148.000000
0.000000 4.000000 1.000000 1.000000 0.000000 9.000000 0.676470 0.003675 668766.000000 0.259287 0.015893 282489.000000
4.000000 2.000000 1.000000 1.000000 0.000000 7.000000 0.835685 0.005795 773575.000000 0.259465 0.015734 283079.000000
4.000000 0.000000 0.000000 0.000000 1.000000 4.000000 0.829895 0.007585 567707.000000 0.259287 0.018358 281088.000000
0.000000 4.000000 1.000000 2.000000 0.000000 6.000000 0.670508 0.003010 653989.000000 0.258579 0.011865 269808.000000
3.000000 5.000000 0.000000 2.000000 1.000000 9.000000 0.826545 0.012300 394427.000000 0.259287 0.012954 281401.000000
2.000000 0.000000 0.000000 2.000000 1.000000 8.000000 0.825309 0.005505 402679.000000 0.258579 0.016814 278227.000000
4.000000 2.000000 0.000000 1.000000 1.000000 0.000000 0.838808 0.006645 471127.000000 0.259465 0.015734 281734.000000
0.000000 3.000000 0.000000 1.000000 0.000000 3.000000 0.676412 0.002385 611416.000000 0.259287 0.013413 273038.000000
3.000000 3.000000 0.000000 1.000000 0.000000 6.000000 0.822084 0.009390 550855.000000 0.258579 0.011702 271801.000000
2.000000 4.000000 1.000000 2.000000 0.000000 4.000000 0.828753 0.003795 777132.000000 0.259287 0.013264 273196.000000
2.000000 0.000000 0.000000 2.000000 0.000000 6.000000 0.819524 0.003305 593898.000000 0.258579 0.016814 276950.000000
0.000000 4.000000 1.000000 2.000000 0.000000 1.000000 0.670508 0.003015 653989.000000 0.258579 0.011865 496151.750000
4.000000 5.000000 1.000000 2.000000 1.000000 9.000000 0.833683 0.007680 498323.000000 0.259287 0.012951 503897.750000
0.000000 0.000000 1.000000 0.000000 1.000000 0.000000 0.680191 0.005620 650163.000000 0.259465 0.021015 288286.000000
4.000000 0.000000 0.000000 0.000000 1.000000 8.000000 0.825326 0.007410 418958.000000 0.258579 0.016797 278976.000000
4.000000 0.000000 1.000000 2.000000 0.000000 2.000000 0.772845 0.005345 673622.000000 0.256965 0.016705 277631.000000
2.000000 4.000000 0.000000 2.000000 1.000000 0.000000 0.838521 0.005215 469389.000000 0.259465 0.015751 281144.000000
4.000000 1.000000 1.000000 2.000000 1.000000 4.000000 0.828681 0.007100 573301.000000 0.259287 0.010471 270706.000000
2.000000 5.000000 0.000000 0.000000 0.000000 9.000000 0.832463 0.004180 518882.000000 0.259287 0.012968 279318.000000
2.000000 2.000000 0.000000 0.000000 0.000000 0.000000 0.830616 0.004115 622892.000000 0.259465 0.015751 280985.000000
2.000000 0.000000 0.000000 1.000000 0.000000 3.000000 0.828822 0.003325 694480.000000 0.259287 0.018375 280271.000000
3.000000 5.000000 1.000000 1.000000 0.000000 1.000000 0.822425 0.009985 660952.000000 0.258579 0.008934 268652.000000
4.000000 5.000000 0.000000 0.000000 1.000000 4.000000 0.830586 0.007785 460274.000000 0.259287 0.010471 270775.000000
4.000000 3.000000 0.000000 2.000000 0.000000 4.000000 0.827430 0.004480 644732.000000 0.259287 0.013247 273855.000000
1.000000 1.000000 1.000000 0.000000 1.000000 2.000000 0.775040 0.006795 389299.000000 0.256965 0.008888 267249.000000
2.000000 2.000000 1.000000 1.000000 0.000000 8.000000 0.825630 0.004250 629105.000000 0.258579 0.011716 270926.000000
1.000000 2.000000 0.000000 0.000000 0.000000 6.000000 0.820361 0.004930 542287.000000 0.258579 0.011699 270398.000000
2.000000 5.000000 1.000000 1.000000 0.000000 9.000000 0.830117 0.004320 651973.000000 0.259287 0.012968 279318.000000
1.000000 0.000000 1.000000 0.000000 0.000000 8.000000 0.826303 0.006300 714011.000000 0.258579 0.016797 278976.000000
4.000000 3.000000 1.000000 0.000000 1.000000 5.000000 0.839903 0.007905 519707.000000 0.259287 0.013247 273946.000000
3.000000 0.000000 0.000000 0.000000 1.000000 2.000000 0.774247 0.012000 396633.000000 0.256965 0.016708 278965.000000
1.000000 4.000000 0.000000 2.000000 1.000000 9.000000 0.832645 0.006815 416611.000000 0.259287 0.015727 283238.000000
0.000000 3.000000 0.000000 1.000000 0.000000 0.000000 0.680498 0.002835 595243.000000 0.259465 0.015900 281053.000000
3.000000 2.000000 0.000000 1.000000 1.000000 7.000000 0.831524 0.011850 495443.000000 0.259465 0.015737 284413.000000
3.000000 0.000000 1.000000 2.000000 0.000000 2.000000 0.774247 0.010390 690429.000000 0.256965 0.016708 278965.000000
4.000000 3.000000 0.000000 0.000000 1.000000 4.000000 0.829895 0.007870 494082.000000 0.259287 0.013247 499238.750000
1.000000 5.000000 1.000000 1.000000 1.000000 4.000000 0.828201 0.007575 572231.000000 0.259287 0.010471 270775.000000
0.000000 4.000000 1.000000 1.000000 0.000000 6.000000 0.670508 0.003005 649411.000000 0.258579 0.011865 269808.000000
1.000000 0.000000 0.000000 1.000000 1.000000 1.000000 0.822188 0.006250 442280.000000 0.258579 0.016797 277631.000000
3.000000 5.000000 1.000000 0.000000 1.000000 3.000000 0.827501 0.012350 593016.000000 0.259287 0.010474 272040.000000
4.000000 1.000000 0.000000 1.000000 0.000000 4.000000 0.828580 0.004395 607253.000000 0.259287 0.010471 270706.000000
3.000000 0.000000 1.000000 2.000000 0.000000 9.000000 0.825595 0.010950 784332.000000 0.259287 0.020841 291715.000000
3.000000 1.000000 0.000000 2.000000 0.000000 2.000000 0.773457 0.009455 447940.000000 0.256965 0.008891 268583.000000
3.000000 4.000000 0.000000 0.000000 1.000000 7.000000 0.831524 0.012550 517578.000000 0.259465 0.015737 284572.000000
2.000000 1.000000 0.000000 1.000000 1.000000 0.000000 0.838290 0.005185 426385.000000 0.259465 0.012973 277904.000000
1.000000 5.000000 0.000000 2.000000 0.000000 5.000000 0.831048 0.004675 505537.000000 0.259287 0.010471 270865.000000
0.000000 2.000000 0.000000 2.000000 0.000000 5.000000 0.679208 0.002725 512462.000000 0.259287 0.013413 273128.000000
1.000000 2.000000 0.000000 1.000000 1.000000 8.000000 0.825326 0.006520 328191.000000 0.258579 0.011700 271675.000000
4.000000 5.000000 0.000000 2.000000 0.000000 9.000000 0.826682 0.005020 524681.000000 0.259287 0.012951 280067.000000
2.000000 0.000000 0.000000 0.000000 1.000000 4.000000 0.830126 0.006230 555941.000000 0.259287 0.018375 280339.000000
2.000000 5.000000 1.000000 1.000000 1.000000 3.000000 0.829929 0.005830 577396.000000 0.259287 0.010488 269957.000000
1.000000 1.000000 0.000000 0.000000 0.000000 9.000000 0.828647 0.005505 528156.000000 0.259287 0.012951 279999.000000
3.000000 3.000000 0.000000 0.000000 0.000000 7.000000 0.833165 0.010745 656952.000000 0.259465 0.015737 284482.000000
4.000000 5.000000 1.000000 2.000000 0.000000 5.000000 0.831600 0.005400 651001.000000 0.259287 0.010471 270865.000000
4.000000 5.000000 1.000000 2.000000 1.000000 4.000000 0.829826 0.007640 578533.000000 0.259287 0.010471 270775.000000
3.000000 4.000000 1.000000 1.000000 0.000000 1.000000 0.822084 0.010015 693774.000000 0.258579 0.011702 271823.000000
2.000000 3.000000 0.000000 0.000000 0.000000 6.000000 0.819524 0.003610 532872.000000 0.258579 0.011716 269717.000000
1.000000 4.000000 0.000000 1.000000 0.000000 4.000000 0.827430 0.004425 637806.000000 0.259287 0.013247 273946.000000
3.000000 1.000000 1.000000 1.000000 0.000000 1.000000 0.822084 0.009930 660952.000000 0.258579 0.008934 268583.000000
1.000000 5.000000 0.000000 2.000000 1.000000 5.000000 0.838235 0.006930 358084.000000 0.259287 0.010471 270865.000000
2.000000 1.000000 1.000000 2.000000 1.000000 0.000000 0.832455 0.005615 552591.000000 0.259465 0.012973 277904.000000
4.000000 0.000000 0.000000 0.000000 1.000000 5.000000 0.838235 0.007355 471738.000000 0.259287 0.018358 281179.000000
1.000000 1.000000 1.000000 2.000000 0.000000 4.000000 0.827948 0.004975 752808.000000 0.259287 0.010471 270706.000000
1.000000 4.000000 1.000000 2.000000 1.000000 4.000000 0.829762 0.007180 616639.000000 0.259287 0.013247 273946.000000
2.000000 5.000000 1.000000 0.000000 1.000000 2.000000 0.772402 0.005985 384798.000000 0.256965 0.008905 493773.500000
1.000000 2.000000 0.000000 2.000000 1.000000 5.000000 0.838235 0.006485 386613.000000 0.259287 0.013247 273877.000000
1.000000 0.000000 1.000000 0.000000 0.000000 4.000000 0.827361 0.005800 857229.000000 0.259287 0.018358 281088.000000
3.000000 4.000000 0.000000 2.000000 1.000000 4.000000 0.829791 0.011750 513481.000000 0.259287 0.013250 275280.000000
3.000000 0.000000 0.000000 2.000000 1.000000 0.000000 0.828821 0.011950 571714.000000 0.259465 0.020852 511625.000000
4.000000 1.000000 1.000000 1.000000 0.000000 4.000000 0.827034 0.005050 750675.000000 0.259287 0.010471 270706.000000
4.000000 2.000000 0.000000 0.000000 1.000000 3.000000 0.829895 0.006640 483226.000000 0.259287 0.013247 273718.000000
3.000000 1.000000 1.000000 0.000000 1.000000 0.000000 0.831763 0.012450 584985.000000 0.259465 0.012959 503838.500000
0.000000 3.000000 1.000000 2.000000 1.000000 6.000000 0.670508 0.005790 495968.000000 0.258579 0.011865 269717.000000
1.000000 0.000000 1.000000 1.000000 1.000000 1.000000 0.822188 0.006655 566514.000000 0.258579 0.016797 277631.000000
3.000000 0.000000 1.000000 1.000000 1.000000 9.000000 0.834365 0.012450 617256.000000 0.259287 0.020841 291715.000000
3.000000 4.000000 1.000000 2.000000 0.000000 5.000000 0.839868 0.010505 701029.000000 0.259287 0.013250 275370.000000
1.000000 5.000000 0.000000 2.000000 1.000000 0.000000 0.838458 0.007045 445604.000000 0.259465 0.012956 278722.000000
2.000000 4.000000 0.000000 1.000000 0.000000 4.000000 0.828822 0.003135 628560.000000 0.259287 0.013264 273196.000000
3.000000 0.000000 1.000000 2.000000 0.000000 7.000000 0.834939 0.011000 861191.000000 0.259465 0.020852 291715.000000
2.000000 5.000000 0.000000 2.000000 0.000000 2.000000 0.773139 0.003030 419963.000000 0.256965 0.008905 266568.000000
1.000000 0.000000 0.000000 2.000000 1.000000 2.000000 0.774350 0.006330 372706.000000 0.256965 0.016705 277631.000000
0.000000 2.000000 1.000000 2.000000 1.000000 8.000000 0.675007 0.004865 428627.000000 0.258579 0.011865 270926.000000
2.000000 0.000000 0.000000 1.000000 0.000000 9.000000 0.832463 0.003925 608027.000000 0.259287 0.020855 289631.000000
0.000000 3.000000 0.000000 1.000000 1.000000 1.000000 0.670508 0.004445 343204.000000 0.258579 0.011865 269649.000000
1.000000 2.000000 0.000000 1.000000 0.000000 1.000000 0.820361 0.004410 532609.000000 0.258579 0.011699 270330.000000
3.000000 4.000000 0.000000 1.000000 0.000000 1.000000 0.822084 0.009395 550855.000000 0.258579 0.011702 271823.000000
0.000000 5.000000 1.000000 2.000000 0.000000 4.000000 0.676030 0.002955 726922.000000 0.259287 0.010637 270025.000000
0.000000 2.000000 1.000000 0.000000 1.000000 3.000000 0.676030 0.005140 597186.000000 0.259287 0.013413 272969.000000
0.000000 4.000000 0.000000 0.000000 0.000000 3.000000 0.676412 0.002900 621205.000000 0.259287 0.013413 498693.500000
4.000000 2.000000 0.000000 2.000000 0.000000 5.000000 0.830278 0.004815 540628.000000 0.259287 0.013247 273877.000000
4.000000 5.000000 0.000000 1.000000 1.000000 9.000000 0.835574 0.007260 372812.000000 0.259287 0.012951 280067.000000
1.000000 3.000000 0.000000 1.000000 1.000000 8.000000 0.825326 0.007055 333044.000000 0.258579 0.011700 271743.000000
2.000000 5.000000 0.000000 1.000000 1.000000 8.000000 0.821159 0.005660 290487.000000 0.258579 0.008948 267913.000000
0.000000 1.000000 0.000000 2.000000 1.000000 0.000000 0.680313 0.004360 412990.000000 0.259465 0.013122 277904.000000
1.000000 1.000000 0.000000 0.000000 1.000000 4.000000 0.829171 0.007190 453701.000000 0.259287 0.010471 270706.000000
1.000000 4.000000 0.000000 1.000000 0.000000 1.000000 0.820361 0.004405 532609.000000 0.258579 0.011699 270489.000000
1.000000 2.000000 1.000000 1.000000 0.000000 1.000000 0.820361 0.005035 675560.000000 0.258579 0.011699 270330.000000
4.000000 0.000000 0.000000 0.000000 1.000000 2.000000 0.774350 0.006890 379521.000000 0.256965 0.016705 277631.000000
0.000000 2.000000 1.000000 0.000000 1.000000 4.000000 0.676030 0.005825 602993.000000 0.259287 0.013413 273038.000000
2.000000 5.000000 1.000000 2.000000 1.000000 4.000000 0.827640 0.006275 567666.000000 0.259287 0.010488 270025.000000
4.000000 2.000000 0.000000 0.000000 0.000000 0.000000 0.831048 0.005465 634094.000000 0.259465 0.015734 281734.000000
3.000000 2.000000 0.000000 1.000000 1.000000 6.000000 0.822084 0.011650 390285.000000 0.258579 0.011702 271732.000000
0.000000 3.000000 0.000000 1.000000 0.000000 7.000000 0.680501 0.003045 602076.000000 0.259465 0.015900 282398.000000
4.000000 3.000000 1.000000 0.000000 0.000000 2.000000 0.772845 0.005675 613040.000000 0.256965 0.011639 270398.000000
0.000000 0.000000 0.000000 2.000000 0.000000 4.000000 0.676412 0.002650 682387.000000 0.259287 0.018524 280339.000000
3.000000 5.000000 0.000000 0.000000 0.000000 8.000000 0.824522 0.010445 490063.000000 0.258579 0.008934 269997.000000
4.000000 4.000000 0.000000 2.000000 1.000000 3.000000 0.829895 0.006150 490882.000000 0.259287 0.013247 273877.000000
0.000000 5.000000 0.000000 2.000000 0.000000 8.000000 0.675007 0.002750 441256.000000 0.258579 0.009097 267913.000000
3.000000 0.000000 1.000000 1.000000 0.000000 3.000000 0.829722 0.010230 865747.000000 0.259287 0.018361 282354.000000
1.000000 5.000000 1.000000 2.000000 0.000000 3.000000 0.828684 0.004985 752808.000000 0.259287 0.010471 496877.000000
3.000000 5.000000 1.000000 1.000000 0.000000 6.000000 0.815884 0.009925 660952.000000 0.258579 0.008934 268720.000000
0.000000 2.000000 0.000000 1.000000 0.000000 8.000000 0.675007 0.002860 469242.000000 0.258579 0.011865 497042.000000
3.000000 1.000000 0.000000 0.000000 0.000000 1.000000 0.822084 0.009905 527315.000000 0.258579 0.008934 268583.000000
0.000000 2.000000 0.000000 0.000000 0.000000 6.000000 0.670508 0.002885 516191.000000 0.258579 0.011865 269649.000000
0.000000 3.000000 0.000000 1.000000 0.000000 9.000000 0.676496 0.002995 524990.000000 0.259287 0.015893 282398.000000
2.000000 0.000000 1.000000 2.000000 1.000000 8.000000 0.828762 0.005885 523448.000000 0.258579 0.016814 278227.000000
0.000000 4.000000 0.000000 1.000000 0.000000 5.000000 0.679208 0.002705 507506.000000 0.259287 0.013413 273287.000000
1.000000 2.000000 1.000000 2.000000 1.000000 1.000000 0.822188 0.006375 492933.000000 0.258579 0.011699 270330.000000
0.000000 2.000000 0.000000 0.000000 0.000000 8.000000 0.675007 0.003370 478665.000000 0.258579 0.011865 270926.000000
1.000000 4.000000 0.000000 2.000000 0.000000 8.000000 0.824961 0.004920 500572.000000 0.258579 0.011700 271834.000000
1.000000 3.000000 0.000000 1.000000 0.000000 0.000000 0.835497 0.004865 622197.000000 0.259465 0.015734 281803.000000
3.000000 0.000000 1.000000 0.000000 0.000000 1.000000 0.822084 0.010525 770552.000000 0.258579 0.016800 278965.000000
3.000000 3.000000 0.000000 0.000000 1.000000 5.000000 0.828016 0.012700 414998.000000 0.259287 0.013250 275280.000000
3.000000 5.000000 1.000000 2.000000 1.000000 7.000000 0.833411 0.012750 591846.000000 0.259465 0.012959 281401.000000
0.000000 4.000000 1.000000 2.000000 1.000000 5.000000 0.677847 0.004855 493133.000000 0.259287 0.013413 273287.000000
1.000000 5.000000 1.000000 1.000000 1.000000 0.000000 0.833816 0.007450 563259.000000 0.259465 0.012956 278722.000000
1.000000 2.000000 1.000000 0.000000 0.000000 3.000000 0.827361 0.005605 791554.000000 0.259287 0.013247 273718.000000
4.000000 4.000000 0.000000 0.000000 0.000000 0.000000 0.831048 0.005465 634094.000000 0.259465 0.015734 281893.000000
0.000000 1.000000 0.000000 1.000000 1.000000 9.000000 0.676496 0.004525 338123.000000 0.259287 0.013117 279249.000000
3.000000 4.000000 0.000000 0.000000 0.000000 1.000000 0.822084 0.009990 560199.000000 0.258579 0.011702 497714.750000
1.000000 1.000000 1.000000 0.000000 0.000000 2.000000 0.772845 0.005520 578178.000000 0.256965 0.008888 267249.000000
2.000000 0.000000 1.000000 0.000000 0.000000 3.000000 0.828753 0.004500 848482.000000 0.259287 0.018375 504050.750000
2.000000 3.000000 0.000000 1.000000 1.000000 9.000000 0.832498 0.005975 394329.000000 0.259287 0.015744 282398.000000
1.000000 1.000000 1.000000 1.000000 0.000000 0.000000 0.833943 0.005460 732571.000000 0.259465 0.012956 278654.000000
1.000000 4.000000 1.000000 0.000000 0.000000 2.000000 0.772845 0.005610 611265.000000 0.256965 0.011639 270489.000000
0.000000 3.000000 0.000000 0.000000 1.000000 6.000000 0.670508 0.005650 357070.000000 0.258579 0.011865 269717.000000
1.000000 2.000000 0.000000 1.000000 1.000000 3.000000 0.829831 0.006015 470278.000000 0.259287 0.013247 273718.000000
4.000000 5.000000 0.000000 2.000000 1.000000 0.000000 0.838220 0.007110 447900.000000 0.259465 0.012956 278722.000000
1.000000 0.000000 1.000000 1.000000 0.000000 3.000000 0.827361 0.005270 847563.000000 0.259287 0.018358 281020.000000
4.000000 4.000000 1.000000 2.000000 0.000000 1.000000 0.820361 0.005105 682454.000000 0.258579 0.011699 270489.000000
1.000000 0.000000 1.000000 1.000000 1.000000 8.000000 0.827329 0.007150 528750.000000 0.258579 0.016797 278976.000000
2.000000 0.000000 1.000000 2.000000 0.000000 2.000000 0.773004 0.003970 661968.000000 0.256965 0.016722 276882.000000
2.000000 5.000000 1.000000 2.000000 0.000000 8.000000 0.826610 0.004180 600625.000000 0.258579 0.008948 267913.000000
4.000000 5.000000 0.000000 0.000000 1.000000 7.000000 0.830179 0.007860 458890.000000 0.259465 0.012956 280067.000000
0.000000 1.000000 0.000000 0.000000 0.000000 8.000000 0.675007 0.003260 445712.000000 0.258579 0.009097 267845.000000
3.000000 0.000000 1.000000 0.000000 1.000000 0.000000 0.834803 0.012800 696292.000000 0.259465 0.020852 290370.000000
1.000000 1.000000 1.000000 2.000000 0.000000 1.000000 0.820361 0.004960 647331.000000 0.258579 0.008931 267249.000000
2.000000 2.000000 1.000000 2.000000 0.000000 4.000000 0.828753 0.003800 777132.000000 0.259287 0.013264 273038.000000
3.000000 3.000000 0.000000 2.000000 1.000000 2.000000 0.774247 0.011700 320211.000000 0.256965 0.011642 271732.000000
3.000000 4.000000 0.000000 2.000000 1.000000 6.000000 0.822084 0.011750 407125.000000 0.258579 0.011702 271891.000000
1.000000 2.000000 0.000000 2.000000 1.000000 9.000000 0.832645 0.006755 403759.000000 0.259287 0.015727 283079.000000
1.000000 0.000000 0.000000 1.000000 1.000000 9.000000 0.832645 0.006985 476131.000000 0.259287 0.020838 290381.000000
3.000000 4.000000 1.000000 0.000000 0.000000 1.000000 0.822084 0.010630 704545.000000 0.258579 0.011702 271823.000000
0.000000 1.000000 1.000000 0.000000 0.000000 2.000000 0.643984 0.003410 551954.000000 0.256965 0.009053 266500.000000
0.000000 1.000000 0.000000 1.000000 1.000000 3.000000 0.676412 0.003815 409477.000000 0.259287 0.010637 269889.000000
4.000000 1.000000 1.000000 0.000000 1.000000 9.000000 0.832442 0.007530 497812.000000 0.259287 0.012951 279999.000000
3.000000 5.000000 1.000000 0.000000 0.000000 7.000000 0.835256 0.011350 766654.000000 0.259465 0.012959 281401.000000
4.000000 0.000000 0.000000 1.000000 1.000000 4.000000 0.829895 0.007025 557362.000000 0.259287 0.018358 281088.000000
3.000000 0.000000 0.000000 2.000000 1.000000 3.000000 0.829791 0.011200 572858.000000 0.259287 0.018361 282354.000000
0.000000 2.000000 1.000000 0.000000 0.000000 4.000000 0.676030 0.003550 765176.000000 0.259287 0.013413 273038.000000
4.000000 3.000000 0.000000 0.000000 0.000000 6.000000 0.820361 0.004980 544182.000000 0.258579 0.011699 496697.750000
2.000000 1.000000 1.000000 2.000000 0.000000 3.000000 0.828563 0.003720 744284.000000 0.259287 0.010488 269889.000000
2.000000 4.000000 0.000000 0.000000 0.000000 6.000000 0.819524 0.003610 532872.000000 0.258579 0.011716 269808.000000
4.000000 2.000000 1.000000 0.000000 1.000000 0.000000 0.838984 0.007455 602657.000000 0.259465 0.015734 281734.000000
0.000000 5.000000 1.000000 0.000000 1.000000 4.000000 0.676005 0.006240 574690.000000 0.259287 0.010637 496366.250000
4.000000 3.000000 0.000000 2.000000 0.000000 7.000000 0.836991 0.005150 634843.000000 0.259465 0.015734 283148.000000
3.000000 5.000000 1.000000 1.000000 0.000000 5.000000 0.839868 0.010400 663237.000000 0.259287 0.010474 272199.000000
2.000000 4.000000 1.000000 0.000000 1.000000 2.000000 0.772540 0.005630 425519.000000 0.256965 0.011656 269739.000000
3.000000 4.000000 1.000000 0.000000 1.000000 3.000000 0.829722 0.011950 633653.000000 0.259287 0.013250 275211.000000
3.000000 5.000000 1.000000 1.000000 0.000000 9.000000 0.825806 0.010685 679462.000000 0.259287 0.012954 281401.000000
0.000000 2.000000 0.000000 2.000000 0.000000 4.000000 0.676412 0.002410 616484.000000 0.259287 0.013413 273038.000000
3.000000 5.000000 1.000000 1.000000 0.000000 2.000000 0.773251 0.010075 586661.000000 0.256965 0.008891 495336.500000
2.000000 5.000000 1.000000 2.000000 1.000000 2.000000 0.772868 0.005560 380417.000000 0.256965 0.008905 493773.500000
2.000000 5.000000 0.000000 0.000000 0.000000 1.000000 0.820551 0.003515 499202.000000 0.258579 0.008948 266568.000000
0.000000 5.000000 1.000000 0.000000 0.000000 7.000000 0.680475 0.004110 721858.000000 0.259465 0.013122 279318.000000
0.000000 2.000000 0.000000 2.000000 0.000000 8.000000 0.675007 0.002865 474584.000000 0.258579 0.011865 270926.000000
2.000000 5.000000 0.000000 0.000000 1.000000 8.000000 0.826557 0.006230 300823.000000 0.258579 0.008948 494782.250000
4.000000 5.000000 1.000000 0.000000 0.000000 5.000000 0.825678 0.005965 656241.000000 0.259287 0.010471 270865.000000
4.000000 5.000000 1.000000 2.000000 0.000000 1.000000 0.820223 0.005010 649197.000000 0.258579 0.008931 267318.000000
4.000000 2.000000 1.000000 1.000000 0.000000 1.000000 0.820361 0.005085 677629.000000 0.258579 0.011699 270330.000000
3.000000 0.000000 0.000000 1.000000 1.000000 0.000000 0.828821 0.011900 566351.000000 0.259465 0.020852 290370.000000
3.000000 2.000000 1.000000 2.000000 1.000000 9.000000 0.834365 0.012250 543676.000000 0.259287 0.015730 284413.000000
4.000000 5.000000 0.000000 1.000000 1.000000 8.000000 0.825326 0.007020 301953.000000 0.258579 0.008931 268663.000000
0.000000 0.000000 1.000000 2.000000 1.000000 0.000000 0.680191 0.005185 646131.000000 0.259465 0.021015 288286.000000
2.000000 3.000000 1.000000 1.000000 0.000000 5.000000 0.838144 0.004135 668262.000000 0.259287 0.013264 273196.000000
0.000000 3.000000 1.000000 2.000000 0.000000 4.000000 0.676030 0.003075 760165.000000 0.259287 0.013413 273106.000000
0.000000 5.000000 0.000000 0.000000 1.000000 5.000000 0.679208 0.005305 334162.000000 0.259287 0.010637 270116.000000
4.000000 5.000000 0.000000 2.000000 0.000000 8.000000 0.822302 0.004895 469250.000000 0.258579 0.008931 268663.000000
1.000000 3.000000 1.000000 2.000000 0.000000 9.000000 0.822870 0.005730 699058.000000 0.259287 0.015727 283148.000000
1.000000 2.000000 1.000000 1.000000 1.000000 1.000000 0.822188 0.006365 488677.000000 0.258579 0.011699 270330.000000
0.000000 1.000000 1.000000 1.000000 0.000000 2.000000 0.643984 0.002875 541639.000000 0.256965 0.009053 266500.000000
4.000000 4.000000 0.000000 0.000000 1.000000 8.000000 0.825326 0.007220 352939.000000 0.258579 0.011700 271834.000000
2.000000 1.000000 0.000000 2.000000 1.000000 4.000000 0.829999 0.005360 439295.000000 0.259287 0.010488 269957.000000
1.000000 1.000000 1.000000 2.000000 1.000000 7.000000 0.833948 0.007130 567920.000000 0.259465 0.012956 279999.000000
3.000000 2.000000 1.000000 1.000000 1.000000 0.000000 0.834803 0.012050 609370.000000 0.259465 0.015737 283068.000000
4.000000 5.000000 0.000000 2.000000 1.000000 7.000000 0.833130 0.007295 454526.000000 0.259465 0.012956 280067.000000
3.000000 5.000000 0.000000 0.000000 0.000000 7.000000 0.832429 0.010640 623279.000000 0.259465 0.012959 281401.000000
1.000000 4.000000 1.000000 1.000000 1.000000 8.000000 0.827329 0.006970 462749.000000 0.258579 0.011700 497723.000000
3.000000 3.000000 1.000000 1.000000 1.000000 2.000000 0.774247 0.012050 436998.000000 0.256965 0.011642 271732.000000
4.000000 0.000000 0.000000 1.000000 1.000000 9.000000 0.832645 0.007045 479653.000000 0.259287 0.020838 290381.000000
2.000000 1.000000 0.000000 0.000000 1.000000 4.000000 0.829895 0.005895 444247.000000 0.259287 0.010488 269957.000000
2.000000 5.000000 0.000000 2.000000 0.000000 3.000000 0.828356 0.003055 600668.000000 0.259287 0.010488 269957.000000
2.000000 3.000000 0.000000 2.000000 1.000000 4.000000 0.830126 0.005985 477679.000000 0.259287 0.013264 273106.000000
4.000000 1.000000 1.000000 0.000000 1.000000 4.000000 0.829826 0.007540 577628.000000 0.259287 0.010471 270706.000000
2.000000 0.000000 1.000000 2.000000 1.000000 5.000000 0.835848 0.005825 575421.000000 0.259287 0.018375 504169.250000
4.000000 5.000000 1.000000 1.000000 1.000000 9.000000 0.824928 0.007665 494657.000000 0.259287 0.012951 280067.000000
3.000000 4.000000 0.000000 2.000000 1.000000 8.000000 0.830600 0.011650 364736.000000 0.258579 0.011702 273168.000000
0.000000 4.000000 1.000000 0.000000 0.000000 1.000000 0.670508 0.003520 659304.000000 0.258579 0.011865 269739.000000
3.000000 2.000000 1.000000 1.000000 1.000000 9.000000 0.834365 0.012150 538960.000000 0.259287 0.015730 284413.000000
3.000000 1.000000 0.000000 1.000000 0.000000 3.000000 0.829791 0.009290 623436.000000 0.259287 0.010474 271972.000000
2.000000 1.000000 0.000000 0.000000 0.000000 7.000000 0.834792 0.004230 595097.000000 0.259465 0.012973 279249.000000
2.000000 5.000000 1.000000 2.000000 0.000000 6.000000 0.819033 0.003675 637938.000000 0.258579 0.008948 266637.000000
2.000000 3.000000 1.000000 0.000000 0.000000 7.000000 0.833650 0.004985 772215.000000 0.259465 0.015751 282398.000000
1.000000 1.000000 0.000000 1.000000 0.000000 2.000000 0.774396 0.004335 424296.000000 0.256965 0.008888 267249.000000
1.000000 3.000000 1.000000 2.000000 0.000000 7.000000 0.835685 0.005580 776859.000000 0.259465 0.015734 283148.000000
0.000000 2.000000 1.000000 2.000000 0.000000 9.000000 0.676470 0.003685 673612.000000 0.259287 0.015893 282330.000000
2.000000 3.000000 1.000000 2.000000 1.000000 9.000000 0.831166 0.006130 520306.000000 0.259287 0.015744 505646.000000
3.000000 1.000000 0.000000 2.000000 0.000000 0.000000 0.838703 0.009830 611886.000000 0.259465 0.012959 279988.000000
4.000000 5.000000 1.000000 2.000000 0.000000 7.000000 0.835685 0.005705 744579.000000 0.259465 0.012956 280067.000000
3.000000 4.000000 0.000000 0.000000 1.000000 5.000000 0.828016 0.012250 422261.000000 0.259287 0.013250 275370.000000
4.000000 0.000000 0.000000 1.000000 1.000000 5.000000 0.838235 0.006650 461937.000000 0.259287 0.018358 281179.000000
2.000000 3.000000 1.000000 1.000000 0.000000 7.000000 0.833650 0.004450 762279.000000 0.259465 0.015751 282398.000000
2.000000 4.000000 1.000000 1.000000 1.000000 3.000000 0.830057 0.005205 596899.000000 0.259287 0.013264 273128.000000
1.000000 2.000000 1.000000 1.000000 0.000000 7.000000 0.835685 0.005770 772140.000000 0.259465 0.015734 283079.000000
2.000000 5.000000 1.000000 1.000000 0.000000 2.000000 0.773459 0.003465 540266.000000 0.256965 0.008905 266568.000000
2.000000 2.000000 1.000000 0.000000 1.000000 4.000000 0.830057 0.006275 600247.000000 0.259287 0.013264 273038.000000
4.000000 4.000000 1.000000 2.000000 1.000000 0.000000 0.838984 0.007120 610208.000000 0.259465 0.015734 281893.000000
0.000000 5.000000 0.000000 1.000000 1.000000 1.000000 0.670355 0.004320 309668.000000 0.258579 0.009097 266568.000000
2.000000 2.000000 0.000000 0.000000 1.000000 0.000000 0.838521 0.005820 469690.000000 0.259465 0.015751 280985.000000
1.000000 2.000000 1.000000 1.000000 0.000000 0.000000 0.833053 0.005555 765958.000000 0.259465 0.015734 281734.000000
4.000000 3.000000 1.000000 2.000000 0.000000 9.000000 0.822870 0.005760 700669.000000 0.259287 0.015727 283148.000000
1.000000 1.000000 0.000000 1.000000 0.000000 5.000000 0.832673 0.004670 500231.000000 0.259287 0.010471 270797.000000
1.000000 1.000000 1.000000 1.000000 1.000000 7.000000 0.834405 0.007080 563788.000000 0.259465 0.012956 279999.000000
3.000000 1.000000 0.000000 2.000000 1.000000 2.000000 0.775005 0.011050 280290.000000 0.256965 0.008891 268583.000000
0.000000 1.000000 0.000000 2.000000 1.000000 7.000000 0.680501 0.004590 419695.000000 0.259465 0.013122 279255.500000
4.000000 0.000000 1.000000 0.000000 1.000000 0.000000 0.838984 0.007715 680406.000000 0.259465 0.020849 289036.000000
4.000000 1.000000 1.000000 1.000000 0.000000 8.000000 0.825442 0.005525 607406.000000 0.258579 0.008931 268594.000000
0.000000 1.000000 0.000000 1.000000 1.000000 0.000000 0.680498 0.004355 407932.000000 0.259465 0.013122 277904.000000
2.000000 2.000000 0.000000 1.000000 1.000000 2.000000 0.772540 0.004710 280799.000000 0.256965 0.011656 269581.000000
2.000000 3.000000 0.000000 2.000000 1.000000 8.000000 0.825309 0.005765 329136.000000 0.258579 0.011716 270994.000000
4.000000 2.000000 1.000000 0.000000 1.000000 5.000000 0.839903 0.007380 514089.000000 0.259287 0.013247 273877.000000
4.000000 3.000000 1.000000 1.000000 1.000000 2.000000 0.774350 0.007025 420573.000000 0.256965 0.011639 496646.000000
1.000000 4.000000 0.000000 1.000000 0.000000 6.000000 0.820361 0.004405 532609.000000 0.258579 0.011699 270557.000000
1.000000 1.000000 0.000000 2.000000 1.000000 1.000000 0.821500 0.005915 335981.000000 0.258579 0.008931 267249.000000
0.000000 4.000000 0.000000 2.000000 1.000000 2.000000 0.644086 0.003980 280539.000000 0.256965 0.011804 269739.000000
1.000000 5.000000 1.000000 1.000000 1.000000 5.000000 0.824767 0.007345 475369.000000 0.259287 0.010471 270865.000000
3.000000 2.000000 0.000000 1.000000 1.000000 8.000000 0.830600 0.011550 346661.000000 0.258579 0.011702 273009.000000
1.000000 5.000000 0.000000 1.000000 0.000000 8.000000 0.823445 0.004805 461888.000000 0.258579 0.008931 268663.000000
4.000000 1.000000 0.000000 0.000000 0.000000 4.000000 0.828615 0.004925 616782.000000 0.259287 0.010471 270706.000000
2.000000 3.000000 0.000000 0.000000 0.000000 0.000000 0.830616 0.004115 622892.000000 0.259465 0.015751 281053.000000
3.000000 2.000000 0.000000 2.000000 0.000000 6.000000 0.822084 0.009400 555534.000000 0.258579 0.011702 271732.000000
3.000000 2.000000 0.000000 2.000000 1.000000 6.000000 0.822084 0.011700 395025.000000 0.258579 0.011702 271732.000000
1.000000 2.000000 1.000000 2.000000 0.000000 7.000000 0.835685 0.005785 776859.000000 0.259465 0.015734 283079.000000
4.000000 4.000000 0.000000 0.000000 1.000000 6.000000 0.822188 0.007340 394967.000000 0.258579 0.011699 270557.000000
2.000000 0.000000 1.000000 2.000000 1.000000 7.000000 0.836048 0.006100 670274.000000 0.259465 0.020866 289631.000000
4.000000 4.000000 0.000000 2.000000 1.000000 9.000000 0.832645 0.006875 419205.000000 0.259287 0.015727 283238.000000
3.000000 1.000000 0.000000 0.000000 0.000000 9.000000 0.832469 0.010610 546252.000000 0.259287 0.012954 281333.000000
1.000000 4.000000 0.000000 1.000000 1.000000 2.000000 0.774350 0.006090 302561.000000 0.256965 0.011639 270489.000000
4.000000 1.000000 1.000000 2.000000 0.000000 5.000000 0.830341 0.005400 651001.000000 0.259287 0.010471 270797.000000
1.000000 2.000000 1.000000 0.000000 0.000000 7.000000 0.835685 0.006305 781136.000000 0.259465 0.015734 283079.000000
2.000000 2.000000 1.000000 2.000000 1.000000 7.000000 0.836048 0.005915 592293.000000 0.259465 0.015751 282330.000000
2.000000 4.000000 1.000000 0.000000 1.000000 9.000000 0.831166 0.006340 532532.000000 0.259287 0.015744 282489.000000
4.000000 5.000000 0.000000 1.000000 0.000000 8.000000 0.824961 0.004860 464349.000000 0.258579 0.008931 268663.000000
0.000000 4.000000 1.000000 1.000000 1.000000 0.000000 0.680191 0.004960 577124.000000 0.259465 0.015900 281144.000000
2.000000 4.000000 0.000000 1.000000 1.000000 3.000000 0.830126 0.004800 474183.000000 0.259287 0.013264 273128.000000
1.000000 5.000000 0.000000 0.000000 0.000000 4.000000 0.827085 0.004865 614596.000000 0.259287 0.010471 496928.750000
0.000000 1.000000 1.000000 1.000000 0.000000 3.000000 0.676030 0.002935 722093.000000 0.259287 0.010637 269889.000000
4.000000 4.000000 1.000000 1.000000 0.000000 7.000000 0.835685 0.005795 773575.000000 0.259465 0.015734 283238.000000
2.000000 3.000000 1.000000 1.000000 1.000000 6.000000 0.822475 0.006295 489976.000000 0.258579 0.011716 269717.000000
3.000000 2.000000 0.000000 1.000000 1.000000 9.000000 0.834310 0.011800 417273.000000 0.259287 0.015730 284413.000000
1.000000 5.000000 1.000000 2.000000 1.000000 6.000000 0.815915 0.007540 470043.000000 0.258579 0.008931 494387.000000
0.000000 5.000000 1.000000 0.000000 1.000000 9.000000 0.676470 0.005925 473366.000000 0.259287 0.013117 503336.000000
2.000000 1.000000 0.000000 2.000000 1.000000 5.000000 0.830292 0.005080 343340.000000 0.259287 0.010488 270047.000000
2.000000 1.000000 1.000000 0.000000 1.000000 2.000000 0.772540 0.005455 379953.000000 0.256965 0.008905 266500.000000
3.000000 0.000000 0.000000 2.000000 0.000000 7.000000 0.833165 0.010295 717746.000000 0.259465 0.020852 291715.000000
2.000000 4.000000 0.000000 0.000000 1.000000 5.000000 0.830257 0.005785 394527.000000 0.259287 0.013264 273287.000000
1.000000 4.000000 0.000000 1.000000 0.000000 2.000000 0.772845 0.004340 453822.000000 0.256965 0.011639 270489.000000
1.000000 2.000000 0.000000 1.000000 1.000000 1.000000 0.822188 0.005990 364146.000000 0.258579 0.011699 270330.000000
2.000000 3.000000 0.000000 2.000000 0.000000 9.000000 0.832463 0.003755 546705.000000 0.259287 0.015744 282398.000000
4.000000 4.000000 1.000000 2.000000 0.000000 3.000000 0.827361 0.004940 769153.000000 0.259287 0.013247 273877.000000
3.000000 5.000000 0.000000 1.000000 0.000000 7.000000 0.833165 0.009930 608317.000000 0.259465 0.012959 281401.000000
4.000000 0.000000 0.000000 2.000000 1.000000 4.000000 0.829895 0.007055 562981.000000 0.259287 0.018358 281088.000000
2.000000 5.000000 1.000000 1.000000 1.000000 2.000000 0.680346 0.002925 568671.000000 0.256965 0.008905 266568.000000
2.000000 4.000000 0.000000 2.000000 0.000000 7.000000 0.828821 0.011700 500005.000000 0.259465 0.015751 282489.000000
2.000000 2.000000 0.000000 1.000000 0.000000 7.000000 0.820361 0.004980 544182.000000 0.259465 0.015751 505595.000000
4.000000 0.000000 1.000000 1.000000 0.000000 6.000000 0.822084 0.010950 382738.000000 0.258579 0.016797 277700.000000
1.000000 4.000000 0.000000 0.000000 1.000000 1.000000 0.822188 0.006600 386861.000000 0.258579 0.011699 270489.000000
2.000000 1.000000 1.000000 1.000000 0.000000 9.000000 0.825020 0.004330 651973.000000 0.259287 0.012968 279249.000000
1.000000 2.000000 1.000000 0.000000 1.000000 1.000000 0.822188 0.006835 497046.000000 0.258579 0.011699 496595.000000
1.000000 3.000000 0.000000 0.000000 0.000000 2.000000 0.772845 0.004965 467321.000000 0.256965 0.011639 270398.000000
2.000000 2.000000 1.000000 0.000000 1.000000 2.000000 0.772540 0.005525 413066.000000 0.256965 0.011656 269581.000000
4.000000 0.000000 1.000000 1.000000 1.000000 0.000000 0.838984 0.007280 671166.000000 0.259465 0.020849 289036.000000
4.000000 1.000000 0.000000 2.000000 1.000000 1.000000 0.822050 0.005950 338010.000000 0.258579 0.008931 267249.000000
0.000000 2.000000 1.000000 0.000000 1.000000 9.000000 0.676470 0.005510 501971.000000 0.259287 0.015893 505595.000000
2.000000 0.000000 0.000000 0.000000 0.000000 3.000000 0.828822 0.003635 699425.000000 0.259287 0.018375 280271.000000
3.000000 1.000000 0.000000 1.000000 0.000000 4.000000 0.830310 0.009300 623436.000000 0.259287 0.010474 272040.000000
1.000000 4.000000 1.000000 0.000000 0.000000 9.000000 0.822870 0.005970 684471.000000 0.259287 0.015727 283238.000000
1.000000 1.000000 1.000000 0.000000 0.000000 1.000000 0.820361 0.005195 632571.000000 0.258579 0.008931 494284.250000
1.000000 5.000000 1.000000 2.000000 0.000000 7.000000 0.832947 0.005660 742961.000000 0.259465 0.012956 280067.000000
2.000000 4.000000 1.000000 1.000000 0.000000 0.000000 0.838144 0.004255 756185.000000 0.259465 0.015751 281144.000000
4.000000 2.000000 0.000000 1.000000 1.000000 4.000000 0.829895 0.006775 479224.000000 0.259287 0.013247 273787.000000
0.000000 0.000000 0.000000 1.000000 1.000000 2.000000 0.644086 0.004200 340550.000000 0.256965 0.016869 276882.000000
3.000000 1.000000 0.000000 0.000000 0.000000 0.000000 0.837788 0.010430 616424.000000 0.259465 0.012959 279988.000000
1.000000 1.000000 0.000000 0.000000 1.000000 3.000000 0.829757 0.006510 447116.000000 0.259287 0.010471 270638.000000
4.000000 1.000000 1.000000 2.000000 0.000000 7.000000 0.832996 0.005710 744579.000000 0.259465 0.012956 503846.750000
4.000000 4.000000 1.000000 2.000000 0.000000 5.000000 0.831600 0.005510 684049.000000 0.259287 0.013247 274036.000000
1.000000 5.000000 0.000000 1.000000 1.000000 7.000000 0.830635 0.007235 447251.000000 0.259465 0.012956 280067.000000
4.000000 0.000000 0.000000 0.000000 0.000000 8.000000 0.824961 0.005675 573456.000000 0.258579 0.016797 503079.500000
4.000000 0.000000 0.000000 1.000000 0.000000 1.000000 0.820361 0.004530 596285.000000 0.258579 0.016797 277631.000000
2.000000 2.000000 1.000000 2.000000 0.000000 7.000000 0.833650 0.004450 767094.000000 0.259465 0.015751 282330.000000
1.000000 0.000000 1.000000 0.000000 1.000000 3.000000 0.829762 0.007140 681451.000000 0.259287 0.018358 281020.000000
1.000000 3.000000 0.000000 0.000000 0.000000 6.000000 0.820361 0.004930 542287.000000 0.258579 0.011699 270467.000000
3.000000 5.000000 0.000000 1.000000 0.000000 1.000000 0.817017 0.009310 517901.000000 0.258579 0.008934 268652.000000
2.000000 0.000000 1.000000 1.000000 1.000000 5.000000 0.835848 0.005810 572426.000000 0.259287 0.018375 280429.000000
3.000000 2.000000 0.000000 1.000000 0.000000 6.000000 0.822084 0.009395 550855.000000 0.258579 0.011702 271732.000000
2.000000 3.000000 1.000000 0.000000 0.000000 2.000000 0.773004 0.004290 602038.000000 0.256965 0.011656 269649.000000
0.000000 0.000000 1.000000 0.000000 0.000000 6.000000 0.670508 0.003750 725164.000000 0.258579 0.016962 276950.000000
4.000000 0.000000 1.000000 1.000000 0.000000 4.000000 0.827361 0.005305 849502.000000 0.259287 0.018358 281088.000000
1.000000 0.000000 1.000000 1.000000 0.000000 8.000000 0.826303 0.005775 705344.000000 0.258579 0.016797 503079.500000
1.000000 4.000000 0.000000 0.000000 0.000000 9.000000 0.826682 0.005615 561147.000000 0.259287 0.015727 283238.000000
3.000000 1.000000 1.000000 2.000000 1.000000 3.000000 0.828655 0.011300 583640.000000 0.259287 0.010474 271972.000000
2.000000 3.000000 1.000000 1.000000 0.000000 4.000000 0.828753 0.003780 771821.000000 0.259287 0.013264 273106.000000
4.000000 4.000000 0.000000 2.000000 1.000000 1.000000 0.822188 0.006110 383855.000000 0.258579 0.011699 270489.000000
4.000000 4.000000 1.000000 0.000000 1.000000 3.000000 0.829826 0.006990 617371.000000 0.259287 0.013247 273877.000000
0.000000 4.000000 1.000000 1.000000 0.000000 3.000000 0.676030 0.002850 737495.000000 0.259287 0.013413 273128.000000
0.000000 4.000000 1.000000 0.000000 1.000000 3.000000 0.676030 0.005460 608903.000000 0.259287 0.013413 273128.000000
1.000000 4.000000 1.000000 2.000000 1.000000 3.000000 0.829762 0.006510 610735.000000 0.259287 0.013247 273877.000000
2.000000 2.000000 0.000000 1.000000 1.000000 0.000000 0.838521 0.005280 459953.000000 0.259465 0.015751 280985.000000
1.000000 2.000000 1.000000 1.000000 0.000000 8.000000 0.826303 0.005560 638625.000000 0.258579 0.011700 271675.000000
2.000000 5.000000 1.000000 1.000000 1.000000 1.000000 0.822475 0.005780 469703.000000 0.258579 0.008948 266568.000000
4.000000 5.000000 0.000000 2.000000 1.000000 2.000000 0.774902 0.006540 269103.000000 0.256965 0.008888 267318.000000
4.000000 2.000000 1.000000 0.000000 0.000000 8.000000 0.826303 0.006155 650906.000000 0.258579 0.011700 271675.000000
4.000000 1.000000 0.000000 2.000000 0.000000 2.000000 0.774167 0.004405 431192.000000 0.256965 0.008888 494284.250000
1.000000 4.000000 0.000000 2.000000 0.000000 7.000000 0.836991 0.005100 632920.000000 0.259465 0.015734 283238.000000
4.000000 5.000000 1.000000 0.000000 1.000000 7.000000 0.833182 0.008135 580112.000000 0.259465 0.012956 280067.000000
2.000000 0.000000 1.000000 0.000000 1.000000 7.000000 0.836048 0.006525 674943.000000 0.259465 0.020866 289631.000000
4.000000 0.000000 1.000000 2.000000 0.000000 7.000000 0.835685 0.006000 844184.000000 0.259465 0.020849 290381.000000
0.000000 4.000000 1.000000 1.000000 1.000000 1.000000 0.670508 0.004605 493003.000000 0.258579 0.011865 269739.000000
4.000000 2.000000 1.000000 0.000000 1.000000 6.000000 0.822188 0.007595 505570.000000 0.258579 0.011699 270398.000000
2.000000 2.000000 0.000000 1.000000 1.000000 3.000000 0.830126 0.004740 461035.000000 0.259287 0.013264 272969.000000
1.000000 3.000000 0.000000 2.000000 0.000000 2.000000 0.772845 0.004450 462935.000000 0.256965 0.011639 496646.000000
0.000000 0.000000 1.000000 0.000000 1.000000 7.000000 0.680475 0.005840 656857.000000 0.259465 0.021015 289631.000000
4.000000 3.000000 1.000000 2.000000 1.000000 8.000000 0.827329 0.007545 462543.000000 0.258579 0.011700 271743.000000
0.000000 0.000000 0.000000 0.000000 0.000000 5.000000 0.679208 0.003485 583243.000000 0.259287 0.018524 280429.000000
4.000000 5.000000 1.000000 1.000000 1.000000 2.000000 0.774350 0.006940 387591.000000 0.256965 0.008888 267324.250000
0.000000 2.000000 1.000000 1.000000 0.000000 3.000000 0.676030 0.003050 755448.000000 0.259287 0.013413 272969.000000
4.000000 3.000000 1.000000 0.000000 0.000000 5.000000 0.831600 0.006035 689373.000000 0.259287 0.013247 273946.000000
4.000000 2.000000 1.000000 0.000000 0.000000 2.000000 0.772845 0.005675 613040.000000 0.256965 0.011639 496595.000000
0.000000 0.000000 1.000000 2.000000 0.000000 7.000000 0.680475 0.003955 815949.000000 0.259465 0.021015 289631.000000
3.000000 3.000000 1.000000 0.000000 1.000000 4.000000 0.829722 0.013150 632557.000000 0.259287 0.013250 275189.000000
4.000000 0.000000 1.000000 1.000000 1.000000 2.000000 0.774350 0.006720 494053.000000 0.256965 0.016705 277631.000000
1.000000 0.000000 1.000000 2.000000 0.000000 7.000000 0.835685 0.005935 842082.000000 0.259465 0.020849 290381.000000
1.000000 1.000000 1.000000 1.000000 0.000000 9.000000 0.824340 0.005615 661308.000000 0.259287 0.012951 279999.000000
1.000000 4.000000 0.000000 0.000000 1.000000 9.000000 0.832645 0.007390 420577.000000 0.259287 0.015727 283238.000000
3.000000 0.000000 1.000000 2.000000 1.000000 4.000000 0.829722 0.012350 701010.000000 0.259287 0.018361 282422.000000
2.000000 0.000000 1.000000 1.000000 1.000000 0.000000 0.835848 0.005900 660391.000000 0.259465 0.020866 288286.000000
