6	28	512	2	4	1	8	1	1	1	64	1	16	0	0.516969333	0.006674	506196.862
8	32	512	1	16	0	8	1	1	0	32	1	4	0	0.309435333	0.005487333	436457.252
3	14	256	2	16	1	8	1	1	0	64	4	32	1	0.844191667	0.006223333	768142.047
3	14	256	2	16	1	8	1	1	0	64	1	4	0	0.516997	0.006245333	678327.168
12	56	1024	4	32	1	8	1	1	0	64	2	32	1	0.826091667	0.006698667	774319.471
12	56	1024	1	4	0	8	1	1	1	64	2	4	0	0.632267	0.005878	467709.988
6	28	512	2	4	1	8	0	0	1	64	4	32	2	0.847399	0.006505333	605042.043
8	32	512	2	4	0	8	0	0	0	64	2	4	0	0.632267	0.005221333	646397.098
3	14	256	1	16	1	8	1	1	1	32	1	4	0	0.435890333	0.006459	385947.29
8	32	512	2	16	1	1	0	0	1	64	2	4	0	0.815661333	0.006359	602182.924
0	0	0	1	4	1	8	1	1	1	64	4	32	1	0.727774333	0.006133	540624.103
12	56	1024	2	32	1	1	0	0	1	64	2	4	0	0.815662667	0.006485	628507.144
3	14	256	2	4	1	1	0	0	1	32	1	4	0	0.435890333	0.006548667	427826.934
8	32	512	4	32	0	8	0	0	0	64	1	4	2	0.351308333	0.005754333	571590.891
0	0	0	2	16	0	8	0	0	1	64	4	32	1	0.537442667	0.005731667	452303.997
3	14	256	1	4	1	1	0	0	1	64	4	32	1	0.843811	0.006281	551586.618
3	14	256	4	32	1	8	0	0	0	64	2	4	0	0.815048333	0.005972333	845678.302
3	14	256	2	16	1	8	0	0	0	64	2	4	0	0.815048333	0.005905	779137.287
8	32	512	4	32	0	8	0	0	1	64	1	4	0	0.358134	0.005880333	451203.166
6	28	512	1	4	0	8	1	1	1	64	4	32	1	0.650227333	0.005948333	446852.407
3	14	256	1	4	0	1	0	0	1	64	1	4	0	0.358060667	0.005562667	323010.617
12	56	1024	1	4	1	8	1	1	1	64	1	4	0	0.516940333	0.006732667	485442.237
8	32	512	2	16	0	1	0	0	1	64	2	4	0	0.632267	0.005743667	479903.718
8	32	512	1	16	0	8	0	0	0	64	1	4	0	0.358134	0.005375	506783.682
0	0	0	4	32	1	1	0	0	1	64	1	4	0	0.448300667	0.006394333	561435.175
3	14	256	1	4	1	1	0	0	1	32	1	4	0	0.435890333	0.006492667	394183.257
12	56	1024	1	16	1	8	1	1	1	32	1	4	0	0.435932	0.006954	415937.513
3	14	256	1	4	1	1	0	0	0	32	4	32	2	0.820865333	0.006186333	656000.82
0	0	0	1	4	1	8	0	0	0	64	2	4	0	0.704953333	0.005598667	728999.952
3	14	256	2	16	0	8	0	0	0	64	2	4	0	0.631632	0.005077667	634977.911
12	56	1024	2	4	1	1	0	0	0	64	2	16	0	0.815662667	0.006307333	802089.684
3	14	256	2	32	0	1	0	0	1	64	4	32	1	0.648994333	0.005782	473843.515
0	0	0	1	4	1	8	0	0	1	32	1	4	0	0.386841333	0.006232	380358.415
12	56	1024	2	32	0	1	0	0	0	32	4	32	2	0.637692333	0.005757	572065.344
12	56	1024	1	4	0	8	0	0	0	64	1	4	2	0.351306667	0.005883667	487761.218
12	56	1024	2	16	0	8	1	1	0	32	1	4	0	0.309435333	0.005764667	487969.638
3	14	256	2	32	0	1	0	0	0	64	2	16	0	0.631632	0.005059333	630116.344
12	56	1024	4	32	1	8	0	0	1	64	2	4	0	0.815662667	0.006568	698858.162
8	32	512	2	32	0	1	0	0	0	64	2	32	1	0.645904667	0.005395667	537312.334
12	56	1024	1	4	1	8	1	1	1	64	2	32	1	0.819020333	0.006748667	498975.058
6	28	512	2	32	1	8	1	1	0	64	4	32	1	0.846065	0.006377667	777012.722
3	14	256	2	32	0	8	1	1	1	64	1	16	0	0.358060667	0.006014667	385661.943
0	0	0	1	4	1	1	0	0	1	64	2	16	0	0.704953333	0.006201667	562870.465
8	32	512	1	16	0	8	1	1	1	64	1	4	0	0.358134	0.006041333	350852.112
8	32	512	2	4	1	1	0	0	1	32	1	4	0	0.435959	0.006416667	416712.945
3	14	256	1	4	1	8	1	1	0	64	1	4	0	0.516997	0.006173	644940.875
6	28	512	2	4	1	1	0	0	1	64	2	16	0	0.815661333	0.006649667	623741.697
6	28	512	2	16	1	1	0	0	1	32	4	32	2	0.822719333	0.006693667	528479.683
3	14	256	4	32	1	1	0	0	0	64	2	16	0	0.815048333	0.005959333	840841.863
3	14	256	4	32	0	1	0	0	1	64	2	4	0	0.631487333	0.005512667	540708.172
8	32	512	2	32	1	8	1	1	0	64	4	32	2	0.847399	0.006525	789126.499
8	32	512	2	4	1	8	1	1	0	64	1	4	2	0.515090667	0.006647667	655968.519
8	32	512	1	16	1	1	0	0	1	64	1	4	2	0.515154	0.006745333	426225.98
6	28	512	2	16	0	1	0	0	1	64	2	32	1	0.645904667	0.005978667	387195.444
0	0	0	2	16	1	1	0	0	0	32	4	32	2	0.708676333	0.005975667	670761.272
12	56	1024	1	16	1	8	1	1	1	64	2	32	1	0.824764667	0.00691	502559.421
3	14	256	2	4	0	8	1	1	1	32	1	4	0	0.309414667	0.005747667	291518.48
6	28	512	2	32	0	1	0	0	1	32	1	4	0	0.309463	0.005784	303955.882
0	0	0	2	4	1	8	0	0	1	64	4	32	1	0.727774333	0.006063667	569127.855
12	56	1024	1	4	0	8	1	1	1	64	1	16	0	0.358106333	0.006300333	367332.231
12	56	1024	2	16	0	8	1	1	1	64	4	32	2	0.649261333	0.006489	512097.754
12	56	1024	4	32	1	1	0	0	1	64	1	4	0	0.516941333	0.006786	588165.522
8	32	512	2	16	1	8	1	1	1	64	4	32	1	0.846065	0.006733333	607965.579
8	32	512	1	16	0	8	1	1	1	64	1	16	0	0.358118333	0.006268667	355704.111
6	28	512	2	16	0	1	0	0	1	32	4	32	2	0.637587	0.006124	407871.034
6	28	512	2	4	0	8	1	1	1	64	2	4	0	0.632267	0.005620667	481514.022
0	0	0	2	4	0	8	0	0	0	64	2	32	1	0.531277333	0.005063333	512455.39
12	56	1024	1	4	0	1	0	0	1	64	1	4	2	0.351306667	0.006250667	317319.389
3	14	256	2	16	1	8	0	0	1	64	2	4	0	0.814905	0.006196	594761.293
8	32	512	4	32	1	8	1	1	0	64	1	4	0	0.516969333	0.006495667	755927.773
0	0	0	2	4	0	1	0	0	0	64	1	16	0	0.293327333	0.005044667	506294.631
0	0	0	2	4	0	8	1	1	1	64	2	16	0	0.525258667	0.005567	460091.422
8	32	512	4	32	1	1	0	0	0	64	2	32	1	0.825986333	0.006305333	748950.383
8	32	512	1	16	0	8	1	1	0	64	1	4	2	0.351308333	0.005797	479040.99
6	28	512	2	4	0	8	1	1	0	64	1	16	0	0.358134	0.005516333	543629.13
8	32	512	2	16	1	1	0	0	0	64	2	32	1	0.825986333	0.006235	681982.39
8	32	512	1	16	1	8	1	1	0	64	1	16	0	0.516955333	0.006325333	656521.583
0	0	0	2	32	1	8	1	1	1	64	4	32	1	0.727774333	0.006222	585390.725
3	14	256	1	16	1	8	1	1	1	64	1	16	0	0.516877333	0.006662333	466268.752
6	28	512	2	4	0	1	0	0	1	64	1	16	0	0.358134	0.005962667	372390.865
12	56	1024	2	16	1	8	1	1	1	64	2	16	0	0.815662667	0.006952	635142.035
8	32	512	1	16	1	1	0	0	0	64	2	4	0	0.815661333	0.006009	751999.663
6	28	512	2	4	1	8	0	0	1	64	2	16	0	0.815661333	0.006326667	604696.256
12	56	1024	2	32	0	8	0	0	1	32	4	32	2	0.637692333	0.006265	440785.171
3	14	256	2	32	0	8	1	1	0	64	1	16	0	0.358207	0.005382667	533929.808
8	32	512	4	32	1	8	1	1	1	32	4	32	2	0.822719333	0.00677	611678.739
12	56	1024	2	4	0	1	0	0	1	32	1	4	0	0.309435333	0.005993667	310086.05
0	0	0	1	16	0	1	0	0	0	64	1	4	0	0.293327333	0.004995333	472556.639
12	56	1024	2	32	0	8	0	0	0	64	4	32	1	0.650962	0.005689333	646992.275
12	56	1024	2	16	0	8	0	0	1	64	1	4	2	0.351306667	0.006474667	358763.273
12	56	1024	1	16	0	8	0	0	0	64	1	16	0	0.35807	0.005595333	523084.635
12	56	1024	4	32	1	1	0	0	1	64	1	16	0	0.516941333	0.007005	593861.943
12	56	1024	2	32	1	8	1	1	1	32	1	4	0	0.435932	0.006884667	455894.273
3	14	256	1	16	1	8	1	1	1	64	1	4	2	0.515257667	0.006757333	422297.374
3	14	256	2	16	1	8	1	1	1	32	1	4	0	0.435890333	0.006507333	419331.757
8	32	512	4	32	0	8	1	1	1	64	2	16	0	0.632267	0.006017667	568150.316
0	0	0	1	4	0	8	0	0	0	64	1	4	2	0.288189333	0.005294333	443461.907
0	0	0	2	16	1	1	0	0	0	64	4	32	1	0.727774333	0.005921	744847.713
6	28	512	2	16	0	1	0	0	1	64	4	32	2	0.649156	0.006125	481977.656
12	56	1024	2	32	1	8	0	0	0	64	4	32	2	0.847504333	0.006678	801799.786