2382.000000 6.000000 28.000000 512.000000 2.000000 4.000000 1.000000 8.000000 1.000000 1.000000 1.000000 64.000000 1.000000 16.000000 0.000000 0.476402 0.229081 0.845425 0.006675 0.007086 0.006261 506196.862000 11020.288933
750.000000 8.000000 32.000000 512.000000 1.000000 16.000000 0.000000 8.000000 1.000000 1.000000 0.000000 32.000000 1.000000 4.000000 0.000000 0.000000 0.229004 0.699302 0.004819 0.006201 0.005442 436457.252000 11453.040368
48.000000 3.000000 14.000000 256.000000 2.000000 16.000000 1.000000 8.000000 1.000000 1.000000 0.000000 64.000000 4.000000 32.000000 1.000000 0.585592 0.955959 0.991024 0.006360 0.006285 0.006025 768142.047000 14264.830248
408.000000 3.000000 14.000000 256.000000 2.000000 16.000000 1.000000 8.000000 1.000000 1.000000 0.000000 64.000000 1.000000 4.000000 0.000000 0.476370 0.228867 0.845754 0.006249 0.006667 0.005820 678327.168000 14251.289168
1834.000000 12.000000 56.000000 1024.000000 4.000000 32.000000 1.000000 8.000000 1.000000 1.000000 0.000000 64.000000 2.000000 32.000000 1.000000 0.542872 0.961711 0.973692 0.006876 0.006766 0.006454 774319.471000 14890.221138
1269.000000 12.000000 56.000000 1024.000000 1.000000 4.000000 0.000000 8.000000 1.000000 1.000000 1.000000 64.000000 2.000000 4.000000 0.000000 0.000000 0.926734 0.970067 0.005342 0.006266 0.006026 467709.988000 11932.859131
2862.000000 6.000000 28.000000 512.000000 2.000000 4.000000 1.000000 8.000000 0.000000 0.000000 1.000000 64.000000 4.000000 32.000000 2.000000 0.594729 0.961395 0.986073 0.006634 0.006575 0.006307 605042.043000 8817.113915
1215.000000 8.000000 32.000000 512.000000 2.000000 4.000000 0.000000 8.000000 0.000000 0.000000 0.000000 64.000000 2.000000 4.000000 0.000000 0.000000 0.926734 0.970067 0.004751 0.005571 0.005342 646397.098000 9254.476248
958.000000 3.000000 14.000000 256.000000 1.000000 16.000000 1.000000 8.000000 1.000000 1.000000 1.000000 32.000000 1.000000 4.000000 0.000000 0.379427 0.228867 0.699377 0.006500 0.006813 0.006064 385947.290000 12052.466017
1370.000000 8.000000 32.000000 512.000000 2.000000 16.000000 1.000000 1.000000 0.000000 0.000000 1.000000 64.000000 2.000000 4.000000 0.000000 0.550183 0.926734 0.970067 0.006535 0.006389 0.006153 602182.924000 12132.384463
216.000000 0.000000 0.000000 0.000000 1.000000 4.000000 1.000000 8.000000 1.000000 1.000000 1.000000 64.000000 4.000000 32.000000 1.000000 0.570995 0.871259 0.741069 0.006238 0.006179 0.005982 540624.103000 12849.528275
1374.000000 12.000000 56.000000 1024.000000 2.000000 32.000000 1.000000 1.000000 0.000000 0.000000 1.000000 64.000000 2.000000 4.000000 0.000000 0.550187 0.926734 0.970067 0.006665 0.006522 0.006268 628507.144000 8694.386217
1003.000000 3.000000 14.000000 256.000000 2.000000 4.000000 1.000000 1.000000 0.000000 0.000000 1.000000 32.000000 1.000000 4.000000 0.000000 0.379427 0.228867 0.699377 0.006607 0.006929 0.006110 427826.934000 13356.238349
3005.000000 8.000000 32.000000 512.000000 4.000000 32.000000 0.000000 8.000000 0.000000 0.000000 0.000000 64.000000 1.000000 4.000000 2.000000 0.000000 0.215249 0.838676 0.005000 0.006619 0.005644 571590.891000 9015.307020
316.000000 0.000000 0.000000 0.000000 2.000000 16.000000 0.000000 8.000000 0.000000 0.000000 1.000000 64.000000 4.000000 32.000000 1.000000 0.000000 0.871259 0.741069 0.005286 0.006057 0.005852 452303.997000 11066.851099
278.000000 3.000000 14.000000 256.000000 1.000000 4.000000 1.000000 1.000000 0.000000 0.000000 1.000000 64.000000 4.000000 32.000000 1.000000 0.585592 0.954817 0.991024 0.006398 0.006344 0.006101 551586.618000 8540.005020
1233.000000 3.000000 14.000000 256.000000 4.000000 32.000000 1.000000 8.000000 0.000000 0.000000 0.000000 64.000000 2.000000 4.000000 0.000000 0.550249 0.924395 0.970501 0.006169 0.006002 0.005746 845678.302000 11725.167698
1248.000000 3.000000 14.000000 256.000000 2.000000 16.000000 1.000000 8.000000 0.000000 0.000000 0.000000 64.000000 2.000000 4.000000 0.000000 0.550249 0.924395 0.970501 0.006086 0.005926 0.005703 779137.287000 11296.222895
665.000000 8.000000 32.000000 512.000000 4.000000 32.000000 0.000000 8.000000 0.000000 0.000000 1.000000 64.000000 1.000000 4.000000 0.000000 0.000000 0.229087 0.845315 0.005122 0.006716 0.005803 451203.166000 11318.647972
187.000000 6.000000 28.000000 512.000000 1.000000 4.000000 0.000000 8.000000 1.000000 1.000000 1.000000 64.000000 4.000000 32.000000 1.000000 0.000000 0.959507 0.991175 0.005430 0.006337 0.006078 446852.407000 11434.040117
608.000000 3.000000 14.000000 256.000000 1.000000 4.000000 0.000000 1.000000 0.000000 0.000000 1.000000 64.000000 1.000000 4.000000 0.000000 0.000000 0.228867 0.845315 0.004922 0.006279 0.005487 323010.617000 10888.403020
579.000000 12.000000 56.000000 1024.000000 1.000000 4.000000 1.000000 8.000000 1.000000 1.000000 1.000000 64.000000 1.000000 4.000000 0.000000 0.476392 0.229004 0.845425 0.006733 0.007148 0.006317 485442.237000 8436.952104
1340.000000 8.000000 32.000000 512.000000 2.000000 16.000000 0.000000 1.000000 0.000000 0.000000 1.000000 64.000000 2.000000 4.000000 0.000000 0.000000 0.926734 0.970067 0.005247 0.006110 0.005874 479903.718000 10961.101519
510.000000 8.000000 32.000000 512.000000 1.000000 16.000000 0.000000 8.000000 0.000000 0.000000 0.000000 64.000000 1.000000 4.000000 0.000000 0.000000 0.229087 0.845315 0.004720 0.006100 0.005305 506783.682000 9023.132033
631.000000 0.000000 0.000000 0.000000 4.000000 32.000000 1.000000 1.000000 0.000000 0.000000 1.000000 64.000000 1.000000 4.000000 0.000000 0.464920 0.224386 0.655596 0.006380 0.006809 0.005994 561435.175000 13373.506824
998.000000 3.000000 14.000000 256.000000 1.000000 4.000000 1.000000 1.000000 0.000000 0.000000 1.000000 32.000000 1.000000 4.000000 0.000000 0.379427 0.228867 0.699377 0.006544 0.006858 0.006076 394183.257000 22991.334501
959.000000 12.000000 56.000000 1024.000000 1.000000 16.000000 1.000000 8.000000 1.000000 1.000000 1.000000 32.000000 1.000000 4.000000 0.000000 0.379415 0.229004 0.699377 0.007006 0.007321 0.006535 415937.513000 15342.217689
3338.000000 3.000000 14.000000 256.000000 1.000000 4.000000 1.000000 1.000000 0.000000 0.000000 0.000000 32.000000 4.000000 32.000000 2.000000 0.555410 0.955959 0.951227 0.006337 0.006224 0.005998 656000.820000 20162.389547
1236.000000 0.000000 0.000000 0.000000 1.000000 4.000000 1.000000 8.000000 0.000000 0.000000 0.000000 64.000000 2.000000 4.000000 0.000000 0.535037 0.851676 0.728147 0.005745 0.005603 0.005448 728999.952000 19291.877386
1218.000000 3.000000 14.000000 256.000000 2.000000 16.000000 0.000000 8.000000 0.000000 0.000000 0.000000 64.000000 2.000000 4.000000 0.000000 0.000000 0.924395 0.970501 0.004634 0.005411 0.005188 634977.911000 14929.848597
1544.000000 12.000000 56.000000 1024.000000 2.000000 4.000000 1.000000 1.000000 0.000000 0.000000 0.000000 64.000000 2.000000 16.000000 0.000000 0.550187 0.926734 0.970067 0.006498 0.006337 0.006087 802089.684000 18981.660646
263.000000 3.000000 14.000000 256.000000 2.000000 32.000000 0.000000 1.000000 0.000000 0.000000 1.000000 64.000000 4.000000 32.000000 1.000000 0.000000 0.955959 0.991024 0.005279 0.006165 0.005902 473843.515000 17517.128011
1056.000000 0.000000 0.000000 0.000000 1.000000 4.000000 1.000000 8.000000 0.000000 0.000000 1.000000 32.000000 1.000000 4.000000 0.000000 0.372058 0.224386 0.564080 0.006271 0.006567 0.005858 380358.415000 20376.571010
3324.000000 12.000000 56.000000 1024.000000 2.000000 32.000000 0.000000 1.000000 0.000000 0.000000 0.000000 32.000000 4.000000 32.000000 2.000000 0.000000 0.961711 0.951366 0.005209 0.006162 0.005900 572065.344000 14473.042515
3009.000000 12.000000 56.000000 1024.000000 1.000000 4.000000 0.000000 8.000000 0.000000 0.000000 0.000000 64.000000 1.000000 4.000000 2.000000 0.000000 0.215244 0.838676 0.005154 0.006690 0.005807 487761.218000 14539.948241
739.000000 12.000000 56.000000 1024.000000 2.000000 16.000000 0.000000 8.000000 1.000000 1.000000 0.000000 32.000000 1.000000 4.000000 0.000000 0.000000 0.229004 0.699302 0.005006 0.006556 0.005732 487969.638000 14903.110325
1523.000000 3.000000 14.000000 256.000000 2.000000 32.000000 0.000000 1.000000 0.000000 0.000000 0.000000 64.000000 2.000000 16.000000 0.000000 0.000000 0.924395 0.970501 0.004617 0.005392 0.005169 630116.344000 13659.074697
1414.000000 12.000000 56.000000 1024.000000 4.000000 32.000000 1.000000 8.000000 0.000000 0.000000 1.000000 64.000000 2.000000 4.000000 0.000000 0.550187 0.926734 0.970067 0.006768 0.006609 0.006327 698858.162000 13581.783849
1885.000000 8.000000 32.000000 512.000000 2.000000 32.000000 0.000000 1.000000 0.000000 0.000000 0.000000 64.000000 2.000000 32.000000 1.000000 0.000000 0.961395 0.976319 0.004908 0.005764 0.005515 537312.334000 13747.417833
2019.000000 12.000000 56.000000 1024.000000 1.000000 4.000000 1.000000 8.000000 1.000000 1.000000 1.000000 64.000000 2.000000 32.000000 1.000000 0.542872 0.961711 0.952478 0.006890 0.006811 0.006545 498975.058000 13184.294780
52.000000 6.000000 28.000000 512.000000 2.000000 32.000000 1.000000 8.000000 1.000000 1.000000 0.000000 64.000000 4.000000 32.000000 1.000000 0.585625 0.961395 0.991175 0.006514 0.006442 0.006177 777012.722000 19051.964364
2363.000000 3.000000 14.000000 256.000000 2.000000 32.000000 0.000000 8.000000 1.000000 1.000000 1.000000 64.000000 1.000000 16.000000 0.000000 0.000000 0.228867 0.845315 0.005330 0.006778 0.005936 385661.943000 17560.800968
1716.000000 0.000000 0.000000 0.000000 1.000000 4.000000 1.000000 1.000000 0.000000 0.000000 1.000000 64.000000 2.000000 16.000000 0.000000 0.535037 0.851676 0.728147 0.006350 0.006209 0.006046 562870.465000 20401.850531
570.000000 8.000000 32.000000 512.000000 1.000000 16.000000 0.000000 8.000000 1.000000 1.000000 1.000000 64.000000 1.000000 4.000000 0.000000 0.000000 0.229087 0.845315 0.005348 0.006799 0.005977 350852.112000 17038.885975
1005.000000 8.000000 32.000000 512.000000 2.000000 4.000000 1.000000 1.000000 0.000000 0.000000 1.000000 32.000000 1.000000 4.000000 0.000000 0.379419 0.229081 0.699377 0.006478 0.006784 0.005988 416712.945000 18538.563376
398.000000 3.000000 14.000000 256.000000 1.000000 4.000000 1.000000 8.000000 1.000000 1.000000 0.000000 64.000000 1.000000 4.000000 0.000000 0.476370 0.228867 0.845754 0.006169 0.006578 0.005772 644940.875000 17964.664119
1722.000000 6.000000 28.000000 512.000000 2.000000 4.000000 1.000000 1.000000 0.000000 0.000000 1.000000 64.000000 2.000000 16.000000 0.000000 0.550183 0.926734 0.970067 0.006834 0.006677 0.006438 623741.697000 21171.036831
3527.000000 6.000000 28.000000 512.000000 2.000000 16.000000 1.000000 1.000000 0.000000 0.000000 1.000000 32.000000 4.000000 32.000000 2.000000 0.555397 0.961395 0.951366 0.006842 0.006742 0.006497 528479.683000 12774.882284
1533.000000 3.000000 14.000000 256.000000 4.000000 32.000000 1.000000 1.000000 0.000000 0.000000 0.000000 64.000000 2.000000 16.000000 0.000000 0.550249 0.924395 0.970501 0.006159 0.005986 0.005733 840841.863000 17904.060460
1323.000000 3.000000 14.000000 256.000000 4.000000 32.000000 0.000000 1.000000 0.000000 0.000000 1.000000 64.000000 2.000000 4.000000 0.000000 0.000000 0.924395 0.970067 0.005010 0.005896 0.005632 540708.172000 15830.443929
2575.000000 8.000000 32.000000 512.000000 2.000000 32.000000 1.000000 8.000000 1.000000 1.000000 0.000000 64.000000 4.000000 32.000000 2.000000 0.594729 0.961395 0.986073 0.006662 0.006593 0.006320 789126.499000 18708.680846
2925.000000 8.000000 32.000000 512.000000 2.000000 4.000000 1.000000 8.000000 1.000000 1.000000 0.000000 64.000000 1.000000 4.000000 2.000000 0.491455 0.215249 0.838568 0.006611 0.007127 0.006205 655968.519000 18822.917593
3180.000000 8.000000 32.000000 512.000000 1.000000 16.000000 1.000000 1.000000 0.000000 0.000000 1.000000 64.000000 1.000000 4.000000 2.000000 0.491455 0.215439 0.838568 0.006712 0.007185 0.006339 426225.980000 13564.423755
2057.000000 6.000000 28.000000 512.000000 2.000000 16.000000 0.000000 1.000000 0.000000 0.000000 1.000000 64.000000 2.000000 32.000000 1.000000 0.000000 0.961395 0.976319 0.005474 0.006358 0.006104 387195.444000 17268.174526
3346.000000 0.000000 0.000000 0.000000 2.000000 16.000000 1.000000 1.000000 0.000000 0.000000 0.000000 32.000000 4.000000 32.000000 2.000000 0.541454 0.871259 0.713316 0.006110 0.006000 0.005817 670761.272000 17864.877370
2039.000000 12.000000 56.000000 1024.000000 1.000000 16.000000 1.000000 8.000000 1.000000 1.000000 1.000000 64.000000 2.000000 32.000000 1.000000 0.542872 0.957730 0.973692 0.007051 0.006972 0.006707 502559.421000 12626.207804
913.000000 3.000000 14.000000 256.000000 2.000000 4.000000 0.000000 8.000000 1.000000 1.000000 1.000000 32.000000 1.000000 4.000000 0.000000 0.000000 0.228867 0.699377 0.005052 0.006497 0.005694 291518.480000 15369.321600
982.000000 6.000000 28.000000 512.000000 2.000000 32.000000 0.000000 1.000000 0.000000 0.000000 1.000000 32.000000 1.000000 4.000000 0.000000 0.000000 0.229087 0.699302 0.005073 0.006540 0.005739 303955.882000 15228.029654
341.000000 0.000000 0.000000 0.000000 2.000000 4.000000 1.000000 8.000000 0.000000 0.000000 1.000000 64.000000 4.000000 32.000000 1.000000 0.570995 0.871259 0.741069 0.006174 0.006108 0.005909 569127.855000 16841.237399
2349.000000 12.000000 56.000000 1024.000000 1.000000 4.000000 0.000000 8.000000 1.000000 1.000000 1.000000 64.000000 1.000000 16.000000 0.000000 0.000000 0.229004 0.845315 0.005563 0.007085 0.006253 367332.231000 16414.360684
2719.000000 12.000000 56.000000 1024.000000 2.000000 16.000000 0.000000 8.000000 1.000000 1.000000 1.000000 64.000000 4.000000 32.000000 2.000000 0.000000 0.961711 0.986073 0.005895 0.006933 0.006639 512097.754000 18316.518363
634.000000 12.000000 56.000000 1024.000000 4.000000 32.000000 1.000000 1.000000 0.000000 0.000000 1.000000 64.000000 1.000000 4.000000 0.000000 0.476395 0.229004 0.845425 0.006807 0.007233 0.006318 588165.522000 12424.533859
230.000000 8.000000 32.000000 512.000000 2.000000 16.000000 1.000000 8.000000 1.000000 1.000000 1.000000 64.000000 4.000000 32.000000 1.000000 0.585625 0.961395 0.991175 0.006861 0.006806 0.006533 607965.579000 12227.970239
2370.000000 8.000000 32.000000 512.000000 1.000000 16.000000 0.000000 8.000000 1.000000 1.000000 1.000000 64.000000 1.000000 16.000000 0.000000 0.000000 0.229040 0.845315 0.005578 0.007026 0.006202 355704.111000 15780.030265
3497.000000 6.000000 28.000000 512.000000 2.000000 16.000000 0.000000 1.000000 0.000000 0.000000 1.000000 32.000000 4.000000 32.000000 2.000000 0.000000 0.961395 0.951366 0.005605 0.006509 0.006258 407871.034000 16674.092061
1272.000000 6.000000 28.000000 512.000000 2.000000 4.000000 0.000000 8.000000 1.000000 1.000000 1.000000 64.000000 2.000000 4.000000 0.000000 0.000000 0.926734 0.970067 0.005119 0.005992 0.005751 481514.022000 15300.644351
1931.000000 0.000000 0.000000 0.000000 2.000000 4.000000 0.000000 8.000000 0.000000 0.000000 0.000000 64.000000 2.000000 32.000000 1.000000 0.000000 0.871259 0.722573 0.004658 0.005357 0.005175 512455.390000 12308.587717
3129.000000 12.000000 56.000000 1024.000000 1.000000 4.000000 0.000000 1.000000 0.000000 0.000000 1.000000 64.000000 1.000000 4.000000 2.000000 0.000000 0.215244 0.838676 0.005493 0.007083 0.006176 317319.389000 16270.483090
1428.000000 3.000000 14.000000 256.000000 2.000000 16.000000 1.000000 8.000000 0.000000 0.000000 1.000000 64.000000 2.000000 4.000000 0.000000 0.550253 0.924395 0.970067 0.006363 0.006224 0.006001 594761.293000 16784.358374
395.000000 8.000000 32.000000 512.000000 4.000000 32.000000 1.000000 8.000000 1.000000 1.000000 0.000000 64.000000 1.000000 4.000000 0.000000 0.476402 0.229081 0.845425 0.006508 0.006959 0.006020 755927.773000 17013.864104
2231.000000 0.000000 0.000000 0.000000 2.000000 4.000000 0.000000 1.000000 0.000000 0.000000 0.000000 64.000000 1.000000 16.000000 0.000000 0.000000 0.224386 0.655596 0.004453 0.005710 0.004971 506294.631000 12078.969269
1631.000000 0.000000 0.000000 0.000000 2.000000 4.000000 0.000000 8.000000 1.000000 1.000000 1.000000 64.000000 2.000000 16.000000 0.000000 0.000000 0.851676 0.724100 0.005150 0.005862 0.005689 460091.422000 14818.294533
1895.000000 8.000000 32.000000 512.000000 4.000000 32.000000 1.000000 1.000000 0.000000 0.000000 0.000000 64.000000 2.000000 32.000000 1.000000 0.542872 0.961395 0.973692 0.006483 0.006359 0.006074 748950.383000 16691.019905
2910.000000 8.000000 32.000000 512.000000 1.000000 16.000000 0.000000 8.000000 1.000000 1.000000 0.000000 64.000000 1.000000 4.000000 2.000000 0.000000 0.215249 0.838676 0.005107 0.006582 0.005702 479040.990000 12505.422647
2172.000000 6.000000 28.000000 512.000000 2.000000 4.000000 0.000000 8.000000 1.000000 1.000000 0.000000 64.000000 1.000000 16.000000 0.000000 0.000000 0.229087 0.845315 0.004823 0.006289 0.005437 543629.130000 12682.362113
1910.000000 8.000000 32.000000 512.000000 2.000000 16.000000 1.000000 1.000000 0.000000 0.000000 0.000000 64.000000 2.000000 32.000000 1.000000 0.542872 0.961395 0.973692 0.006400 0.006277 0.006028 681982.390000 12180.377939
2220.000000 8.000000 32.000000 512.000000 1.000000 16.000000 1.000000 8.000000 1.000000 1.000000 0.000000 64.000000 1.000000 16.000000 0.000000 0.476383 0.229058 0.845425 0.006324 0.006736 0.005916 656521.583000 12174.012033
231.000000 0.000000 0.000000 0.000000 2.000000 32.000000 1.000000 8.000000 1.000000 1.000000 1.000000 64.000000 4.000000 32.000000 1.000000 0.570995 0.871259 0.741069 0.006328 0.006272 0.006066 585390.725000 9231.304821
2398.000000 3.000000 14.000000 256.000000 1.000000 16.000000 1.000000 8.000000 1.000000 1.000000 1.000000 64.000000 1.000000 16.000000 0.000000 0.476370 0.228837 0.845425 0.006652 0.007067 0.006268 466268.752000 12672.586287
2412.000000 6.000000 28.000000 512.000000 2.000000 4.000000 0.000000 1.000000 0.000000 0.000000 1.000000 64.000000 1.000000 16.000000 0.000000 0.000000 0.229087 0.845315 0.005263 0.006734 0.005891 372390.865000 11913.742036
1669.000000 12.000000 56.000000 1024.000000 2.000000 16.000000 1.000000 8.000000 1.000000 1.000000 1.000000 64.000000 2.000000 16.000000 0.000000 0.550187 0.926734 0.970067 0.007127 0.006992 0.006737 635142.035000 9445.744401
1200.000000 8.000000 32.000000 512.000000 1.000000 16.000000 1.000000 1.000000 0.000000 0.000000 0.000000 64.000000 2.000000 4.000000 0.000000 0.550183 0.926734 0.970067 0.006183 0.006031 0.005813 751999.663000 11565.126064
1782.000000 6.000000 28.000000 512.000000 2.000000 4.000000 1.000000 8.000000 0.000000 0.000000 1.000000 64.000000 2.000000 16.000000 0.000000 0.550183 0.926734 0.970067 0.006495 0.006356 0.006129 604696.256000 12223.150328
3564.000000 12.000000 56.000000 1024.000000 2.000000 32.000000 0.000000 8.000000 0.000000 0.000000 1.000000 32.000000 4.000000 32.000000 2.000000 0.000000 0.961711 0.951366 0.005691 0.006687 0.006417 440785.171000 13168.600663
2183.000000 3.000000 14.000000 256.000000 2.000000 32.000000 0.000000 8.000000 1.000000 1.000000 0.000000 64.000000 1.000000 16.000000 0.000000 0.000000 0.228867 0.845754 0.004722 0.006130 0.005296 533929.808000 8894.095599
3455.000000 8.000000 32.000000 512.000000 4.000000 32.000000 1.000000 8.000000 1.000000 1.000000 1.000000 32.000000 4.000000 32.000000 2.000000 0.555397 0.961395 0.951366 0.006931 0.006834 0.006545 611678.739000 10185.385292
974.000000 12.000000 56.000000 1024.000000 2.000000 4.000000 0.000000 1.000000 0.000000 0.000000 1.000000 32.000000 1.000000 4.000000 0.000000 0.000000 0.229004 0.699302 0.005224 0.006789 0.005968 310086.050000 11965.601009
446.000000 0.000000 0.000000 0.000000 1.000000 16.000000 0.000000 1.000000 0.000000 0.000000 0.000000 64.000000 1.000000 4.000000 0.000000 0.000000 0.224386 0.655596 0.004442 0.005629 0.004915 472556.639000 8414.813322
144.000000 12.000000 56.000000 1024.000000 2.000000 32.000000 0.000000 8.000000 0.000000 0.000000 0.000000 64.000000 4.000000 32.000000 1.000000 0.000000 0.961711 0.991175 0.005128 0.006113 0.005827 646992.275000 9427.635523
3199.000000 12.000000 56.000000 1024.000000 2.000000 16.000000 0.000000 8.000000 0.000000 0.000000 1.000000 64.000000 1.000000 4.000000 2.000000 0.000000 0.215244 0.838676 0.005687 0.007338 0.006399 358763.273000 11814.397812
2309.000000 12.000000 56.000000 1024.000000 1.000000 16.000000 0.000000 8.000000 0.000000 0.000000 0.000000 64.000000 1.000000 16.000000 0.000000 0.000000 0.229004 0.845206 0.004892 0.006350 0.005544 523084.635000 9908.253284
2434.000000 12.000000 56.000000 1024.000000 4.000000 32.000000 1.000000 1.000000 0.000000 0.000000 1.000000 64.000000 1.000000 16.000000 0.000000 0.476395 0.229004 0.845425 0.007024 0.007448 0.006543 593861.943000 8935.168621
954.000000 12.000000 56.000000 1024.000000 2.000000 32.000000 1.000000 8.000000 1.000000 1.000000 1.000000 32.000000 1.000000 4.000000 0.000000 0.379415 0.229004 0.699377 0.006945 0.007263 0.006446 455894.273000 8627.552934
3118.000000 3.000000 14.000000 256.000000 1.000000 16.000000 1.000000 8.000000 1.000000 1.000000 1.000000 64.000000 1.000000 4.000000 2.000000 0.491458 0.215423 0.838892 0.006715 0.007196 0.006361 422297.374000 8622.543852
948.000000 3.000000 14.000000 256.000000 2.000000 16.000000 1.000000 8.000000 1.000000 1.000000 1.000000 32.000000 1.000000 4.000000 0.000000 0.379427 0.228867 0.699377 0.006554 0.006875 0.006093 419331.757000 11708.985634
1625.000000 8.000000 32.000000 512.000000 4.000000 32.000000 0.000000 8.000000 1.000000 1.000000 1.000000 64.000000 2.000000 16.000000 0.000000 0.000000 0.926734 0.970067 0.005472 0.006426 0.006155 568150.316000 10798.297712
3006.000000 0.000000 0.000000 0.000000 1.000000 4.000000 0.000000 8.000000 0.000000 0.000000 0.000000 64.000000 1.000000 4.000000 2.000000 0.000000 0.212189 0.652379 0.004716 0.005967 0.005200 443461.907000 8225.208054
106.000000 0.000000 0.000000 0.000000 2.000000 16.000000 1.000000 1.000000 0.000000 0.000000 0.000000 64.000000 4.000000 32.000000 1.000000 0.570995 0.871259 0.741069 0.006037 0.005965 0.005761 744847.713000 10436.994176
2777.000000 6.000000 28.000000 512.000000 2.000000 16.000000 0.000000 1.000000 0.000000 0.000000 1.000000 64.000000 4.000000 32.000000 2.000000 0.000000 0.961395 0.986073 0.005598 0.006524 0.006253 481977.656000 11139.422408
2694.000000 12.000000 56.000000 1024.000000 2.000000 32.000000 1.000000 8.000000 0.000000 0.000000 0.000000 64.000000 4.000000 32.000000 2.000000 0.594729 0.961711 0.986073 0.006822 0.006752 0.006460 801799.786000 11463.789370
