2	8	40	32	12	5	105	80	64	2	8	5	5	8	5	2	8	5	32	32	8	8	32	1.29012	0.069725	3519210
2	8	40	32	8	4	64	64	60	2	8	4	4	8	4	2	8	4	8	8	8	16	48	1.186428	0.064125	3024789
1	8	30	30	8	3	96	80	64	1	24	3	3	40	3	1	32	3	8	8	8	8	32	1.249056	0.085475	3000502
2	4	24	32	12	2	96	40	40	1	20	2	2	36	2	1	28	2	32	32	4	2	8	0.745642	0.043175	1773124
2	4	32	40	16	1	64	96	64	1	10	1	1	14	1	1	12	1	16	16	4	4	8	0.768231	0.0436	1590355
1	8	45	40	12	5	105	128	128	2	20	5	5	36	5	2	28	5	32	32	8	2	8	1.691301	0.105	4612423
3	8	16	32	20	4	84	40	40	2	8	4	4	8	4	2	8	4	8	8	8	4	8	0.677016	0.061625	2946612
3	8	45	40	20	3	84	128	128	1	12	3	3	20	3	1	16	3	20	20	8	2	8	1.12387	0.0693	2921911
2	4	30	30	12	2	64	40	40	1	8	2	2	8	2	1	8	2	8	8	4	8	32	0.744168	0.03885	1531933
1	4	24	32	8	1	128	96	64	1	16	1	1	32	1	1	24	1	32	32	4	8	32	0.813053	0.059625	2032782
1	8	40	32	8	4	120	40	40	2	20	4	4	36	4	2	28	4	32	32	8	8	32	0.755014	0.0928	3802836
2	8	30	30	12	3	96	64	60	1	20	3	3	36	3	1	28	3	20	20	8	2	8	1.194567	0.05765	2410053
2	4	8	16	16	2	64	52	48	1	8	2	2	8	2	1	8	2	16	16	4	16	48	0.985659	0.04725	1753293
3	4	24	32	16	1	84	100	96	1	24	1	1	40	1	1	32	1	20	20	4	4	16	0.735707	0.052675	1831614
3	8	40	32	16	5	120	128	128	2	16	5	5	32	5	2	24	5	16	16	8	4	8	1.26762	0.08135	4087010
2	8	32	40	16	4	120	64	60	2	12	4	4	20	4	2	16	4	24	24	8	2	8	1.388141	0.06765	3272367
2	8	45	40	8	3	105	64	60	1	16	3	3	32	3	1	24	3	40	40	8	2	8	1.204835	0.05755	2554890
1	4	30	30	16	2	32	128	128	1	16	2	2	32	2	1	24	2	24	24	4	4	16	1.162858	0.0684	2336944
2	4	32	40	12	1	128	52	48	1	10	1	1	14	1	1	12	1	8	8	4	4	8	0.756851	0.0378	1473635
1	8	40	32	8	5	120	64	60	2	16	5	5	32	5	2	24	5	24	24	8	2	8	1.604264	0.0935	3838504
2	8	24	32	16	4	84	40	40	2	8	4	4	8	4	2	8	4	32	32	8	4	16	0.702348	0.06135	3060482
1	8	30	30	20	3	96	100	96	1	14	3	3	26	3	1	20	3	16	16	8	16	48	1.386896	0.10245	3423378
1	4	40	32	12	2	84	128	128	1	24	2	2	40	2	1	32	2	32	32	4	4	8	1.223509	0.069325	2463698
3	4	30	30	20	1	128	80	64	1	12	1	1	20	1	1	16	1	32	32	4	4	8	0.734639	0.04945	1822060
2	8	45	40	8	5	105	128	128	2	8	5	5	8	5	2	8	5	32	32	8	4	16	1.291342	0.06885	3754690
2	8	24	32	8	4	96	80	64	2	12	4	4	20	4	2	16	4	40	40	8	8	32	1.428697	0.095	3452418
2	8	30	30	16	3	84	52	48	1	12	3	3	20	3	1	16	3	40	40	8	4	8	1.110604	0.059475	2481155
2	4	8	16	8	2	96	40	40	1	14	2	2	26	2	1	20	2	8	8	4	8	32	0.741649	0.038625	1564296
2	4	16	32	8	1	130	96	64	1	16	1	1	32	1	1	24	1	40	40	4	16	48	0.766827	0.0542	1962689
2	8	30	30	12	5	130	80	64	2	24	5	5	40	5	2	32	5	20	20	8	8	32	1.423916	0.076725	3705190
2	8	24	32	12	4	128	128	128	2	24	4	4	40	4	2	32	4	40	40	8	4	8	1.479757	0.10725	4060019
3	8	24	32	8	3	84	52	48	1	16	3	3	32	3	1	24	3	24	24	8	16	48	1.040928	0.06505	2617561
3	4	24	32	12	2	96	40	40	1	24	2	2	40	2	1	32	2	32	32	4	4	16	0.702345	0.046975	1894088
2	4	24	32	16	1	64	96	64	1	20	1	1	36	1	1	28	1	8	8	4	4	8	0.757222	0.046	1602981
3	8	45	40	16	5	120	80	64	2	8	5	5	8	5	2	8	5	8	8	8	8	32	1.093684	0.071075	3491658
2	8	40	32	8	4	64	100	96	2	12	4	4	20	4	2	16	4	24	24	8	2	8	1.399288	0.06305	3304094
2	8	24	32	16	3	84	64	60	1	8	3	3	8	3	1	8	3	24	24	8	2	8	1.178022	0.053975	2277345
3	4	16	32	8	2	64	40	40	1	24	2	2	40	2	1	32	2	40	40	4	4	16	0.702148	0.044125	1855024
3	4	40	32	8	1	128	96	64	1	10	1	1	14	1	1	12	1	32	32	4	8	32	0.735829	0.046225	1770744
3	8	40	32	8	5	105	80	64	2	10	5	5	14	5	2	12	5	16	16	8	4	16	1.253336	0.065925	3309580
2	8	16	32	16	4	84	80	64	2	24	4	4	40	4	2	32	4	24	24	8	4	16	1.428059	0.074325	3525713
2	8	24	32	16	3	120	64	60	1	12	3	3	20	3	1	16	3	40	40	8	8	32	1.188833	0.063475	2645641
2	4	30	30	16	2	64	128	128	1	24	2	2	40	2	1	32	2	40	40	4	4	8	1.090667	0.05845	2278692
2	4	45	40	8	1	120	100	96	1	16	1	1	32	1	1	24	1	40	40	4	2	8	0.768285	0.04705	1809933
2	8	30	30	20	5	130	100	96	2	16	5	5	32	5	2	24	5	20	20	8	4	8	1.442238	0.0816	3887017
3	8	24	32	12	4	32	96	64	2	20	4	4	36	4	2	28	4	8	8	8	8	32	1.089636	0.07	3414405
2	8	45	40	12	3	105	64	60	1	24	3	3	40	3	1	32	3	16	16	8	8	32	1.200628	0.062325	2620157
3	4	32	40	20	2	130	52	48	1	8	2	2	8	2	1	8	2	20	20	4	16	48	0.912981	0.054275	2062995
1	4	30	30	8	1	105	100	96	1	12	1	1	20	1	1	16	1	8	8	4	2	8	0.803599	0.0547	1784311
3	8	30	30	8	5	105	64	60	2	14	5	5	26	5	2	20	5	40	40	8	4	16	1.257902	0.096425	3572312
2	8	40	32	12	4	64	100	96	2	14	4	4	26	4	2	20	4	32	32	8	4	16	1.429975	0.070775	3564204
3	8	30	30	16	3	96	80	64	1	20	3	3	36	3	1	28	3	40	40	8	2	8	1.126256	0.0663	2799598
2	4	16	32	12	2	64	100	96	1	20	2	2	36	2	1	28	2	16	16	4	8	32	1.078131	0.048975	1950943
1	4	32	40	12	1	96	80	64	1	10	1	1	14	1	1	12	1	24	24	4	4	8	0.815733	0.054825	1915667
2	8	40	32	16	5	105	80	64	2	20	5	5	36	5	2	28	5	24	24	8	4	8	1.423689	0.076225	3676783
3	8	16	32	16	4	32	96	64	2	12	4	4	20	4	2	16	4	8	8	8	8	32	1.080229	0.06875	3316354
2	8	30	30	12	3	105	64	60	1	14	3	3	26	3	1	20	3	20	20	8	8	32	1.189913	0.058975	2472407
2	4	16	32	12	2	120	96	64	1	10	2	2	14	2	1	12	2	8	8	4	4	8	0.958004	0.0408	1678502
2	4	30	30	20	1	32	64	60	1	8	1	1	8	1	1	8	1	20	20	4	4	8	0.767104	0.03805	1521027
1	8	30	30	12	5	105	80	64	2	16	5	5	32	5	2	24	5	32	32	8	16	48	1.717571	0.10825	4387261
3	8	24	32	20	4	96	80	64	2	14	4	4	26	4	2	20	4	40	40	8	8	32	1.296461	0.10775	3865428
3	8	45	40	16	3	84	52	48	1	24	3	3	40	3	1	32	3	32	32	8	4	8	1.042782	0.065025	2748959
2	4	30	30	20	2	64	100	96	1	14	2	2	26	2	1	20	2	40	40	4	16	48	1.086915	0.064825	2339971
1	4	32	40	8	1	120	128	128	1	14	1	1	26	1	1	20	1	40	40	4	4	16	0.815574	0.061075	2222342
1	8	40	32	20	5	130	100	96	2	24	5	5	40	5	2	32	5	40	40	8	4	16	1.743626	0.146	4896650
1	8	32	40	16	4	128	64	60	2	20	4	4	36	4	2	28	4	24	24	8	8	32	1.646545	0.102725	4056960
2	8	24	32	20	3	84	40	40	1	10	3	3	14	3	1	12	3	16	16	8	16	48	0.739359	0.063125	2490568
1	4	40	32	12	2	64	52	48	1	12	2	2	20	2	1	16	2	20	20	4	4	16	1.153648	0.057175	1925504
3	4	16	32	8	1	105	52	48	1	8	1	1	8	1	1	8	1	8	8	4	4	16	0.721865	0.0351	1410844
2	8	40	32	16	5	105	128	128	2	12	5	5	20	5	2	16	5	20	20	8	2	8	1.427622	0.07685	3840045
3	8	16	32	16	4	120	100	96	2	12	4	4	20	4	2	16	4	8	8	8	8	32	1.08179	0.07395	3532725
3	8	30	30	8	3	105	52	48	1	8	3	3	8	3	1	8	3	24	24	8	8	32	1.043926	0.0557	2367750
1	4	32	40	12	2	32	80	64	1	12	2	2	20	2	1	16	2	32	32	4	8	32	1.165075	0.0587	2188109
1	4	8	16	8	1	84	128	128	1	12	1	1	20	1	1	16	1	20	20	4	2	8	0.810103	0.053425	1890735
1	8	45	40	8	5	120	52	48	2	8	5	5	8	5	2	8	5	20	20	8	4	8	1.317072	0.089425	3575801
2	8	40	32	16	4	96	52	48	2	12	4	4	20	4	2	16	4	24	24	8	8	32	1.212941	0.0692	3256434
3	8	45	40	12	3	84	80	64	1	14	3	3	26	3	1	20	3	8	8	8	8	32	0.999955	0.060175	2597639
1	4	24	32	8	2	84	100	96	1	8	2	2	8	2	1	8	2	20	20	4	8	32	1.193759	0.0548	2052599
2	4	45	40	8	1	64	52	48	1	14	1	1	26	1	1	20	1	24	24	4	16	48	0.76435	0.049625	1743384
1	8	45	40	8	5	120	128	128	2	10	5	5	14	5	2	12	5	24	24	8	4	8	1.684074	0.097075	4275179
2	8	40	32	20	4	32	64	60	2	24	4	4	40	4	2	32	4	40	40	8	16	48	1.338004	0.11325	3986335
2	8	30	30	20	3	105	128	128	1	14	3	3	26	3	1	20	3	20	20	8	2	8	1.21586	0.0693	2821290
3	4	8	16	8	2	128	40	40	1	16	2	2	32	2	1	24	2	32	32	4	2	8	0.705718	0.041275	1700223
3	4	45	40	16	1	64	52	48	1	10	1	1	14	1	1	12	1	8	8	4	4	16	0.721319	0.041775	1536101
2	8	30	30	12	5	130	64	60	2	12	5	5	20	5	2	16	5	24	24	8	4	8	1.389939	0.069	3318233
2	8	16	32	8	4	96	80	64	2	16	4	4	32	4	2	24	4	16	16	8	4	16	1.39603	0.06405	3183834
1	8	30	30	16	3	96	96	64	1	24	3	3	40	3	1	32	3	16	16	8	8	32	1.388044	0.0946	3234537
1	4	40	32	20	2	130	52	48	1	12	2	2	20	2	1	16	2	24	24	4	4	16	1.153648	0.0644	2130608
2	4	30	30	16	1	84	52	48	1	8	1	1	8	1	1	8	1	24	24	4	4	8	0.760557	0.041025	1523534
2	8	45	40	20	5	130	128	128	2	24	5	5	40	5	2	32	5	20	20	8	4	16	1.443304	0.088575	4327416
1	8	24	32	8	4	96	128	128	2	20	4	4	36	4	2	28	4	16	16	8	4	8	1.652692	0.0966	4121835
2	8	30	30	20	3	96	52	48	1	24	3	3	40	3	1	32	3	8	8	8	16	48	1.073296	0.071025	2706198
3	4	8	16	12	2	130	40	40	1	16	2	2	32	2	1	24	2	8	8	4	2	8	0.705588	0.040725	1624857
2	4	24	32	20	1	96	64	60	1	16	1	1	32	1	1	24	1	24	24	4	2	8	0.768144	0.04385	1664677
1	8	30	30	20	5	105	100	96	2	12	5	5	20	5	2	16	5	24	24	8	4	8	1.732963	0.10625	4332077
2	8	24	32	12	4	120	80	64	2	20	4	4	36	4	2	28	4	20	20	8	2	8	1.402748	0.06925	3385280
2	8	30	30	8	3	96	80	64	1	10	3	3	14	3	1	12	3	20	20	8	4	16	1.213896	0.052875	2292791
1	4	16	32	16	2	32	52	48	1	12	2	2	20	2	1	16	2	16	16	4	2	8	1.152725	0.052575	1837614
1	4	16	32	12	1	105	80	64	1	14	1	1	26	1	1	20	1	20	20	4	8	32	0.813664	0.058675	1943071
3	8	45	40	12	5	130	128	128	2	14	5	5	26	5	2	20	5	16	16	8	4	8	1.268728	0.076625	3998517
3	8	24	32	12	4	84	52	48	2	24	4	4	40	4	2	32	4	20	20	8	4	16	1.140715	0.069775	3339234
2	8	24	32	16	3	96	128	128	1	10	3	3	14	3	1	12	3	8	8	8	8	32	1.082672	0.0631	2643070
2	4	16	32	8	2	120	128	128	1	12	2	2	20	2	1	16	2	24	24	4	2	8	1.049184	0.04325	1889764
1	4	30	30	20	1	130	64	60	1	12	1	1	20	1	1	16	1	16	16	4	4	8	0.814674	0.05965	1912273
3	8	40	32	16	5	130	96	64	2	10	5	5	14	5	2	12	5	24	24	8	2	8	1.283306	0.0727	3601984
3	8	24	32	20	4	120	128	128	2	20	4	4	36	4	2	28	4	20	20	8	4	16	1.288687	0.0849	4039899
1	8	24	32	16	3	96	64	60	1	12	3	3	20	3	1	16	3	40	40	8	8	32	1.351096	0.091175	3140916
2	4	30	30	8	2	96	100	96	1	8	2	2	8	2	1	8	2	24	24	4	4	16	1.044608	0.04245	1760911
1	4	8	16	20	1	64	80	64	1	12	1	1	20	1	1	16	1	32	32	4	4	8	0.809068	0.05745	1924192
1	8	30	30	20	5	105	64	60	2	24	5	5	40	5	2	32	5	16	16	8	4	8	1.585158	0.106	4138384
2	8	32	40	8	4	84	128	128	2	12	4	4	20	4	2	16	4	8	8	8	16	48	1.187028	0.072	3631015
3	8	24	32	16	3	84	80	64	1	24	3	3	40	3	1	32	3	20	20	8	2	8	1.126426	0.0639	2666715
1	4	40	32	8	2	84	52	48	1	14	2	2	26	2	1	20	2	16	16	4	4	16	1.136896	0.0562	1904714
3	4	30	30	8	1	32	80	64	1	12	1	1	20	1	1	16	1	24	24	4	4	16	0.734137	0.040875	1565454
2	8	30	30	16	5	105	64	60	2	20	5	5	36	5	2	28	5	32	32	8	4	8	1.390052	0.07565	3635189
1	8	24	32	16	4	32	40	40	2	8	4	4	8	4	2	8	4	8	8	8	16	48	0.755773	0.09275	3510863
2	8	45	40	8	3	96	52	48	1	16	3	3	32	3	1	24	3	8	8	8	4	8	1.07362	0.05255	2282384
1	4	24	32	8	2	64	128	128	1	12	2	2	20	2	1	16	2	16	16	4	4	8	1.19248	0.05515	2109213
3	4	30	30	20	1	130	96	64	1	20	1	1	36	1	1	28	1	16	16	4	4	8	0.735078	0.052575	1827671
1	8	40	32	16	5	105	64	60	2	20	5	5	36	5	2	28	5	16	16	8	2	8	1.573988	0.1003	3988750
3	8	32	40	8	4	96	100	96	2	20	4	4	36	4	2	28	4	32	32	8	16	48	1.310875	0.078275	3959609
2	8	30	30	20	3	96	80	64	1	8	3	3	8	3	1	8	3	40	40	8	16	48	1.183957	0.0703	2848920
2	4	16	32	20	2	96	52	48	1	8	2	2	8	2	1	8	2	40	40	4	4	8	1.007199	0.044825	1839219
3	4	30	30	20	1	32	96	64	1	10	1	1	14	1	1	12	1	24	24	4	8	32	0.734088	0.047375	1767021
1	8	30	30	12	5	105	80	64	2	24	5	5	40	5	2	32	5	8	8	8	4	8	1.39387	0.098925	4006438
2	8	16	32	8	4	96	128	128	2	14	4	4	26	4	2	20	4	8	8	8	16	48	1.191795	0.072925	3629352
1	8	45	40	12	3	120	52	48	1	14	3	3	26	3	1	20	3	24	24	8	4	8	1.27143	0.085625	2986675
2	4	30	30	16	2	128	52	48	1	16	2	2	32	2	1	24	2	20	20	4	4	16	1.000468	0.0489	1797429
1	4	40	32	20	1	120	100	96	1	14	1	1	26	1	1	20	1	40	40	4	4	8	0.8157	0.073025	2207846
1	8	30	30	20	5	130	96	64	2	16	5	5	32	5	2	24	5	40	40	8	4	16	1.750529	0.13975	4600042
3	8	40	32	8	4	64	64	60	2	24	4	4	40	4	2	32	4	40	40	8	8	32	1.273174	0.096125	3645891
3	8	30	30	20	3	120	64	60	1	20	3	3	36	3	1	28	3	20	20	8	4	16	1.106848	0.06785	2711840
1	4	30	30	20	2	96	96	64	1	14	2	2	26	2	1	20	2	32	32	4	8	32	1.223774	0.07185	2391352
1	4	8	16	20	1	96	100	96	1	24	1	1	40	1	1	32	1	24	24	4	2	8	0.810103	0.068	2051980
3	8	40	32	8	5	120	128	128	2	24	5	5	40	5	2	32	5	16	16	8	8	32	1.267208	0.0762	4078717
2	8	32	40	16	4	128	100	96	2	8	4	4	8	4	2	8	4	32	32	8	2	8	1.340668	0.070275	3512699
1	8	45	40	8	3	84	128	128	1	16	3	3	32	3	1	24	3	32	32	8	4	16	1.410446	0.089025	3312727
3	4	8	16	12	2	84	52	48	1	8	2	2	8	2	1	8	2	32	32	4	4	8	0.8996	0.040575	1673526
1	4	24	32	20	1	120	64	60	1	24	1	1	40	1	1	32	1	40	40	4	2	8	0.815301	0.06325	2112603
2	8	45	40	8	5	105	96	64	2	10	5	5	14	5	2	12	5	20	20	8	4	8	1.413579	0.0649	3369138
2	8	32	40	12	4	64	40	40	2	12	4	4	20	4	2	16	4	24	24	8	4	8	0.700837	0.060325	3039953
3	8	24	32	20	3	105	80	64	1	12	3	3	20	3	1	16	3	20	20	8	16	48	1.139322	0.073375	2886091
3	4	24	32	20	2	96	80	64	1	12	2	2	20	2	1	16	2	16	16	4	4	8	0.976907	0.04855	1886088
2	4	16	32	12	1	130	64	60	1	10	1	1	14	1	1	12	1	20	20	4	4	8	0.768527	0.0403	1543334
1	8	45	40	20	5	130	52	48	2	14	5	5	26	5	2	20	5	40	40	8	4	8	1.350059	0.1325	4305001
2	8	24	32	12	4	84	80	64	2	24	4	4	40	4	2	32	4	8	8	8	16	48	1.188542	0.0753	3509966
1	8	24	32	16	3	96	100	96	1	14	3	3	26	3	1	20	3	32	32	8	2	8	1.393975	0.091	3176860
1	4	24	32	12	2	128	100	96	1	12	2	2	20	2	1	16	2	32	32	4	2	8	1.189583	0.0589	2180755
1	4	32	40	8	1	120	40	40	1	24	1	1	40	1	1	32	1	8	8	4	4	16	0.769583	0.0543	1813654
1	8	40	32	16	5	130	100	96	2	14	5	5	26	5	2	20	5	8	8	8	2	8	1.394929	0.1	4130102
3	8	16	32	20	4	64	128	128	2	20	4	4	36	4	2	28	4	8	8	8	2	8	1.080198	0.079375	3843047
1	8	45	40	20	3	96	80	64	1	10	3	3	14	3	1	12	3	32	32	8	4	8	1.3922	0.090225	3162356
2	4	40	32	20	2	130	80	64	1	10	2	2	14	2	1	12	2	40	40	4	4	16	1.073033	0.052525	2052264
2	4	32	40	20	1	120	80	64	1	12	1	1	20	1	1	16	1	8	8	4	4	8	0.756851	0.04285	1637646
1	8	30	30	8	5	130	80	64	2	8	5	5	8	5	2	8	5	16	16	8	2	8	1.440631	0.089625	3653970
3	8	40	32	20	4	32	128	128	2	8	4	4	8	4	2	8	4	24	24	8	4	16	1.213882	0.07665	3765747
3	8	30	30	8	3	120	52	48	1	10	3	3	14	3	1	12	3	24	24	8	16	48	1.040118	0.0643	2548221
3	4	40	32	20	2	64	128	128	1	16	2	2	32	2	1	24	2	40	40	4	4	8	0.989478	0.061825	2350193
2	4	24	32	16	1	64	64	60	1	16	1	1	32	1	1	24	1	8	8	4	4	8	0.757222	0.042975	1523845
3	8	45	40	20	5	120	96	64	2	8	5	5	8	5	2	8	5	32	32	8	8	32	1.180223	0.10055	3930812
3	8	16	32	8	4	64	80	64	2	14	4	4	26	4	2	20	4	40	40	8	2	8	1.276788	0.09185	3426730
2	8	45	40	16	3	120	64	60	1	10	3	3	14	3	1	12	3	8	8	8	16	48	1.084592	0.06555	2588792
3	4	16	32	8	2	84	128	128	1	16	2	2	32	2	1	24	2	24	24	4	16	48	0.98655	0.0545	2231864
2	4	30	30	12	1	120	128	128	1	10	1	1	14	1	1	12	1	32	32	4	8	32	0.768328	0.05065	1915537
3	8	40	32	8	5	105	64	60	2	12	5	5	20	5	2	16	5	24	24	8	16	48	1.264394	0.074	3546040
3	8	32	40	16	4	32	96	64	2	16	4	4	32	4	2	24	4	20	20	8	4	16	1.226041	0.071625	3582918
2	8	24	32	8	3	105	100	96	1	20	3	3	36	3	1	28	3	24	24	8	16	48	1.233093	0.067775	2813634
1	4	8	16	20	2	32	64	60	1	10	2	2	14	2	1	12	2	32	32	4	8	32	1.147874	0.0601	2081918
1	4	32	40	8	1	130	96	64	1	8	1	1	8	1	1	8	1	8	8	4	8	32	0.804945	0.05305	1885456
2	8	45	40	16	5	120	80	64	2	10	5	5	14	5	2	12	5	20	20	8	8	32	1.422947	0.0735	3554597
2	8	24	32	20	4	64	52	48	2	8	4	4	8	4	2	8	4	8	8	8	2	8	1.154674	0.06105	2855827
1	8	45	40	8	3	96	64	60	1	24	3	3	40	3	1	32	3	24	24	8	4	16	1.357954	0.086	3042207
1	4	8	16	8	2	84	96	64	1	16	2	2	32	2	1	24	2	32	32	4	16	48	1.168719	0.0645	2299381
3	4	32	40	8	1	105	128	128	1	12	1	1	20	1	1	16	1	32	32	4	2	8	0.736589	0.043775	1858590
2	8	30	30	12	5	105	96	64	2	20	5	5	36	5	2	28	5	8	8	8	4	8	1.204865	0.0705	3496189
3	8	24	32	20	4	120	64	60	2	14	4	4	26	4	2	20	4	20	20	8	16	48	1.247172	0.080675	3668981
1	8	45	40	8	3	120	80	64	1	12	3	3	20	3	1	16	3	16	16	8	8	32	1.387405	0.085275	3005209
3	4	32	40	16	2	128	128	128	1	16	2	2	32	2	1	24	2	16	16	4	2	8	0.963115	0.05325	2135076
1	4	45	40	20	1	32	96	64	1	8	1	1	8	1	1	8	1	40	40	4	8	32	0.811897	0.063425	2147313
2	8	40	32	12	5	105	128	128	2	24	5	5	40	5	2	32	5	16	16	8	8	32	1.403272	0.080325	4073170
1	8	16	32	8	4	128	64	60	2	12	4	4	20	4	2	16	4	32	32	8	4	16	1.623424	0.092625	3680396
2	8	45	40	12	3	105	96	64	1	12	3	3	20	3	1	16	3	20	20	8	8	32	1.225366	0.060025	2615887
3	4	24	32	20	2	32	100	96	1	10	2	2	14	2	1	12	2	32	32	4	8	32	0.949067	0.053375	2074729
3	4	8	16	8	1	96	52	48	1	8	1	1	8	1	1	8	1	24	24	4	16	48	0.730468	0.04365	1659232
1	8	30	30	12	5	130	52	48	2	14	5	5	26	5	2	20	5	20	20	8	4	16	1.350067	0.096575	3784537
3	8	16	32	8	4	32	100	96	2	20	4	4	36	4	2	28	4	32	32	8	16	48	1.213551	0.07555	3788843
1	8	24	32	12	3	84	80	64	1	20	3	3	36	3	1	28	3	40	40	8	4	16	1.38146	0.091225	3181443
1	4	16	32	16	2	32	80	64	1	14	2	2	26	2	1	20	2	40	40	4	8	32	1.166881	0.063175	2268809
2	4	8	16	8	1	120	64	60	1	20	1	1	36	1	1	28	1	24	24	4	8	32	0.76722	0.044125	1634361
3	8	30	30	8	5	105	52	48	2	16	5	5	32	5	2	24	5	16	16	8	2	8	1.123641	0.06455	3200569
3	8	32	40	12	4	84	64	60	2	16	4	4	32	4	2	24	4	8	8	8	4	8	1.091739	0.066075	3234600
3	4	32	40	20	1	32	80	64	1	20	1	1	36	1	1	28	1	16	16	4	16	48	0.734389	0.056025	1977444
3	8	45	40	12	5	130	64	60	2	16	5	5	32	5	2	24	5	24	24	8	4	8	1.261781	0.07255	3592514
3	8	40	32	20	4	32	40	40	2	8	4	4	8	4	2	8	4	32	32	8	4	8	0.679801	0.064375	3180681
2	8	30	30	8	3	120	80	64	1	24	3	3	40	3	1	32	3	24	24	8	4	8	1.223447	0.0589	2560708
3	4	16	32	12	2	128	100	96	1	8	2	2	8	2	1	8	2	24	24	4	16	48	0.964111	0.05355	2090639
3	4	30	30	20	1	130	64	60	1	14	1	1	26	1	1	20	1	24	24	4	2	8	0.736617	0.04615	1732558
3	8	16	32	20	4	64	52	48	2	14	4	4	26	4	2	20	4	40	40	8	16	48	1.042091	0.10675	3844327
2	8	30	30	20	3	105	64	60	1	12	3	3	20	3	1	16	3	16	16	8	8	32	1.385304	0.05955	2525665
2	4	32	40	12	2	130	96	64	1	10	2	2	14	2	1	12	2	8	8	4	4	8	0.854005	0.039925	1771574
2	4	45	40	20	1	32	64	60	1	16	1	1	32	1	1	24	1	32	32	4	4	8	0.755694	0.042175	1734407
1	8	30	30	8	5	105	128	128	2	10	5	5	14	5	2	12	5	24	24	8	4	16	1.546644	0.090925	4176753
3	8	16	32	12	4	128	100	96	2	16	4	4	32	4	2	24	4	40	40	8	2	8	1.129455	0.0985	3847978
2	8	45	40	8	3	120	100	96	1	16	3	3	32	3	1	24	3	20	20	8	8	32	1.116172	0.057325	2694297
3	4	32	40	8	2	64	40	40	1	10	2	2	14	2	1	12	2	16	16	4	8	32	0.675155	0.03725	1654451
3	4	16	32	8	1	96	52	48	1	20	1	1	36	1	1	28	1	40	40	4	4	16	0.703833	0.041525	1707447
1	8	45	40	8	5	130	100	96	2	10	5	5	14	5	2	12	5	24	24	8	4	16	1.544451	0.091725	4042763
1	8	16	32	20	4	84	128	128	2	10	4	4	14	4	2	12	4	32	32	8	8	32	1.572227	0.104	4449384
2	8	24	32	20	3	105	96	64	1	24	3	3	40	3	1	32	3	24	24	8	2	8	1.119712	0.065925	2764278
3	4	24	32	8	2	64	64	60	1	10	2	2	14	2	1	12	2	24	24	4	8	32	0.8187	0.039575	1746547
1	4	16	32	20	1	130	64	60	1	24	1	1	40	1	1	32	1	24	24	4	2	8	0.810022	0.05795	2012203
3	8	40	32	8	5	105	96	64	2	14	5	5	26	5	2	20	5	20	20	8	4	8	1.126906	0.066575	3563218
2	8	16	32	20	4	64	96	64	2	8	4	4	8	4	2	8	4	16	16	8	16	48	1.24444	0.074	3557662
2	8	45	40	8	3	96	52	48	1	14	3	3	26	3	1	20	3	20	20	8	8	32	1.04547	0.05355	2400900
2	4	32	40	12	2	64	96	64	1	16	2	2	32	2	1	24	2	32	32	4	4	8	0.954334	0.0443	1947586
3	4	8	16	12	1	96	40	40	1	24	1	1	40	1	1	32	1	16	16	4	4	16	0.660579	0.0406	1554385
1	8	40	32	12	4	96	40	40	2	20	4	4	36	4	2	28	4	24	24	8	4	16	0.748123	0.088125	3736538
1	8	24	32	12	3	84	64	60	1	8	3	3	8	3	1	8	3	24	24	8	4	8	1.268394	0.0768	2784914
1	4	24	32	8	2	120	100	96	1	24	2	2	40	2	1	32	2	16	16	4	8	32	1.122773	0.0578	2237243
1	4	32	40	12	1	64	80	64	1	10	1	1	14	1	1	12	1	16	16	4	4	16	0.814072	0.0503	1840214
3	8	40	32	20	5	120	96	64	2	10	5	5	14	5	2	12	5	20	20	8	4	16	1.121179	0.074525	3711210
2	8	16	32	16	4	64	80	64	2	16	4	4	32	4	2	24	4	8	8	8	4	16	1.081228	0.0661	3249676
2	8	45	40	12	3	84	128	128	1	24	3	3	40	3	1	32	3	8	8	8	2	8	1.010117	0.0598	2746572
2	4	16	32	16	2	84	100	96	1	16	2	2	32	2	1	24	2	32	32	4	8	32	0.961938	0.051675	2134431
3	4	16	32	20	1	84	96	64	1	14	1	1	26	1	1	20	1	40	40	4	4	16	0.71062	0.047	1886730
3	8	16	32	16	4	32	100	96	2	14	4	4	26	4	2	20	4	32	32	8	2	8	1.08746	0.070275	3672383
1	8	45	40	8	3	105	96	64	1	24	3	3	40	3	1	32	3	32	32	8	2	8	1.331218	0.082025	3201077
2	4	16	32	12	2	32	52	48	1	8	2	2	8	2	1	8	2	20	20	4	2	8	0.904563	0.033925	1498688
3	4	32	40	8	1	130	52	48	1	24	1	1	40	1	1	32	1	16	16	4	4	16	0.702277	0.0409	1662006
3	8	30	30	20	5	120	100	96	2	20	5	5	36	5	2	28	5	24	24	8	4	8	1.140255	0.083575	4125195
2	8	24	32	16	4	32	80	64	2	20	4	4	36	4	2	28	4	24	24	8	4	8	1.262154	0.068875	3451691
1	8	30	30	12	3	120	80	64	1	24	3	3	40	3	1	32	3	32	32	8	2	8	1.307636	0.0853	3174109
2	4	8	16	8	2	84	128	128	1	24	2	2	40	2	1	32	2	24	24	4	16	48	0.916354	0.051775	2229519
1	4	16	32	8	1	64	52	48	1	20	1	1	36	1	1	28	1	24	24	4	4	8	0.806199	0.050425	1796198
2	8	45	40	8	5	130	52	48	2	24	5	5	40	5	2	32	5	8	8	8	2	8	1.033563	0.062525	3225957
1	8	32	40	8	4	128	40	40	2	14	4	4	26	4	2	20	4	8	8	8	16	48	0.733549	0.08885	3629423
3	8	30	30	20	3	96	128	128	1	10	3	3	14	3	1	12	3	20	20	8	4	8	1.005921	0.067525	2839633
1	4	40	32	16	2	120	80	64	1	10	2	2	14	2	1	12	2	40	40	4	4	8	1.147871	0.0624	2232661
3	4	24	32	16	1	105	40	40	1	14	1	1	26	1	1	20	1	8	8	4	8	32	0.648974	0.041225	1606395
2	8	45	40	16	5	120	52	48	2	12	5	5	20	5	2	16	5	8	8	8	16	48	1.034283	0.072575	3452110
1	8	24	32	20	4	128	128	128	2	20	4	4	36	4	2	28	4	40	40	8	8	32	1.634295	0.14125	4862523
1	8	30	30	20	3	84	40	40	1	14	3	3	26	3	1	20	3	8	8	8	8	32	0.773039	0.081375	2906915
3	4	16	32	8	2	96	64	60	1	20	2	2	36	2	1	28	2	32	32	4	2	8	0.835744	0.04145	1841653
1	4	8	16	16	1	120	52	48	1	14	1	1	26	1	1	20	1	8	8	4	8	32	0.776584	0.05405	1811327
1	8	32	40	16	4	96	64	60	2	16	4	4	32	4	2	24	4	32	32	8	2	8	1.530888	0.094175	3948614
2	8	24	32	16	3	105	52	48	1	14	3	3	26	3	1	20	3	24	24	8	2	8	1.043798	0.0559	2389243
2	4	40	32	20	2	128	96	64	1	14	2	2	26	2	1	20	2	32	32	4	2	8	0.93874	0.051125	2034156
3	4	45	40	12	1	130	64	60	1	14	1	1	26	1	1	20	1	16	16	4	2	8	0.708635	0.042425	1657278
3	8	30	30	16	5	130	52	48	2	20	5	5	36	5	2	28	5	24	24	8	4	16	1.028821	0.07315	3588384
2	8	16	32	8	4	32	40	40	2	24	4	4	40	4	2	32	4	16	16	8	2	8	0.687618	0.055825	2396397
3	8	30	30	8	3	96	52	48	1	12	3	3	20	3	1	16	3	24	24	8	2	8	0.937764	0.05195	2312017
3	4	40	32	12	2	84	128	128	1	14	2	2	26	2	1	20	2	8	8	4	4	8	0.768161	0.0476	2004081
3	4	40	32	20	1	120	100	96	1	10	1	1	14	1	1	12	1	32	32	4	2	8	0.710416	0.050075	1845774
1	8	30	30	12	5	105	80	64	2	24	5	5	40	5	2	32	5	40	40	8	2	8	1.576213	0.1255	4359836
3	8	32	40	16	4	96	64	60	2	14	4	4	26	4	2	20	4	32	32	8	4	8	1.120376	0.0699	3524621
1	8	24	32	20	3	105	100	96	1	24	3	3	40	3	1	32	3	24	24	8	8	32	1.32379	0.097475	3477431
2	4	40	32	12	2	130	64	60	1	10	2	2	14	2	1	12	2	20	20	4	4	16	0.936928	0.0421	1747346
2	4	16	32	8	1	84	100	96	1	14	1	1	26	1	1	20	1	20	20	4	16	48	0.754922	0.0453	1809142
3	8	45	40	12	5	130	100	96	2	8	5	5	8	5	2	8	5	40	40	8	2	8	1.081059	0.098575	3872550
2	8	24	32	12	4	84	80	64	2	14	4	4	26	4	2	20	4	16	16	8	2	8	1.26672	0.062475	3188801
3	8	45	40	12	3	96	52	48	1	12	3	3	20	3	1	16	3	24	24	8	16	48	0.936686	0.062575	2713638
3	4	8	16	8	2	128	64	60	1	10	2	2	14	2	1	12	2	20	20	4	2	8	0.809789	0.03715	1614352
1	4	32	40	8	1	64	96	64	1	14	1	1	26	1	1	20	1	24	24	4	8	32	0.81575	0.05345	1982909
3	8	40	32	12	5	130	80	64	2	12	5	5	20	5	2	16	5	20	20	8	4	8	1.121736	0.06865	3524204
2	8	16	32	12	4	32	128	128	2	16	4	4	32	4	2	24	4	32	32	8	16	48	1.246092	0.07755	3982198
1	8	30	30	12	3	84	64	60	1	20	3	3	36	3	1	28	3	16	16	8	4	8	1.284834	0.080725	2929410
1	4	24	32	8	2	130	100	96	1	8	2	2	8	2	1	8	2	16	16	4	2	8	1.105766	0.0498	1972405
3	4	32	40	16	1	105	40	40	1	24	1	1	40	1	1	32	1	40	40	4	4	16	0.658299	0.0473	1845721
2	8	32	40	12	4	128	96	64	2	10	4	4	14	4	2	12	4	40	40	8	16	48	1.3041	0.101925	3820475
2	8	24	32	12	3	105	64	60	1	14	3	3	26	3	1	20	3	20	20	8	4	8	1.091086	0.054725	2387057
3	4	24	32	16	2	84	80	64	1	14	2	2	26	2	1	20	2	40	40	4	2	8	0.820394	0.046875	2010258
2	4	8	16	20	1	32	128	128	1	8	1	1	8	1	1	8	1	24	24	4	8	32	0.752045	0.048525	1812126
1	8	24	32	8	4	64	80	64	2	20	4	4	36	4	2	28	4	32	32	8	8	32	1.573094	0.0913	3974442
1	8	45	40	16	3	96	52	48	1	14	3	3	26	3	1	20	3	32	32	8	4	8	1.226259	0.0834	3053206
1	4	30	30	12	2	130	100	96	1	12	2	2	20	2	1	16	2	24	24	4	2	8	1.126041	0.059	2159903
1	4	45	40	20	1	130	40	40	1	20	1	1	36	1	1	28	1	16	16	4	4	16	0.762266	0.059375	2001658
2	8	45	40	20	5	120	96	64	2	12	5	5	20	5	2	16	5	40	40	8	16	48	1.321322	0.11325	4243457
1	8	40	32	8	4	84	64	60	2	10	4	4	14	4	2	12	4	40	40	8	4	8	1.514167	0.1135	3776936
3	8	24	32	12	3	84	100	96	1	24	3	3	40	3	1	32	3	16	16	8	4	8	0.998522	0.061675	2708152
3	4	24	32	12	2	96	80	64	1	8	2	2	8	2	1	8	2	32	32	4	4	16	0.821852	0.041625	1839697
1	4	16	32	8	1	120	52	48	1	16	1	1	32	1	1	24	1	40	40	4	4	16	0.808854	0.053475	1917438
2	8	45	40	8	5	120	64	60	2	12	5	5	20	5	2	16	5	40	40	8	16	48	1.279426	0.099325	3745478
1	8	16	32	16	4	96	80	64	2	16	4	4	32	4	2	24	4	40	40	8	4	8	1.606463	0.1265	4197905
2	8	45	40	8	3	120	80	64	1	14	3	3	26	3	1	20	3	24	24	8	8	32	1.117146	0.056625	2583516
2	4	24	32	12	2	84	100	96	1	8	2	2	8	2	1	8	2	32	32	4	4	8	0.950585	0.04155	1856705
3	4	24	32	20	1	84	128	128	1	8	1	1	8	1	1	8	1	20	20	4	4	16	0.710356	0.049075	1865102
1	8	40	32	12	4	120	128	128	2	10	4	4	14	4	2	12	4	40	40	8	16	48	1.55661	0.131	4602475
2	8	24	32	20	3	105	40	40	1	8	3	3	8	3	1	8	3	16	16	8	8	32	0.728888	0.0536	2334676
1	4	16	32	20	2	96	128	128	1	14	2	2	26	2	1	20	2	20	20	4	8	32	1.128984	0.06885	2496507
1	4	30	30	8	1	64	52	48	1	8	1	1	8	1	1	8	1	8	8	4	4	8	0.774629	0.047225	1610052
1	8	40	32	12	5	120	128	128	2	12	5	5	20	5	2	16	5	16	16	8	8	32	1.557067	0.09815	4370277
1	8	32	40	16	4	96	64	60	2	24	4	4	40	4	2	32	4	20	20	8	8	32	1.522367	0.09815	4074262
2	8	45	40	20	3	105	40	40	1	14	3	3	26	3	1	20	3	20	20	8	8	32	0.730669	0.0585	2577955
1	4	32	40	16	2	64	128	128	1	8	2	2	8	2	1	8	2	24	24	4	16	48	1.131644	0.0667	2533785
2	4	30	30	16	1	105	100	96	1	10	1	1	14	1	1	12	1	24	24	4	2	8	0.755138	0.04485	1666409
1	8	24	32	8	4	120	52	48	2	12	4	4	20	4	2	16	4	40	40	8	16	48	1.343017	0.1205	3975248
3	8	24	32	12	3	105	80	64	1	10	3	3	14	3	1	12	3	24	24	8	16	48	1.003844	0.063225	2725726
2	4	24	32	16	2	32	128	128	1	8	2	2	8	2	1	8	2	16	16	4	16	48	0.912458	0.050875	2106439
3	4	30	30	12	1	130	52	48	1	14	1	1	26	1	1	20	1	40	40	4	16	48	0.708194	0.052	1970850
1	8	45	40	12	5	120	64	60	2	12	5	5	20	5	2	16	5	40	40	8	4	8	1.514637	0.12225	4112426
2	8	32	40	12	4	96	80	64	2	10	4	4	14	4	2	12	4	16	16	8	2	8	1.264828	0.061075	3147763
2	8	30	30	20	3	96	100	96	1	8	3	3	8	3	1	8	3	8	8	8	4	8	1.006592	0.058	2458195
2	4	16	32	12	2	32	80	64	1	10	2	2	14	2	1	12	2	24	24	4	8	32	0.926082	0.0401	1759751
2	4	32	40	16	1	128	80	64	1	8	1	1	8	1	1	8	1	32	32	4	8	32	0.754958	0.0445	1792099
1	8	40	32	12	5	105	80	64	2	12	5	5	20	5	2	16	5	24	24	8	2	8	1.571329	0.091775	3916049
1	8	24	32	12	4	96	100	96	2	14	4	4	26	4	2	20	4	32	32	8	4	16	1.607426	0.0943	4111377
3	8	24	32	16	3	84	64	60	1	16	3	3	32	3	1	24	3	8	8	8	4	8	0.896608	0.057925	2453311
3	4	32	40	12	2	120	80	64	1	10	2	2	14	2	1	12	2	40	40	4	8	32	0.828844	0.0462	2062864
3	4	16	32	12	1	32	52	48	1	12	1	1	20	1	1	16	1	20	20	4	8	32	0.704713	0.038525	1570790
1	8	30	30	12	5	120	96	64	2	16	5	5	32	5	2	24	5	20	20	8	16	48	1.584374	0.10325	4358793
1	8	16	32	12	4	120	64	60	2	20	4	4	36	4	2	28	4	32	32	8	16	48	1.530891	0.100275	4131479
3	8	30	30	12	3	84	40	40	1	20	3	3	36	3	1	28	3	32	32	8	8	32	0.690762	0.05885	2605877
1	4	40	32	12	2	32	52	48	1	10	2	2	14	2	1	12	2	24	24	4	2	8	1.074736	0.05185	1855577
3	4	8	16	16	1	105	96	64	1	14	1	1	26	1	1	20	1	20	20	4	4	8	0.7026	0.04425	1677062
2	8	40	32	16	5	120	96	64	2	10	5	5	14	5	2	12	5	16	16	8	4	8	1.273952	0.069425	3471785
3	8	24	32	20	4	128	40	40	2	8	4	4	8	4	2	8	4	24	24	8	8	32	0.660078	0.066025	3284143
3	8	24	32	16	3	84	40	40	1	16	3	3	32	3	1	24	3	32	32	8	16	48	0.687232	0.0654	2770153
2	4	40	32	20	2	96	40	40	1	8	2	2	8	2	1	8	2	32	32	4	4	8	0.74268	0.042725	1768489
2	4	40	32	20	1	120	64	60	1	14	1	1	26	1	1	20	1	32	32	4	2	8	0.755566	0.042675	1727941
3	8	45	40	12	5	130	128	128	2	8	5	5	8	5	2	8	5	8	8	8	4	8	0.956378	0.07	3736605
1	8	40	32	12	4	128	40	40	2	12	4	4	20	4	2	16	4	24	24	8	16	48	0.750977	0.092675	3842746
1	8	24	32	8	3	105	52	48	1	12	3	3	20	3	1	16	3	16	16	8	8	32	1.225114	0.078	2808298
3	4	40	32	20	2	128	96	64	1	16	2	2	32	2	1	24	2	24	24	4	16	48	0.83512	0.061525	2351423
1	4	16	32	20	1	64	40	40	1	12	1	1	20	1	1	16	1	16	16	4	4	8	0.762419	0.048525	1760178
1	8	30	30	8	5	105	100	96	2	20	5	5	36	5	2	28	5	20	20	8	4	8	1.561961	0.09345	4162000
1	8	24	32	8	4	84	64	60	2	16	4	4	32	4	2	24	4	20	20	8	4	8	1.509837	0.086925	3656659
3	8	45	40	16	3	84	100	96	1	10	3	3	14	3	1	12	3	8	8	8	2	8	0.902321	0.057375	2580199
3	4	24	32	8	2	130	128	128	1	20	2	2	36	2	1	28	2	8	8	4	2	8	0.760386	0.043425	2000381
2	4	30	30	8	1	128	40	40	1	20	1	1	36	1	1	28	1	16	16	4	16	48	0.704761	0.045575	1707781
1	8	40	32	16	5	120	80	64	2	24	5	5	40	5	2	32	5	32	32	8	8	32	1.590554	0.1045	4476597
2	8	24	32	16	4	64	128	128	2	16	4	4	32	4	2	24	4	20	20	8	4	16	1.284643	0.074875	3788541
1	8	30	30	16	3	105	40	40	1	10	3	3	14	3	1	12	3	24	24	8	4	8	0.789293	0.0782	2831064
1	4	24	32	20	2	32	80	64	1	16	2	2	32	2	1	24	2	20	20	4	2	8	1.104875	0.0583	2115143
1	4	16	32	8	1	130	40	40	1	24	1	1	40	1	1	32	1	8	8	4	16	48	0.749272	0.05735	1947965
2	8	45	40	12	5	105	96	64	2	24	5	5	40	5	2	32	5	20	20	8	4	16	1.294042	0.07305	3781912
2	8	32	40	12	4	64	100	96	2	24	4	4	40	4	2	32	4	20	20	8	8	32	1.296489	0.07205	3721851
1	8	24	32	20	3	105	64	60	1	20	3	3	36	3	1	28	3	24	24	8	16	48	1.284385	0.09605	3390533
1	4	8	16	16	2	120	128	128	1	20	2	2	36	2	1	28	2	20	20	4	2	8	1.042277	0.064025	2345555
1	4	40	32	12	1	32	128	128	1	8	1	1	8	1	1	8	1	16	16	4	2	8	0.809806	0.0543	1902240
1	8	40	32	16	5	130	128	128	2	24	5	5	40	5	2	32	5	16	16	8	2	8	1.536997	0.1045	4600324
1	8	24	32	16	4	84	64	60	2	16	4	4	32	4	2	24	4	32	32	8	4	16	1.527077	0.09525	3931290
1	8	24	32	20	3	105	52	48	1	12	3	3	20	3	1	16	3	40	40	8	2	8	1.219466	0.083675	3071113
1	4	16	32	8	2	64	96	64	1	10	2	2	14	2	1	12	2	40	40	4	4	8	1.127711	0.051925	2075780
2	4	8	16	8	1	105	128	128	1	14	1	1	26	1	1	20	1	16	16	4	2	8	0.749105	0.038925	1646473
2	8	40	32	8	5	130	100	96	2	14	5	5	26	5	2	20	5	16	16	8	16	48	1.271072	0.073125	3701832
1	8	32	40	8	4	96	96	64	2	12	4	4	20	4	2	16	4	20	20	8	4	16	1.551491	0.087925	3792348
1	8	24	32	16	3	105	100	96	1	16	3	3	32	3	1	24	3	16	16	8	2	8	1.29752	0.0858	3128797
2	4	30	30	12	2	128	52	48	1	20	2	2	36	2	1	28	2	20	20	4	2	8	0.915011	0.04315	1752328
1	4	16	32	20	1	120	52	48	1	10	1	1	14	1	1	12	1	24	24	4	2	8	0.804449	0.05	1831358
1	8	45	40	8	5	120	52	48	2	12	5	5	20	5	2	16	5	40	40	8	8	32	1.319076	0.11925	4019281
2	8	40	32	20	4	96	80	64	2	10	4	4	14	4	2	12	4	8	8	8	16	48	1.081005	0.073725	3502231
1	8	30	30	16	3	105	100	96	1	10	3	3	14	3	1	12	3	8	8	8	8	32	1.198458	0.08425	3065817
1	4	30	30	8	2	128	128	128	1	16	2	2	32	2	1	24	2	16	16	4	16	48	1.120872	0.066175	2451887
3	4	16	32	16	1	105	64	60	1	12	1	1	20	1	1	16	1	16	16	4	4	16	0.709185	0.041675	1607405
1	8	30	30	16	5	120	128	128	2	24	5	5	40	5	2	32	5	16	16	8	4	16	1.56901	0.1055	4599018
3	8	24	32	8	4	120	96	64	2	24	4	4	40	4	2	32	4	40	40	8	4	8	1.159567	0.0965	3760979
2	8	45	40	20	3	120	100	96	1	12	3	3	20	3	1	16	3	32	32	8	4	8	1.128772	0.06605	2838404
3	4	30	30	16	2	128	128	128	1	10	2	2	14	2	1	12	2	8	8	4	8	32	0.763056	0.051775	2086257
2	4	24	32	8	1	105	100	96	1	24	1	1	40	1	1	32	1	32	32	4	16	48	0.755338	0.0506	1976000
2	8	30	30	12	5	120	64	60	2	12	5	5	20	5	2	16	5	20	20	8	16	48	1.259344	0.07225	3493263
1	8	40	32	12	4	128	80	64	2	24	4	4	40	4	2	32	4	40	40	8	2	8	1.58732	0.12425	4233715
2	8	24	32	16	3	120	40	40	1	10	3	3	14	3	1	12	3	8	8	8	4	8	0.718651	0.049825	2185824
2	4	8	16	8	2	32	64	60	1	12	2	2	20	2	1	16	2	24	24	4	16	48	0.913522	0.04275	1785199
1	4	40	32	16	1	130	96	64	1	14	1	1	26	1	1	20	1	8	8	4	2	8	0.773188	0.05895	1889592
2	8	40	32	12	5	120	128	128	2	16	5	5	32	5	2	24	5	24	24	8	4	8	1.322215	0.075675	4013930
3	8	16	32	8	4	120	96	64	2	14	4	4	26	4	2	20	4	40	40	8	4	8	1.137515	0.09385	3599461
3	8	45	40	12	3	120	52	48	1	24	3	3	40	3	1	32	3	8	8	8	16	48	0.887747	0.06505	2784314
1	4	24	32	8	2	120	100	96	1	14	2	2	26	2	1	20	2	32	32	4	8	32	1.136477	0.05725	2251047
3	4	8	16	16	1	130	128	128	1	8	1	1	8	1	1	8	1	32	32	4	8	32	0.705842	0.050675	1962011
1	8	30	30	16	5	105	96	64	2	8	5	5	8	5	2	8	5	20	20	8	4	16	1.397816	0.093	3932847
1	8	24	32	12	4	96	64	60	2	20	4	4	36	4	2	28	4	8	8	8	2	8	1.308681	0.086325	3619125
3	8	30	30	12	3	120	100	96	1	10	3	3	14	3	1	12	3	24	24	8	4	8	1.00778	0.058575	2632895
1	4	40	32	12	2	128	80	64	1	14	2	2	26	2	1	20	2	20	20	4	2	8	1.115307	0.0574	2075669
1	4	32	40	12	1	130	80	64	1	14	1	1	26	1	1	20	1	20	20	4	4	16	0.814416	0.05505	1974106
1	8	40	32	8	5	120	80	64	2	20	5	5	36	5	2	28	5	8	8	8	16	48	1.313817	0.096925	4109062
1	8	24	32	20	4	120	40	40	2	10	4	4	14	4	2	12	4	32	32	8	16	48	0.747768	0.095825	3989734
3	8	45	40	16	3	96	52	48	1	12	3	3	20	3	1	16	3	8	8	8	4	16	0.887747	0.055275	2430908
1	4	40	32	12	2	64	40	40	1	20	2	2	36	2	1	28	2	20	20	4	2	8	0.811724	0.05465	1946812
2	4	40	32	16	1	105	96	64	1	24	1	1	40	1	1	32	1	40	40	4	4	8	0.757422	0.05275	1897523
1	8	40	32	12	5	120	128	128	2	16	5	5	32	5	2	24	5	32	32	8	4	16	1.635987	0.102575	4628669
2	8	32	40	20	4	64	100	96	2	20	4	4	36	4	2	28	4	32	32	8	16	48	1.315817	0.0857	4153308
1	8	24	32	20	3	84	64	60	1	20	3	3	36	3	1	28	3	32	32	8	4	16	1.286394	0.09035	3178300
3	4	30	30	20	2	84	80	64	1	24	2	2	40	2	1	32	2	16	16	4	4	16	0.816402	0.0531	2036563
3	4	45	40	20	1	96	96	64	1	8	1	1	8	1	1	8	1	8	8	4	4	16	0.678244	0.042075	1686538
2	8	16	32	12	4	120	52	48	2	14	4	4	26	4	2	20	4	16	16	8	4	8	1.132312	0.06235	3037881
2	8	30	30	8	3	84	64	60	1	24	3	3	40	3	1	32	3	40	40	8	8	32	1.096105	0.05875	2626388
3	4	30	30	16	2	32	96	64	1	8	2	2	8	2	1	8	2	16	16	4	4	8	0.802472	0.042475	1741186
3	4	45	40	16	1	64	64	60	1	16	1	1	32	1	1	24	1	24	24	4	16	48	0.713107	0.053425	1960764
1	8	30	30	16	5	120	80	64	2	10	5	5	14	5	2	12	5	24	24	8	16	48	1.567764	0.10225	4259986
1	8	40	32	16	4	120	52	48	2	14	4	4	26	4	2	20	4	16	16	8	2	8	1.323432	0.0893	3655658
3	8	30	30	16	3	96	96	64	1	24	3	3	40	3	1	32	3	24	24	8	2	8	1.00832	0.0642	2769826
1	4	40	32	20	2	64	80	64	1	12	2	2	20	2	1	16	2	24	24	4	8	32	1.140214	0.064475	2242539
1	4	24	32	12	1	96	128	128	1	10	1	1	14	1	1	12	1	32	32	4	4	16	0.817662	0.057025	2095006
2	8	40	32	16	5	120	64	60	2	10	5	5	14	5	2	12	5	32	32	8	16	48	1.286022	0.076575	3724323
1	8	40	32	12	4	128	128	128	2	16	4	4	32	4	2	24	4	24	24	8	8	32	1.592353	0.100025	4425359
3	8	30	30	16	3	105	40	40	1	8	3	3	8	3	1	8	3	40	40	8	8	32	0.689281	0.057875	2572121
3	4	40	32	12	2	128	100	96	1	10	2	2	14	2	1	12	2	8	8	4	4	8	0.768161	0.0441	1832696
2	4	32	40	16	1	128	128	128	1	16	1	1	32	1	1	24	1	24	24	4	8	32	0.755695	0.05385	2025891
3	8	30	30	12	5	105	52	48	2	12	5	5	20	5	2	16	5	16	16	8	2	8	1.003453	0.063475	3180589
3	8	40	32	20	4	128	96	64	2	24	4	4	40	4	2	32	4	40	40	8	16	48	1.160853	0.11775	4410942
3	8	24	32	20	3	105	64	60	1	10	3	3	14	3	1	12	3	20	20	8	4	8	0.983474	0.059625	2520586
3	4	40	32	16	2	84	80	64	1	10	2	2	14	2	1	12	2	20	20	4	16	48	0.829669	0.052275	2080545
3	4	16	32	12	1	64	96	64	1	14	1	1	26	1	1	20	1	8	8	4	4	16	0.675628	0.03935	1567469
3	8	32	40	20	4	96	40	40	2	8	4	4	8	4	2	8	4	8	8	8	2	8	0.646065	0.060175	3014520
1	8	30	30	20	3	96	100	96	1	12	3	3	20	3	1	16	3	16	16	8	16	48	1.288867	0.095925	3387610
2	4	16	32	8	2	130	40	40	1	12	2	2	20	2	1	16	2	8	8	4	4	16	0.721998	0.035675	1536600
3	4	16	32	16	1	84	80	64	1	14	1	1	26	1	1	20	1	20	20	4	4	8	0.71062	0.0435	1674229
2	8	40	32	8	5	120	100	96	2	10	5	5	14	5	2	12	5	24	24	8	8	32	1.286519	0.067025	3549021
3	8	32	40	20	4	64	40	40	2	8	4	4	8	4	2	8	4	32	32	8	4	8	0.658721	0.063925	3268627
1	8	45	40	12	3	120	128	128	1	24	3	3	40	3	1	32	3	8	8	8	16	48	1.211625	0.0945	3567302
1	4	40	32	12	2	120	64	60	1	12	2	2	20	2	1	16	2	16	16	4	4	16	1.109429	0.0567	1988956
3	4	30	30	20	1	64	80	64	1	12	1	1	20	1	1	16	1	20	20	4	16	48	0.712861	0.051325	1925499
3	8	45	40	8	5	130	100	96	2	10	5	5	14	5	2	12	5	40	40	8	16	48	1.127265	0.103	4101217
3	8	16	32	8	4	128	52	48	2	10	4	4	14	4	2	12	4	24	24	8	16	48	1.035511	0.0675	3280810
3	8	24	32	20	3	120	100	96	1	14	3	3	26	3	1	20	3	40	40	8	4	16	1.013618	0.07005	2990493
1	4	16	32	8	2	120	100	96	1	10	2	2	14	2	1	12	2	8	8	4	8	32	1.023273	0.0522	2014383
1	4	40	32	20	1	96	96	64	1	20	1	1	36	1	1	28	1	32	32	4	8	32	0.814484	0.06745	2220400
2	8	30	30	16	5	105	100	96	2	8	5	5	8	5	2	8	5	32	32	8	16	48	1.212582	0.0778	3934328
3	8	24	32	12	4	84	128	128	2	14	4	4	26	4	2	20	4	16	16	8	4	8	1.106616	0.070125	308878
1	8	24	32	8	3	105	80	64	1	8	3	3	8	3	1	8	3	32	32	8	16	48	1.279788	0.0846	3096774
3	4	24	32	20	2	96	40	40	1	20	2	2	36	2	1	28	2	8	8	4	4	8	0.664814	0.045025	1801578
1	4	8	16	12	1	120	100	96	1	8	1	1	8	1	1	8	1	16	16	4	4	8	0.811732	0.05175	1804780
2	8	30	30	16	5	120	128	128	2	14	5	5	26	5	2	20	5	8	8	8	2	8	1.089172	0.07405	3788351
2	8	32	40	12	4	96	64	60	2	16	4	4	32	4	2	24	4	16	16	8	16	48	1.258454	0.071775	3442889
2	8	24	32	8	3	120	52	48	1	24	3	3	40	3	1	32	3	24	24	8	16	48	1.048542	0.062875	2637693
2	4	24	32	12	2	128	128	128	1	10	2	2	14	2	1	12	2	8	8	4	8	32	0.8552	0.045425	1963677
3	4	24	32	20	1	105	40	40	1	12	1	1	20	1	1	16	1	24	24	4	4	8	0.660081	0.039075	1641392
1	8	40	32	16	4	96	40	40	2	20	4	4	36	4	2	28	4	16	16	8	2	8	0.742396	0.088325	3660229
1	8	45	40	16	3	84	128	128	1	16	3	3	32	3	1	24	3	20	20	8	4	16	1.322405	0.09135	3390233
3	4	40	32	8	2	130	64	60	1	14	2	2	26	2	1	20	2	32	32	4	4	8	0.827583	0.0443	1877559
1	4	40	32	16	1	32	96	64	1	20	1	1	36	1	1	28	1	8	8	4	2	8	0.773188	0.057975	1840161
2	8	24	32	16	4	128	128	128	2	14	4	4	26	4	2	20	4	16	16	8	16	48	1.271763	0.0813	3998033
2	8	45	40	8	3	105	80	64	1	8	3	3	8	3	1	8	3	16	16	8	2	8	1.090479	0.04865	2280977
3	4	30	30	20	2	32	100	96	1	24	2	2	40	2	1	32	2	32	32	4	2	8	0.821088	0.0552	2149629
2	4	16	32	20	1	120	80	64	1	12	1	1	20	1	1	16	1	24	24	4	4	16	0.755953	0.0431	1699244
1	8	40	32	20	4	120	96	64	2	14	4	4	26	4	2	20	4	16	16	8	8	32	1.535998	0.09905	4147563
3	8	30	30	16	3	96	40	40	1	16	3	3	32	3	1	24	3	16	16	8	4	16	0.689668	0.05695	2434537
2	4	8	16	20	2	64	128	128	1	10	2	2	14	2	1	12	2	8	8	4	8	32	0.851484	0.0502	1985354
2	4	30	30	16	1	130	128	128	1	16	1	1	32	1	1	24	1	40	40	4	2	8	0.756369	0.05435	2006819
3	8	45	40	8	5	130	96	64	2	12	5	5	20	5	2	16	5	40	40	8	2	8	1.137537	0.094625	3762138
2	8	40	32	8	4	64	52	48	2	16	4	4	32	4	2	24	4	32	32	8	16	48	1.16828	0.069125	3391301
2	8	45	40	8	3	105	64	60	1	20	3	3	36	3	1	28	3	24	24	8	16	48	1.099387	0.06155	2707891
2	4	32	40	20	2	64	40	40	1	8	2	2	8	2	1	8	2	8	8	4	2	8	0.721051	0.0363	1540913
2	4	16	32	20	1	64	80	64	1	8	1	1	8	1	1	8	1	16	16	4	4	16	0.753435	0.037825	1551222
2	8	30	30	12	5	105	96	64	2	16	5	5	32	5	2	24	5	16	16	8	8	32	1.275194	0.072125	3591094
2	8	16	32	8	4	64	100	96	2	14	4	4	26	4	2	20	4	32	32	8	4	16	1.296821	0.06425	3420742
1	8	30	30	20	3	105	100	96	1	10	3	3	14	3	1	12	3	32	32	8	2	8	1.317238	0.0873	3200290
3	4	40	32	16	2	130	80	64	1	16	2	2	32	2	1	24	2	24	24	4	4	16	0.829599	0.050775	2042914
3	4	32	40	8	1	128	64	60	1	24	1	1	40	1	1	32	1	16	16	4	16	48	0.709154	0.04875	1885501
2	8	45	40	8	5	105	96	64	2	8	5	5	8	5	2	8	5	16	16	8	4	8	1.206902	0.061225	3286238
1	8	16	32	8	4	120	64	60	2	10	4	4	14	4	2	12	4	8	8	8	4	8	1.304318	0.0825	3389322
1	8	30	30	16	3	120	128	128	1	14	3	3	26	3	1	20	3	40	40	8	4	8	1.32586	0.092675	3481662
2	4	40	32	20	2	96	96	64	1	12	2	2	20	2	1	16	2	20	20	4	8	32	0.952905	0.050875	2016753
1	4	40	32	16	1	96	64	60	1	10	1	1	14	1	1	12	1	24	24	4	2	8	0.817778	0.055775	1845400
2	8	30	30	8	5	120	80	64	2	10	5	5	14	5	2	12	5	40	40	8	8	32	1.29061	0.094575	3579634
3	8	40	32	8	4	64	40	40	2	12	4	4	20	4	2	16	4	40	40	8	2	8	0.660555	0.085575	3214335
1	8	45	40	16	3	96	100	96	1	10	3	3	14	3	1	12	3	8	8	8	8	32	1.199258	0.08485	3106828
3	4	30	30	20	2	84	128	128	1	16	2	2	32	2	1	24	2	24	24	4	4	16	0.836498	0.058525	2270444
1	4	45	40	12	1	128	80	64	1	12	1	1	20	1	1	16	1	40	40	4	4	8	0.815009	0.059575	2085505
2	8	40	32	20	5	105	96	64	2	24	5	5	40	5	2	32	5	8	8	8	4	16	1.095321	0.07745	3774790
3	8	16	32	20	4	32	64	60	2	14	4	4	26	4	2	20	4	24	24	8	4	16	1.087583	0.069975	3402682
1	8	24	32	8	3	105	96	64	1	8	3	3	8	3	1	8	3	20	20	8	2	8	1.283624	0.07505	2808172
1	4	16	32	8	2	96	52	48	1	12	2	2	20	2	1	16	2	20	20	4	16	48	1.076859	0.055975	2081608
1	4	16	32	16	1	105	40	40	1	8	1	1	8	1	1	8	1	8	8	4	4	16	0.75067	0.0484	1674694
3	8	40	32	20	5	105	64	60	2	10	5	5	14	5	2	12	5	32	32	8	16	48	1.111745	0.079725	3884431
1	8	32	40	20	4	32	80	64	2	14	4	4	26	4	2	20	4	8	8	8	8	32	1.307557	0.093825	3927914
1	8	45	40	12	3	105	80	64	1	20	3	3	36	3	1	28	3	32	32	8	2	8	1.307653	0.08395	3183562
2	4	32	40	12	2	96	96	64	1	16	2	2	32	2	1	24	2	16	16	4	4	8	0.938729	0.043275	1872232
3	4	8	16	8	1	32	100	96	1	14	1	1	26	1	1	20	1	16	16	4	4	8	0.69998	0.0371	1548623
3	8	40	32	20	5	130	128	128	2	10	5	5	14	5	2	12	5	20	20	8	4	16	1.121179	0.08195	4130647
2	8	40	32	8	4	64	128	128	2	20	4	4	36	4	2	28	4	40	40	8	4	8	1.318819	0.095325	3887374
3	8	45	40	16	3	96	40	40	1	10	3	3	14	3	1	12	3	24	24	8	4	8	0.687218	0.054975	2460692
3	4	32	40	12	2	120	80	64	1	8	2	2	8	2	1	8	2	24	24	4	4	8	0.824121	0.0412	1830519
3	4	40	32	20	1	32	96	64	1	8	1	1	8	1	1	8	1	20	20	4	2	8	0.709935	0.0401	1614690
2	8	45	40	16	5	130	100	96	2	10	5	5	14	5	2	12	5	16	16	8	16	48	1.278519	0.077775	3866540
2	8	24	32	12	4	84	128	128	2	14	4	4	26	4	2	20	4	40	40	8	16	48	1.324715	0.1065	4155733
1	8	24	32	8	3	105	64	60	1	8	3	3	8	3	1	8	3	40	40	8	4	16	1.262642	0.078575	2888181
2	4	40	32	8	2	32	100	96	1	20	2	2	36	2	1	28	2	16	16	4	2	8	0.920824	0.04065	1795639
2	4	30	30	8	1	64	80	64	1	14	1	1	26	1	1	20	1	20	20	4	16	48	0.754066	0.045825	1745547
3	8	45	40	20	5	105	52	48	2	10	5	5	14	5	2	12	5	8	8	8	4	16	0.920181	0.0684	3339828
3	8	40	32	20	4	64	96	64	2	24	4	4	40	4	2	32	4	8	8	8	4	8	0.953096	0.075025	3637556
3	8	24	32	16	3	84	64	60	1	14	3	3	26	3	1	20	3	20	20	8	16	48	0.987221	0.066825	2741211
1	4	32	40	8	2	84	128	128	1	12	2	2	20	2	1	16	2	8	8	4	2	8	1.031871	0.051525	2141697
3	4	40	32	12	1	120	40	40	1	12	1	1	20	1	1	16	1	24	24	4	8	32	0.655012	0.043	1670657
3	8	45	40	16	5	130	80	64	2	8	5	5	8	5	2	8	5	32	32	8	16	48	1.182013	0.08075	3908304
1	8	16	32	16	4	64	64	60	2	16	4	4	32	4	2	24	4	32	32	8	8	32	1.627003	0.100125	3970883
3	8	24	32	12	3	105	52	48	1	20	3	3	36	3	1	28	3	16	16	8	4	16	1.042847	0.059575	2477466
1	4	16	32	8	2	128	100	96	1	8	2	2	8	2	1	8	2	40	40	4	4	8	1.191478	0.056575	2129637
1	4	8	16	20	1	105	80	64	1	10	1	1	14	1	1	12	1	8	8	4	4	8	0.805376	0.0538	1787677
1	8	40	32	12	5	120	128	128	2	16	5	5	32	5	2	24	5	32	32	8	8	32	1.734935	0.10875	4700782
3	8	40	32	16	4	120	52	48	2	20	4	4	36	4	2	28	4	24	24	8	2	8	1.144429	0.070525	3410805
2	8	30	30	20	3	120	40	40	1	8	3	3	8	3	1	8	3	8	8	8	4	16	0.737942	0.052975	2217258
1	4	16	32	8	2	130	96	64	1	16	2	2	32	2	1	24	2	24	24	4	8	32	1.222293	0.0595	2202181
1	4	40	32	12	1	96	80	64	1	14	1	1	26	1	1	20	1	20	20	4	4	8	0.8157	0.060075	1894217
3	8	40	32	12	5	105	52	48	2	10	5	5	14	5	2	12	5	20	20	8	2	8	1.129923	0.065325	3195818
1	8	24	32	12	4	84	100	96	2	14	4	4	26	4	2	20	4	8	8	8	8	32	1.380132	0.09545	3912377
2	8	24	32	20	3	96	80	64	1	10	3	3	14	3	1	12	3	24	24	8	16	48	1.214578	0.068475	2750420
2	4	32	40	8	2	130	96	64	1	14	2	2	26	2	1	20	2	40	40	4	16	48	1.084505	0.0548	2193641
2	4	40	32	20	1	128	96	64	1	10	1	1	14	1	1	12	1	40	40	4	2	8	0.766797	0.048	1805660
1	8	24	32	20	4	120	52	48	2	24	4	4	40	4	2	32	4	32	32	8	8	32	1.381121	0.10575	4153067
3	8	45	40	8	3	84	40	40	1	10	3	3	14	3	1	12	3	20	20	8	8	32	0.71711	0.0543	2391185
2	4	30	30	12	2	120	40	40	1	10	2	2	14	2	1	12	2	20	20	4	16	48	0.744338	0.050725	1833008
3	4	16	32	16	1	96	52	48	1	10	1	1	14	1	1	12	1	16	16	4	2	8	0.729536	0.03955	1509673
2	8	30	30	16	5	120	80	64	2	8	5	5	8	5	2	8	5	40	40	8	4	8	1.28726	0.09975	3603883
3	8	32	40	16	4	32	100	96	2	14	4	4	26	4	2	20	4	20	20	8	8	32	1.238552	0.074475	3725790
3	8	45	40	12	3	120	80	64	1	12	3	3	20	3	1	16	3	20	20	8	2	8	1.120418	0.0581	2580872
1	4	30	30	16	2	64	40	40	1	24	2	2	40	2	1	32	2	16	16	4	2	8	0.806319	0.059625	1978786
2	4	16	32	8	1	84	40	40	1	20	1	1	36	1	1	28	1	40	40	4	16	48	0.726239	0.050275	1820628
3	8	40	32	20	5	105	52	48	2	14	5	5	26	5	2	20	5	16	16	8	4	8	1.118747	0.07305	3461163
3	8	32	40	20	4	120	40	40	2	8	4	4	8	4	2	8	4	32	32	8	4	16	0.683669	0.067425	3339039
2	8	24	32	20	3	96	64	60	1	20	3	3	36	3	1	28	3	24	24	8	16	48	1.193758	0.074425	2835165
3	4	40	32	16	2	64	80	64	1	20	2	2	36	2	1	28	2	8	8	4	16	48	0.873749	0.05705	2086621
1	4	24	32	16	1	32	100	96	1	16	1	1	32	1	1	24	1	24	24	4	8	32	0.811638	0.064675	2061054
3	8	40	32	12	5	105	100	96	2	8	5	5	8	5	2	8	5	24	24	8	16	48	1.171351	0.07785	3844532
2	8	24	32	20	4	84	100	96	2	16	4	4	32	4	2	24	4	40	40	8	2	8	1.435319	0.108	3879336
1	8	30	30	12	3	96	80	64	1	10	3	3	14	3	1	12	3	24	24	8	16	48	1.387566	0.0929	3138051
1	4	40	32	8	2	64	128	128	1	16	2	2	32	2	1	24	2	8	8	4	4	16	1.08462	0.05915	2155601
2	4	8	16	20	1	130	80	64	1	20	1	1	36	1	1	28	1	40	40	4	4	16	0.767152	0.052025	1869965
2	8	40	32	8	5	130	80	64	2	16	5	5	32	5	2	24	5	8	8	8	2	8	1.198283	0.06405	3295120
1	8	40	32	12	4	128	52	48	2	10	4	4	14	4	2	12	4	8	8	8	4	8	1.302291	0.087725	3438294
3	8	30	30	8	3	96	40	40	1	12	3	3	20	3	1	16	3	40	40	8	2	8	0.716445	0.054775	2390749
1	4	16	32	16	2	84	64	60	1	24	2	2	40	2	1	32	2	16	16	4	2	8	1.203981	0.059925	2072820
2	4	45	40	16	1	84	40	40	1	10	1	1	14	1	1	12	1	24	24	4	2	8	0.726338	0.0402	1532110
1	8	30	30	16	5	105	80	64	2	24	5	5	40	5	2	32	5	20	20	8	8	32	1.674926	0.10675	4280886
1	8	32	40	8	4	84	96	64	2	24	4	4	40	4	2	32	4	32	32	8	4	16	1.707564	0.097525	4073310
2	8	24	32	12	3	120	128	128	1	16	3	3	32	3	1	24	3	8	8	8	4	16	1.082672	0.061675	2670145
1	4	30	30	20	2	128	80	64	1	8	2	2	8	2	1	8	2	32	32	4	2	8	1.174878	0.063175	2138142
1	4	30	30	12	1	105	52	48	1	16	1	1	32	1	1	24	1	40	40	4	8	32	0.805079	0.0646	2039557
1	8	40	32	12	5	120	52	48	2	8	5	5	8	5	2	8	5	16	16	8	16	48	1.322982	0.09915	3793866
1	8	16	32	16	4	84	100	96	2	10	4	4	14	4	2	12	4	32	32	8	2	8	1.684597	0.097425	3998455
3	8	30	30	8	3	84	52	48	1	14	3	3	26	3	1	20	3	32	32	8	16	48	1.04061	0.06405	2634643
1	4	8	16	12	2	64	64	60	1	24	2	2	40	2	1	32	2	16	16	4	16	48	1.163372	0.0671	2194342
2	4	8	16	12	1	120	80	64	1	16	1	1	32	1	1	24	1	32	32	4	16	48	0.76722	0.05485	1879842
3	8	30	30	20	5	120	64	60	2	20	5	5	36	5	2	28	5	24	24	8	2	8	1.24997	0.07775	3724787
3	8	32	40	8	4	128	100	96	2	10	4	4	14	4	2	12	4	16	16	8	8	32	1.271207	0.0676	3474304
1	8	45	40	16	3	84	96	64	1	20	3	3	36	3	1	28	3	40	40	8	8	32	1.404938	0.097825	3454041
2	4	30	30	20	2	96	128	128	1	24	2	2	40	2	1	32	2	20	20	4	16	48	1.0923	0.0709	2486221
1	4	40	32	12	1	130	80	64	1	16	1	1	32	1	1	24	1	40	40	4	4	16	0.8154	0.065775	2091893
2	8	30	30	16	5	120	64	60	2	12	5	5	20	5	2	16	5	32	32	8	4	8	1.392037	0.07285	3475185
3	8	24	32	20	4	120	80	64	2	16	4	4	32	4	2	24	4	24	24	8	4	16	1.289415	0.077375	3657406
1	8	24	32	12	3	96	96	64	1	14	3	3	26	3	1	20	3	24	24	8	8	32	1.416783	0.0896	3119129
2	4	40	32	16	2	84	96	64	1	20	2	2	36	2	1	28	2	20	20	4	16	48	1.100348	0.060325	2202541
2	4	32	40	20	1	32	80	64	1	14	1	1	26	1	1	20	1	40	40	4	8	32	0.767608	0.049975	1879014
3	8	40	32	20	5	105	64	60	2	16	5	5	32	5	2	24	5	8	8	8	16	48	1.092957	0.08225	3781020
3	8	40	32	16	4	128	80	64	2	14	4	4	26	4	2	20	4	32	32	8	4	16	1.299327	0.074575	3620497
2	8	45	40	8	3	105	128	128	1	8	3	3	8	3	1	8	3	40	40	8	2	8	1.181322	0.0577	2695363
1	4	32	40	12	2	84	40	40	1	16	2	2	32	2	1	24	2	32	32	4	16	48	0.800206	0.0655	2314489
2	4	16	32	8	1	64	52	48	1	8	1	1	8	1	1	8	1	8	8	4	16	48	0.758334	0.040075	1521290
2	8	40	32	12	5	130	64	60	2	20	5	5	36	5	2	28	5	16	16	8	4	8	1.378951	0.07155	3388777
3	8	16	32	20	4	84	52	48	2	12	4	4	20	4	2	16	4	8	8	8	4	16	1.078885	0.0672	3093325
1	8	24	32	12	3	120	52	48	1	14	3	3	26	3	1	20	3	20	20	8	8	32	1.278188	0.087125	2959002
2	4	30	30	20	2	128	100	96	1	20	2	2	36	2	1	28	2	24	24	4	2	8	1.064392	0.056675	2090617
1	4	8	16	16	1	96	100	96	1	8	1	1	8	1	1	8	1	16	16	4	4	8	0.80665	0.056325	1839718
1	8	40	32	12	5	120	80	64	2	14	5	5	26	5	2	20	5	16	16	8	8	32	1.646081	0.099475	4010507
2	8	24	32	16	4	32	52	48	2	14	4	4	26	4	2	20	4	20	20	8	4	8	1.218432	0.065025	3089132
2	8	45	40	12	3	96	80	64	1	20	3	3	36	3	1	28	3	16	16	8	4	16	1.213515	0.0598	2554024
2	4	40	32	20	2	130	64	60	1	16	2	2	32	2	1	24	2	32	32	4	4	8	1.063634	0.054225	2030899
3	4	40	32	8	1	120	100	96	1	10	1	1	14	1	1	12	1	16	16	4	8	32	0.735829	0.04505	1713071
2	8	30	30	12	5	120	96	64	2	10	5	5	14	5	2	12	5	20	20	8	4	16	1.409632	0.069025	3384400
2	8	40	32	20	4	96	128	128	2	12	4	4	20	4	2	16	4	16	16	8	2	8	1.378428	0.0772	3719128
3	8	24	32	8	3	120	100	96	1	24	3	3	40	3	1	32	3	40	40	8	8	32	1.156514	0.066875	2939458
3	4	30	30	8	2	120	128	128	1	8	2	2	8	2	1	8	2	20	20	4	8	32	0.964305	0.048125	1972013
2	4	30	30	12	1	128	40	40	1	12	1	1	20	1	1	16	1	8	8	4	4	8	0.725925	0.039425	1441128
2	8	40	32	16	5	120	64	60	2	12	5	5	20	5	2	16	5	20	20	8	8	32	1.39728	0.072925	3453386
1	8	16	32	12	4	64	96	64	2	16	4	4	32	4	2	24	4	40	40	8	2	8	1.667646	0.12375	4068862
1	8	45	40	8	3	84	52	48	1	14	3	3	26	3	1	20	3	32	32	8	2	8	1.272211	0.081475	2887625
1	4	32	40	12	2	96	80	64	1	12	2	2	20	2	1	16	2	8	8	4	4	16	1.087881	0.054375	2018280
1	4	45	40	12	1	130	40	40	1	12	1	1	20	1	1	16	1	8	8	4	4	16	0.769835	0.0563	1808681
3	8	16	32	8	4	84	96	64	2	10	4	4	14	4	2	12	4	32	32	8	8	32	1.262538	0.067475	3404346
3	8	45	40	8	3	96	64	60	1	12	3	3	20	3	1	16	3	32	32	8	16	48	1.115595	0.065275	2730273
1	4	40	32	16	2	128	96	64	1	10	2	2	14	2	1	12	2	16	16	4	4	8	1.195018	0.0624	2084437
3	4	45	40	8	1	84	80	64	1	10	1	1	14	1	1	12	1	40	40	4	4	16	0.735383	0.04425	1748707
1	8	30	30	12	5	130	80	64	2	20	5	5	36	5	2	28	5	24	24	8	4	8	1.685477	0.10195	4138358
2	8	16	32	20	4	64	128	128	2	12	4	4	20	4	2	16	4	20	20	8	4	16	1.415615	0.078325	3722068
3	8	45	40	12	3	96	40	40	1	10	3	3	14	3	1	12	3	8	8	8	16	48	0.716785	0.06	2503567
1	4	32	40	20	2	32	80	64	1	10	2	2	14	2	1	12	2	8	8	4	4	8	1.087251	0.05605	2012675
1	4	32	40	8	1	64	52	48	1	10	1	1	14	1	1	12	1	24	24	4	4	8	0.808579	0.050025	1777782
2	8	40	32	12	5	120	128	128	2	16	5	5	32	5	2	24	5	8	8	8	16	48	1.200222	0.08255	4093262
3	8	40	32	20	4	32	52	48	2	20	4	4	36	4	2	28	4	16	16	8	8	32	1.135156	0.073525	3430263
1	8	30	30	20	3	105	80	64	1	14	3	3	26	3	1	20	3	8	8	8	8	32	1.249755	0.092125	3117482
2	4	40	32	20	2	96	80	64	1	10	2	2	14	2	1	12	2	16	16	4	8	32	1.062035	0.0504	1889681
1	4	8	16	20	1	64	52	48	1	12	1	1	20	1	1	16	1	32	32	4	2	8	0.805953	0.053275	1817795
1	8	45	40	8	5	105	96	64	2	14	5	5	26	5	2	20	5	20	20	8	2	8	1.653371	0.0938	3981762
1	8	32	40	16	4	64	100	96	2	12	4	4	20	4	2	16	4	32	32	8	4	16	1.690176	0.100775	4129245
2	8	30	30	20	3	120	80	64	1	8	3	3	8	3	1	8	3	16	16	8	2	8	1.173761	0.05775	2401293
3	4	40	32	16	2	64	80	64	1	20	2	2	36	2	1	28	2	16	16	4	4	8	0.980098	0.0507	1913556
3	4	16	32	12	1	96	64	60	1	8	1	1	8	1	1	8	1	16	16	4	16	48	0.733955	0.04595	1725789
2	8	30	30	12	5	105	100	96	2	20	5	5	36	5	2	28	5	16	16	8	4	8	1.408115	0.074375	3689849
3	8	32	40	20	4	84	100	96	2	20	4	4	36	4	2	28	4	8	8	8	8	32	1.091739	0.08025	3844002
1	8	24	32	12	3	84	52	48	1	8	3	3	8	3	1	8	3	20	20	8	4	8	1.279202	0.0793	2718716
1	4	24	32	16	2	128	96	64	1	16	2	2	32	2	1	24	2	20	20	4	4	16	1.223208	0.06385	2206640
3	4	40	32	8	1	105	80	64	1	12	1	1	20	1	1	16	1	20	20	4	4	16	0.735878	0.04265	1616556
3	8	30	30	12	5	120	80	64	2	10	5	5	14	5	2	12	5	40	40	8	16	48	1.292692	0.10675	3935026
3	8	40	32	16	4	32	96	64	2	10	4	4	14	4	2	12	4	20	20	8	8	32	1.225644	0.0704	3443323
2	8	24	32	20	3	84	96	64	1	14	3	3	26	3	1	20	3	40	40	8	16	48	1.236047	0.0763	3001883
2	4	40	32	12	2	84	64	60	1	24	2	2	40	2	1	32	2	40	40	4	2	8	1.066071	0.04875	1961649
2	4	45	40	12	1	32	96	64	1	20	1	1	36	1	1	28	1	20	20	4	8	32	0.76771	0.0479	1742671
1	8	24	32	8	4	120	52	48	2	20	4	4	36	4	2	28	4	32	32	8	8	32	1.384103	0.0955	3833931
3	8	24	32	20	3	120	52	48	1	12	3	3	20	3	1	16	3	24	24	8	16	48	1.044177	0.0719	2799648
2	4	30	30	20	2	96	40	40	1	12	2	2	20	2	1	16	2	24	24	4	4	8	0.744185	0.045925	1750574
1	4	32	40	20	1	128	96	64	1	20	1	1	36	1	1	28	1	24	24	4	2	8	0.813712	0.064225	2108895
1	8	30	30	12	5	105	96	64	2	14	5	5	26	5	2	20	5	8	8	8	8	32	1.39387	0.09825	3994538
3	8	24	32	20	4	120	128	128	2	20	4	4	36	4	2	28	4	16	16	8	2	8	1.252703	0.0824	3986542
3	8	45	40	16	3	96	100	96	1	12	3	3	20	3	1	16	3	8	8	8	4	8	0.999955	0.061575	2651136
3	4	24	32	8	2	64	52	48	1	12	2	2	20	2	1	16	2	40	40	4	16	48	0.921291	0.05025	1980495
2	4	45	40	16	1	32	96	64	1	8	1	1	8	1	1	8	1	8	8	4	16	48	0.755994	0.04925	1736432
2	8	32	40	8	4	64	40	40	2	10	4	4	14	4	2	12	4	40	40	8	16	48	0.700837	0.091025	3340892
1	8	45	40	8	3	96	128	128	1	10	3	3	14	3	1	12	3	8	8	8	4	16	1.247839	0.08305	3041013
2	4	8	16	20	2	64	100	96	1	24	2	2	40	2	1	32	2	24	24	4	4	16	1.018959	0.055375	2059130
1	4	30	30	20	1	120	100	96	1	20	1	1	36	1	1	28	1	40	40	4	16	48	0.809637	0.084625	2484888
1	8	40	32	20	5	120	80	64	2	20	5	5	36	5	2	28	5	16	16	8	16	48	1.670479	0.114	4517051
1	8	40	32	16	4	32	100	96	2	24	4	4	40	4	2	32	4	40	40	8	4	8	1.564925	0.13275	4420668
1	8	45	40	8	3	84	96	64	1	12	3	3	20	3	1	16	3	32	32	8	2	8	1.388298	0.08235	3005938
3	4	40	32	8	2	32	100	96	1	12	2	2	20	2	1	16	2	16	16	4	8	32	0.956711	0.0445	1843260
2	4	32	40	8	1	32	100	96	1	10	1	1	14	1	1	12	1	20	20	4	4	8	0.767507	0.037725	1559597
1	8	45	40	12	5	105	80	64	2	12	5	5	20	5	2	16	5	40	40	8	4	16	1.69924	0.127	4229890
2	8	32	40	12	4	128	128	128	2	14	4	4	26	4	2	20	4	32	32	8	8	32	1.461954	0.076975	3905925
1	8	24	32	20	3	84	52	48	1	8	3	3	8	3	1	8	3	32	32	8	16	48	1.278072	0.094375	3151106
3	4	30	30	12	2	120	128	128	1	14	2	2	26	2	1	20	2	8	8	4	2	8	0.876534	0.04855	1948663
2	4	32	40	12	1	32	96	64	1	8	1	1	8	1	1	8	1	20	20	4	16	48	0.767171	0.0465	1748998
3	8	30	30	16	5	120	80	64	2	8	5	5	8	5	2	8	5	40	40	8	16	48	1.168922	0.10875	3938692
3	8	16	32	8	4	120	100	96	2	24	4	4	40	4	2	32	4	32	32	8	4	8	1.300858	0.0715	3696636
1	8	45	40	20	3	120	52	48	1	16	3	3	32	3	1	24	3	24	24	8	4	8	1.26683	0.090725	3158999
1	4	40	32	8	2	32	100	96	1	24	2	2	40	2	1	32	2	24	24	4	2	8	1.171198	0.0594	2141697
2	4	45	40	20	1	105	52	48	1	20	1	1	36	1	1	28	1	20	20	4	16	48	0.76435	0.05535	1958752
2	8	45	40	16	5	105	96	64	2	16	5	5	32	5	2	24	5	8	8	8	4	8	1.203226	0.072525	3604648
3	8	40	32	8	4	32	40	40	2	12	4	4	20	4	2	16	4	40	40	8	4	16	0.679801	0.08755	3218346
3	8	30	30	16	3	96	52	48	1	12	3	3	20	3	1	16	3	32	32	8	16	48	1.040496	0.068225	2741435
3	4	16	32	20	2	120	40	40	1	16	2	2	32	2	1	24	2	16	16	4	2	8	0.702645	0.04585	1779442
3	4	45	40	16	1	130	40	40	1	24	1	1	40	1	1	32	1	16	16	4	4	16	0.69729	0.05025	1738802
2	8	30	30	20	5	130	96	64	2	16	5	5	32	5	2	24	5	24	24	8	8	32	1.462462	0.082625	3929523
1	8	24	32	20	4	120	96	64	2	16	4	4	32	4	2	24	4	8	8	8	4	8	1.380132	0.100475	3984987
3	8	45	40	12	3	105	64	60	1	16	3	3	32	3	1	24	3	16	16	8	8	32	1.110362	0.062125	2659096
2	4	8	16	16	2	130	100	96	1	12	2	2	20	2	1	16	2	40	40	4	2	8	1.008291	0.04975	2014082
1	4	16	32	12	1	128	80	64	1	16	1	1	32	1	1	24	1	16	16	4	8	32	0.812527	0.059925	1955630
3	8	16	32	16	4	32	128	128	2	10	4	4	14	4	2	12	4	40	40	8	4	8	1.222622	0.10275	3925194
1	8	45	40	12	3	96	100	96	1	10	3	3	14	3	1	12	3	20	20	8	4	8	1.394899	0.085725	3053716
2	4	16	32	8	2	96	52	48	1	24	2	2	40	2	1	32	2	16	16	4	4	16	0.999893	0.041575	1699619
2	4	30	30	12	1	128	40	40	1	12	1	1	20	1	1	16	1	32	32	4	16	48	0.726188	0.052425	1805413
3	8	30	30	16	5	105	52	48	2	14	5	5	26	5	2	20	5	40	40	8	4	16	1.116612	0.10205	3659194
3	8	16	32	8	4	120	100	96	2	14	4	4	26	4	2	20	4	8	8	8	2	8	1.080198	0.064	3310399
3	8	30	30	20	3	84	64	60	1	10	3	3	14	3	1	12	3	8	8	8	4	16	1.004006	0.05955	2400519
1	4	8	16	16	2	120	40	40	1	16	2	2	32	2	1	24	2	40	40	4	4	16	0.799281	0.060275	2120045
2	4	40	32	16	1	84	64	60	1	24	1	1	40	1	1	32	1	20	20	4	16	48	0.768145	0.059675	1915178
3	8	30	30	20	5	130	100	96	2	8	5	5	8	5	2	8	5	16	16	8	2	8	1.168218	0.07535	3684361
3	8	16	32	16	4	32	100	96	2	16	4	4	32	4	2	24	4	16	16	8	4	8	1.203359	0.072075	3562142
1	8	30	30	12	3	96	96	64	1	24	3	3	40	3	1	32	3	20	20	8	16	48	1.400581	0.09685	3352348
1	4	16	32	12	2	128	40	40	1	16	2	2	32	2	1	24	2	32	32	4	4	16	0.803107	0.05765	2042301
1	4	16	32	20	1	128	128	128	1	20	1	1	36	1	1	28	1	24	24	4	16	48	0.813328	0.08215	2490218
3	8	30	30	20	5	105	100	96	2	10	5	5	14	5	2	12	5	16	16	8	16	48	1.263605	0.08455	3999047
2	8	40	32	16	4	64	128	128	2	16	4	4	32	4	2	24	4	16	16	8	2	8	1.373494	0.07395	3719344
1	8	30	30	12	3	120	128	128	1	8	3	3	8	3	1	8	3	32	32	8	4	8	1.361014	0.08835	3217153
2	4	16	32	8	2	64	52	48	1	20	2	2	36	2	1	28	2	8	8	4	4	16	0.954926	0.03895	1583352
2	4	30	30	8	1	96	40	40	1	24	1	1	40	1	1	32	1	32	32	4	16	48	0.726188	0.05145	1807307
2	8	40	32	12	5	130	52	48	2	14	5	5	26	5	2	20	5	16	16	8	2	8	1.184281	0.066225	3173495
1	8	32	40	16	4	64	40	40	2	14	4	4	26	4	2	20	4	24	24	8	16	48	0.752214	0.0995	3925882
3	8	45	40	20	3	84	96	64	1	24	3	3	40	3	1	32	3	8	8	8	8	32	0.999955	0.07055	2895390
3	4	24	32	8	2	96	100	96	1	24	2	2	40	2	1	32	2	24	24	4	4	16	0.995721	0.047025	1998892
1	4	16	32	12	1	130	52	48	1	8	1	1	8	1	1	8	1	16	16	4	4	16	0.80589	0.051725	1740493
2	8	40	32	12	5	120	128	128	2	24	5	5	40	5	2	32	5	32	32	8	8	32	1.468425	0.0832	4259738
3	8	32	40	8	4	96	64	60	2	8	4	4	8	4	2	8	4	32	32	8	16	48	1.220908	0.070325	3432837
2	8	30	30	20	3	96	128	128	1	16	3	3	32	3	1	24	3	20	20	8	8	32	1.237803	0.074025	2964118
1	4	32	40	8	2	128	52	48	1	14	2	2	26	2	1	20	2	8	8	4	4	8	1.074223	0.052375	1914605
1	4	30	30	8	1	130	52	48	1	12	1	1	20	1	1	16	1	8	8	4	4	16	0.802616	0.054575	1718549
1	8	45	40	16	5	105	52	48	2	12	5	5	20	5	2	16	5	24	24	8	4	8	1.352851	0.0967	3862438
1	8	40	32	12	4	84	96	64	2	14	4	4	26	4	2	20	4	20	20	8	4	16	1.679688	0.095825	3895967
1	8	24	32	12	3	96	80	64	1	10	3	3	14	3	1	12	3	24	24	8	16	48	1.39312	0.0936	3134142
3	4	24	32	20	2	130	40	40	1	14	2	2	26	2	1	20	2	16	16	4	4	16	0.702345	0.046975	1826430
1	4	24	32	12	1	128	128	128	1	10	1	1	14	1	1	12	1	24	24	4	2	8	0.81463	0.058425	2007365
1	8	40	32	16	4	84	52	48	2	24	4	4	40	4	2	32	4	32	32	8	4	8	1.385622	0.099975	3974407
1	8	45	40	16	3	105	80	64	1	8	3	3	8	3	1	8	3	16	16	8	4	8	1.365017	0.084775	2954148
1	4	24	32	16	2	32	128	128	1	16	2	2	32	2	1	24	2	16	16	4	4	16	1.167369	0.063725	2277672
2	4	24	32	20	1	64	96	64	1	12	1	1	20	1	1	16	1	20	20	4	4	16	0.768548	0.044475	1654937
3	8	45	40	12	5	130	100	96	2	14	5	5	26	5	2	20	5	40	40	8	16	48	1.331208	0.11225	4334068
1	8	16	32	20	4	128	80	64	2	8	4	4	8	4	2	8	4	24	24	8	16	48	1.605178	0.1055	4146430
3	8	24	32	8	3	96	128	128	1	24	3	3	40	3	1	32	3	16	16	8	4	16	1.141943	0.061875	2774533
3	4	16	32	20	2	130	100	96	1	12	2	2	20	2	1	16	2	40	40	4	4	16	0.990657	0.055975	2211215
1	4	30	30	16	1	130	128	128	1	24	1	1	40	1	1	32	1	20	20	4	16	48	0.809468	0.08235	2459189
1	8	40	32	20	4	96	52	48	2	8	4	4	8	4	2	8	4	40	40	8	4	16	1.336415	0.1205	3929179
1	8	24	32	16	3	96	80	64	1	8	3	3	8	3	1	8	3	24	24	8	8	32	1.295086	0.0826	3009953
1	4	8	16	8	2	128	64	60	1	20	2	2	36	2	1	28	2	16	16	4	4	8	1.042922	0.052625	1951423
3	4	40	32	8	1	64	52	48	1	20	1	1	36	1	1	28	1	16	16	4	4	16	0.703101	0.040075	1554498
3	8	30	30	16	5	105	96	64	2	24	5	5	40	5	2	32	5	24	24	8	2	8	1.125579	0.076525	3906486
2	8	40	32	20	4	120	128	128	2	16	4	4	32	4	2	24	4	8	8	8	4	16	1.081005	0.078575	3853557
2	8	30	30	16	3	105	40	40	1	16	3	3	32	3	1	24	3	8	8	8	4	8	0.718012	0.053325	2316312
2	4	8	16	16	2	64	80	64	1	8	2	2	8	2	1	8	2	40	40	4	4	16	0.90798	0.04275	1813630
1	4	30	30	20	1	96	52	48	1	8	1	1	8	1	1	8	1	16	16	4	16	48	0.808812	0.0582	2027188
3	8	45	40	8	5	130	80	64	2	24	5	5	40	5	2	32	5	24	24	8	8	32	1.131957	0.072	3829317
3	8	24	32	20	4	64	40	40	2	14	4	4	26	4	2	20	4	20	20	8	2	8	0.659568	0.06485	3206459
2	8	24	32	16	3	120	52	48	1	12	3	3	20	3	1	16	3	32	32	8	4	8	0.911012	0.057175	2451151
1	4	40	32	8	2	64	64	60	1	14	2	2	26	2	1	20	2	8	8	4	2	8	1.029363	0.0511	1844534
3	4	40	32	8	1	130	80	64	1	12	1	1	20	1	1	16	1	8	8	4	4	16	0.677737	0.03925	1581879
1	8	30	30	20	5	130	100	96	2	14	5	5	26	5	2	20	5	24	24	8	4	16	1.584669	0.1055	4422847
2	8	40	32	12	4	32	52	48	2	10	4	4	14	4	2	12	4	8	8	8	2	8	1.036099	0.055375	2812170
2	8	30	30	12	3	84	96	64	1	24	3	3	40	3	1	32	3	16	16	8	8	32	0.911422	0.060375	2643671
1	4	40	32	16	2	128	40	40	1	24	2	2	40	2	1	32	2	8	8	4	16	48	0.787527	0.0664	2253357
2	4	45	40	12	1	96	64	60	1	10	1	1	14	1	1	12	1	40	40	4	2	8	0.756817	0.0412	1673299
3	8	24	32	20	4	64	96	64	2	24	4	4	40	4	2	32	4	20	20	8	2	8	1.113541	0.0747	3706238
3	4	40	32	12	2	128	52	48	1	12	2	2	20	2	1	16	2	8	8	4	4	16	0.765441	0.041825	1676269
1	4	40	32	16	1	128	128	128	1	10	1	1	14	1	1	12	1	20	20	4	8	32	0.81352	0.065875	2187625
2	8	45	40	12	5	130	80	64	2	12	5	5	20	5	2	16	5	40	40	8	4	16	1.076444	0.09835	3724198
3	8	24	32	12	4	120	100	96	2	20	4	4	36	4	2	28	4	8	8	8	16	48	0.950184	0.076525	3815196
1	8	45	40	8	3	105	40	40	1	8	3	3	8	3	1	8	3	16	16	8	2	8	0.789535	0.07135	2656944
1	4	16	32	20	2	130	80	64	1	20	2	2	36	2	1	28	2	40	40	4	16	48	1.133481	0.073475	2703194
1	4	24	32	12	1	64	128	128	1	12	1	1	20	1	1	16	1	40	40	4	16	48	0.818682	0.0651	2352986
1	8	40	32	8	5	130	96	64	2	14	5	5	26	5	2	20	5	20	20	8	2	8	1.550251	0.090275	3955265
3	8	45	40	16	3	84	100	96	1	14	3	3	26	3	1	20	3	20	20	8	4	16	1.007543	0.063025	2798228
2	4	30	30	20	2	32	52	48	1	20	2	2	36	2	1	28	2	40	40	4	16	48	0.920102	0.05625	2203160
2	4	32	40	20	1	120	100	96	1	8	1	1	8	1	1	8	1	20	20	4	4	8	0.754822	0.0457	1742315
3	8	32	40	16	4	64	64	60	2	8	4	4	8	4	2	8	4	24	24	8	4	8	1.091355	0.06435	3275629
2	8	30	30	20	3	105	100	96	1	12	3	3	20	3	1	16	3	8	8	8	2	8	1.01057	0.06045	2539541
2	4	32	40	8	2	120	80	64	1	8	2	2	8	2	1	8	2	20	20	4	8	32	0.948047	0.039725	1757620
3	4	32	40	16	1	32	80	64	1	16	1	1	32	1	1	24	1	20	20	4	2	8	0.70832	0.04235	1667848
3	8	40	32	20	5	130	80	64	2	12	5	5	20	5	2	16	5	24	24	8	16	48	1.129073	0.0824	4032360
3	8	32	40	8	4	64	100	96	2	8	4	4	8	4	2	8	4	20	20	8	8	32	1.09625	0.06345	3432101
3	8	24	32	20	3	105	80	64	1	14	3	3	26	3	1	20	3	24	24	8	8	32	1.005847	0.0659	2803519
1	4	30	30	20	2	32	80	64	1	20	2	2	36	2	1	28	2	8	8	4	4	8	1.017703	0.062225	2096044
2	4	24	32	16	1	120	100	96	1	14	1	1	26	1	1	20	1	24	24	4	4	8	0.755729	0.047325	1758520
1	8	40	32	12	5	120	100	96	2	14	5	5	26	5	2	20	5	24	24	8	4	8	1.600936	0.097675	4225903
1	8	32	40	12	4	32	96	64	2	16	4	4	32	4	2	24	4	24	24	8	4	16	1.50207	0.0908	3973427
3	8	24	32	20	3	120	96	64	1	12	3	3	20	3	1	16	3	40	40	8	2	8	1.003239	0.065025	2825802
1	4	16	32	12	2	32	64	60	1	24	2	2	40	2	1	32	2	32	32	4	16	48	1.103044	0.063025	2335690
2	4	8	16	16	1	128	52	48	1	14	1	1	26	1	1	20	1	20	20	4	4	16	0.745807	0.04165	1551192
2	8	45	40	12	5	130	64	60	2	24	5	5	40	5	2	32	5	24	24	8	4	16	1.264874	0.0718	3601536
1	8	16	32	12	4	84	80	64	2	24	4	4	40	4	2	32	4	32	32	8	16	48	1.580362	0.1022	4294471
3	8	30	30	8	3	120	80	64	1	20	3	3	36	3	1	28	3	8	8	8	8	32	0.896143	0.05695	2527094
3	4	16	32	8	2	96	128	128	1	14	2	2	26	2	1	20	2	20	20	4	4	8	0.84252	0.043525	1996329
3	4	24	32	12	1	64	64	60	1	24	1	1	40	1	1	32	1	20	20	4	4	16	0.710696	0.04295	1659881
2	8	40	32	16	5	130	128	128	2	10	5	5	14	5	2	12	5	40	40	8	2	8	1.304134	0.10575	4098602
3	8	40	32	8	4	64	100	96	2	12	4	4	20	4	2	16	4	40	40	8	4	8	1.133414	0.092725	3652384
2	8	45	40	20	3	120	96	64	1	8	3	3	8	3	1	8	3	8	8	8	4	16	0.966715	0.0578	2508377
3	4	8	16	16	2	96	80	64	1	10	2	2	14	2	1	12	2	32	32	4	2	8	0.810085	0.04315	1836084
3	4	40	32	12	1	128	40	40	1	16	1	1	32	1	1	24	1	20	20	4	4	16	0.657008	0.043025	1624886
3	8	30	30	8	5	130	52	48	2	14	5	5	26	5	2	20	5	32	32	8	4	16	1.025542	0.066275	3374571
3	8	32	40	12	4	84	52	48	2	20	4	4	36	4	2	28	4	8	8	8	4	16	0.920801	0.06465	3224435
3	8	30	30	8	3	84	128	128	1	14	3	3	26	3	1	20	3	8	8	8	2	8	0.900972	0.0547	2579144
3	4	30	30	8	2	32	40	40	1	10	2	2	14	2	1	12	2	40	40	4	2	8	0.681604	0.038	1657192
3	4	8	16	8	1	96	128	128	1	14	1	1	26	1	1	20	1	20	20	4	16	48	0.702369	0.047975	1959000
1	8	24	32	16	4	64	96	64	2	12	4	4	20	4	2	16	4	16	16	8	2	8	1.546227	0.090375	3805277
1	8	45	40	20	3	96	128	128	1	10	3	3	14	3	1	12	3	32	32	8	2	8	1.315694	0.090825	3387901
3	4	8	16	12	2	120	80	64	1	8	2	2	8	2	1	8	2	40	40	4	2	8	0.808276	0.04125	1822830
1	4	45	40	8	1	128	100	96	1	14	1	1	26	1	1	20	1	32	32	4	16	48	0.81508	0.0661	2278056
2	8	30	30	12	5	105	52	48	2	24	5	5	40	5	2	32	5	20	20	8	4	8	1.131431	0.069025	3409093
1	8	40	32	20	4	84	128	128	2	16	4	4	32	4	2	24	4	8	8	8	8	32	1.302996	0.10375	4423627
2	8	30	30	16	3	120	80	64	1	14	3	3	26	3	1	20	3	24	24	8	16	48	1.119461	0.067825	2812789
3	4	40	32	20	2	96	100	96	1	12	2	2	20	2	1	16	2	8	8	4	4	8	0.768161	0.05035	1953869
3	4	30	30	16	1	128	52	48	1	8	1	1	8	1	1	8	1	16	16	4	2	8	0.702067	0.039575	1520323
2	8	24	32	16	3	84	80	64	1	24	3	3	40	3	1	32	3	20	20	8	4	16	1.118288	0.0623	2624072
3	4	32	40	12	2	84	128	128	1	12	2	2	20	2	1	16	2	24	24	4	16	48	0.835393	0.053625	2317714
3	4	32	40	20	1	120	52	48	1	24	1	1	40	1	1	32	1	40	40	4	16	48	0.705189	0.05465	2176625
1	8	24	32	8	4	32	52	48	2	16	4	4	32	4	2	24	4	20	20	8	16	48	1.346015	0.090625	3739972
1	8	40	32	16	5	120	100	96	2	12	5	5	20	5	2	16	5	40	40	8	16	48	1.642768	0.1365	4763145
3	8	32	40	16	4	96	128	128	2	8	4	4	8	4	2	8	4	32	32	8	16	48	1.109584	0.081875	4170444
1	8	30	30	12	3	120	100	96	1	10	3	3	14	3	1	12	3	32	32	8	4	16	1.309842	0.083225	3111228
2	4	30	30	8	1	105	100	96	1	10	1	1	14	1	1	12	1	32	32	4	4	8	0.755751	0.040775	1660933
3	8	30	30	8	5	105	128	128	2	12	5	5	20	5	2	16	5	32	32	8	2	8	1.128114	0.0693	3870861
3	8	24	32	12	4	64	40	40	2	12	4	4	20	4	2	16	4	32	32	8	4	16	0.659305	0.061925	3162228
3	8	30	30	20	3	120	100	96	1	24	3	3	40	3	1	32	3	32	32	8	16	48	1.016836	0.079225	3284198
1	4	24	32	16	2	84	128	128	1	8	2	2	8	2	1	8	2	16	16	4	4	8	1.124657	0.058175	2210176
3	4	40	32	16	1	130	40	40	1	16	1	1	32	1	1	24	1	16	16	4	4	16	0.657008	0.0452	1644291
2	8	30	30	12	5	120	64	60	2	14	5	5	26	5	2	20	5	40	40	8	4	8	1.285356	0.0964	3582157
3	8	32	40	20	4	64	128	128	2	8	4	4	8	4	2	8	4	20	20	8	4	8	1.107888	0.0752	3811134
2	8	24	32	16	3	120	64	60	1	8	3	3	8	3	1	8	3	8	8	8	16	48	1.006599	0.05975	2468862
3	4	16	32	12	2	84	128	128	1	10	2	2	14	2	1	12	2	24	24	4	4	16	0.841176	0.04545	2012696
2	4	24	32	8	1	120	80	64	1	14	1	1	26	1	1	20	1	8	8	4	16	48	0.722049	0.04345	1701335
1	8	40	32	12	5	105	128	128	2	14	5	5	26	5	2	20	5	24	24	8	2	8	1.556708	0.09715	4373031
3	8	24	32	16	4	32	128	128	2	8	4	4	8	4	2	8	4	8	8	8	2	8	0.947901	0.0663	3463966
3	8	45	40	20	3	120	40	40	1	8	3	3	8	3	1	8	3	32	32	8	8	32	0.686652	0.05915	2664098
2	4	24	32	16	2	130	100	96	1	14	2	2	26	2	1	20	2	8	8	4	8	32	0.8552	0.04805	1982117
3	4	40	32	8	1	130	128	128	1	12	1	1	20	1	1	16	1	8	8	4	4	8	0.677737	0.041975	1754473
3	8	30	30	16	5	130	52	48	2	16	5	5	32	5	2	24	5	40	40	8	8	32	1.027739	0.10375	3844010
3	8	45	40	20	3	120	128	128	1	8	3	3	8	3	1	8	3	24	24	8	16	48	0.984948	0.074225	3215060
3	4	8	16	20	2	32	128	128	1	16	2	2	32	2	1	24	2	8	8	4	4	16	0.759161	0.052025	2033568
2	8	40	32	12	5	120	64	60	2	8	5	5	8	5	2	8	5	32	32	8	4	16	1.212958	0.06515	3319296
1	8	32	40	16	4	32	64	60	2	24	4	4	40	4	2	32	4	20	20	8	4	16	1.491954	0.0945	3921851
3	4	8	16	12	2	64	40	40	1	14	2	2	26	2	1	20	2	20	20	4	16	48	0.681912	0.045425	1847505
2	8	30	30	20	5	105	100	96	2	14	5	5	26	5	2	20	5	8	8	8	2	8	1.089172	0.07355	3664633
2	8	24	32	8	4	96	64	60	2	12	4	4	20	4	2	16	4	24	24	8	4	8	1.265684	0.060475	3079720
2	8	45	40	12	3	84	52	48	1	10	3	3	14	3	1	12	3	20	20	8	2	8	1.037984	0.050375	2268119
2	8	30	30	20	5	120	100	96	2	8	5	5	8	5	2	8	5	40	40	8	16	48	1.211702	0.11225	4189965
1	8	32	40	8	4	96	64	60	2	8	4	4	8	4	2	8	4	24	24	8	8	32	1.464994	0.087075	3644076
1	8	24	32	8	3	84	80	64	1	8	3	3	8	3	1	8	3	32	32	8	8	32	1.284657	0.0788	2913718
1	4	30	30	20	2	96	52	48	1	14	2	2	26	2	1	20	2	24	24	4	2	8	1.078872	0.060425	2072002
3	4	40	32	8	1	120	128	128	1	20	1	1	36	1	1	28	1	40	40	4	2	8	0.710973	0.047825	1971120
1	8	30	30	20	5	130	52	48	2	16	5	5	32	5	2	24	5	32	32	8	4	8	1.329208	0.099175	4135614
1	8	40	32	20	4	96	100	96	2	14	4	4	26	4	2	20	4	8	8	8	16	48	1.309784	0.104	4333172
3	8	30	30	8	3	96	40	40	1	24	3	3	40	3	1	32	3	24	24	8	16	48	0.688719	0.062625	2664880
2	4	8	16	16	2	128	96	64	1	16	2	2	32	2	1	24	2	40	40	4	4	16	0.915909	0.04995	2049069
3	4	45	40	12	1	84	96	64	1	14	1	1	26	1	1	20	1	40	40	4	4	8	0.710423	0.0463	1864195
1	8	30	30	16	5	130	100	96	2	16	5	5	32	5	2	24	5	40	40	8	8	32	1.656017	0.1345	4663702
3	8	24	32	20	4	32	100	96	2	10	4	4	14	4	2	12	4	32	32	8	8	32	1.104642	0.075275	3770673
2	8	24	32	20	3	84	96	64	1	14	3	3	26	3	1	20	3	16	16	8	4	16	1.103479	0.0616	2570076
3	4	16	32	8	2	130	128	128	1	14	2	2	26	2	1	20	2	20	20	4	2	8	0.83315	0.043475	2006726
3	4	30	30	8	1	105	40	40	1	16	1	1	32	1	1	24	1	40	40	4	16	48	0.659615	0.0489	1880762
2	8	32	40	12	4	84	128	128	2	14	4	4	26	4	2	20	4	24	24	8	2	8	1.286696	0.06935	3713007
3	8	24	32	8	3	120	100	96	1	16	3	3	32	3	1	24	3	16	16	8	8	32	0.989554	0.05895	2678482
1	4	30	30	16	2	96	100	96	1	24	2	2	40	2	1	32	2	40	40	4	2	8	1.133032	0.0686	2444638
1	4	16	32	8	1	105	96	64	1	8	1	1	8	1	1	8	1	24	24	4	4	16	0.810682	0.049525	1804834
3	8	30	30	16	5	120	52	48	2	8	5	5	8	5	2	8	5	16	16	8	8	32	1.000767	0.067225	3275045
2	8	40	32	16	4	64	80	64	2	24	4	4	40	4	2	32	4	24	24	8	2	8	1.293162	0.070375	3530945
1	8	45	40	8	3	96	40	40	1	16	3	3	32	3	1	24	3	20	20	8	8	32	0.785535	0.07825	2923320
3	4	8	16	8	2	64	96	64	1	8	2	2	8	2	1	8	2	20	20	4	4	8	0.806443	0.03665	1646569
1	4	24	32	8	1	64	52	48	1	20	1	1	36	1	1	28	1	24	24	4	4	16	0.809929	0.050825	1805946
1	8	30	30	12	5	120	52	48	2	8	5	5	8	5	2	8	5	32	32	8	16	48	1.27958	0.096325	3947035
3	8	16	32	12	4	96	80	64	2	12	4	4	20	4	2	16	4	16	16	8	16	48	1.10165	0.07255	3521126
3	8	45	40	16	3	84	80	64	1	16	3	3	32	3	1	24	3	16	16	8	2	8	1.000838	0.0595	2653745
2	4	8	16	12	2	128	40	40	1	14	2	2	26	2	1	20	2	16	16	4	8	32	0.740082	0.0409	1674944
1	4	24	32	16	1	128	52	48	1	10	1	1	14	1	1	12	1	20	20	4	8	32	0.808811	0.054875	1899896
3	8	40	32	12	5	105	52	48	2	20	5	5	36	5	2	28	5	40	40	8	4	16	1.033485	0.099575	3708575
3	8	24	32	16	4	96	52	48	2	8	4	4	8	4	2	8	4	20	20	8	4	8	1.020045	0.063375	3119003
1	8	45	40	20	3	96	52	48	1	16	3	3	32	3	1	24	3	20	20	8	4	8	1.219758	0.0852	3086013
3	4	16	32	20	2	130	80	64	1	20	2	2	36	2	1	28	2	24	24	4	2	8	0.83983	0.051075	2064097
1	4	45	40	12	1	96	100	96	1	14	1	1	26	1	1	20	1	16	16	4	4	16	0.809665	0.059025	2004395
1	8	45	40	16	5	130	52	48	2	20	5	5	36	5	2	28	5	8	8	8	8	32	1.214422	0.095775	3974443
2	8	40	32	16	4	64	64	60	2	10	4	4	14	4	2	12	4	8	8	8	16	48	1.081005	0.068075	3255257
1	8	24	32	20	3	120	40	40	1	14	3	3	26	3	1	20	3	16	16	8	4	16	0.789464	0.08165	2925113
3	4	8	16	8	2	84	40	40	1	10	2	2	14	2	1	12	2	32	32	4	16	48	0.681616	0.0437	1827244
1	4	16	32	20	1	64	64	60	1	20	1	1	36	1	1	28	1	40	40	4	4	8	0.815918	0.057475	2057677
2	8	45	40	8	5	130	64	60	2	12	5	5	20	5	2	16	5	40	40	8	4	16	1.264752	0.093375	3524395
2	8	24	32	16	4	120	40	40	2	16	4	4	32	4	2	24	4	32	32	8	4	16	0.691396	0.065475	3303438
2	8	30	30	16	3	105	52	48	1	14	3	3	26	3	1	20	3	40	40	8	16	48	1.046433	0.06625	2807882
2	4	30	30	20	2	84	80	64	1	16	2	2	32	2	1	24	2	8	8	4	2	8	0.855264	0.046975	1823379
1	4	45	40	12	1	128	64	60	1	20	1	1	36	1	1	28	1	40	40	4	4	16	0.815182	0.0623	2119966
2	8	40	32	12	5	130	100	96	2	20	5	5	36	5	2	28	5	20	20	8	2	8	1.2897	0.072425	3785211
1	8	45	40	20	3	84	40	40	1	24	3	3	40	3	1	32	3	20	20	8	2	8	0.788834	0.083725	3059439
1	4	16	32	20	2	128	128	128	1	16	2	2	32	2	1	24	2	20	20	4	2	8	1.135388	0.067425	2430057
2	4	32	40	12	1	130	52	48	1	16	1	1	32	1	1	24	1	32	32	4	16	48	0.750912	0.049825	1913230
3	8	40	32	12	4	128	40	40	2	24	4	4	40	4	2	32	4	40	40	8	16	48	0.654285	0.10225	3814771
2	8	45	40	20	3	120	96	64	1	14	3	3	26	3	1	20	3	8	8	8	16	48	1.00508	0.068475	2875981
1	4	40	32	12	2	64	52	48	1	16	2	2	32	2	1	24	2	8	8	4	4	16	1.02104	0.05475	1908501
3	4	8	16	8	1	120	100	96	1	12	1	1	20	1	1	16	1	40	40	4	4	8	0.7026	0.041875	1742971
1	8	45	40	16	5	130	52	48	2	8	5	5	8	5	2	8	5	32	32	8	4	8	1.27818	0.0917	3871416
2	8	24	32	12	4	84	96	64	2	20	4	4	36	4	2	28	4	8	8	8	4	16	1.092768	0.065525	3328401
2	8	24	32	16	3	105	64	60	1	20	3	3	36	3	1	28	3	40	40	8	16	48	1.099766	0.06935	2915302
3	4	16	32	12	2	120	100	96	1	16	2	2	32	2	1	24	2	24	24	4	4	8	0.845657	0.046575	1993467
1	4	45	40	8	1	32	64	60	1	16	1	1	32	1	1	24	1	40	40	4	4	16	0.816389	0.055825	1969376
3	8	24	32	20	4	64	128	128	2	10	4	4	14	4	2	12	4	32	32	8	16	48	1.134262	0.0847	4215869
1	8	30	30	16	3	84	52	48	1	10	3	3	14	3	1	12	3	8	8	8	16	48	1.184915	0.0841	2947656
2	4	16	32	16	2	120	52	48	1	14	2	2	26	2	1	20	2	20	20	4	2	8	0.91243	0.041975	1711855
3	4	45	40	12	1	128	80	64	1	10	1	1	14	1	1	12	1	16	16	4	4	8	0.709165	0.042075	1668858
3	8	30	30	8	5	105	100	96	2	10	5	5	14	5	2	12	5	24	24	8	4	8	1.127562	0.066325	3535509
1	8	40	32	16	4	84	40	40	2	8	4	4	8	4	2	8	4	40	40	8	2	8	0.75005	0.113	3718955
2	8	30	30	16	3	84	64	60	1	24	3	3	40	3	1	32	3	16	16	8	4	8	1.094272	0.059525	2502738
3	4	32	40	16	2	96	128	128	1	12	2	2	20	2	1	16	2	32	32	4	4	8	0.835974	0.05165	2239913
2	4	32	40	20	1	64	64	60	1	14	1	1	26	1	1	20	1	24	24	4	8	32	0.756423	0.042075	1759183
2	8	30	30	16	5	105	80	64	2	16	5	5	32	5	2	24	5	24	24	8	4	8	1.301	0.072975	3629179
2	8	16	32	16	4	120	100	96	2	12	4	4	20	4	2	16	4	8	8	8	4	8	1.081228	0.067675	3378217
2	8	45	40	16	3	120	128	128	1	10	3	3	14	3	1	12	3	16	16	8	4	8	1.100541	0.06125	2741169
3	4	16	32	8	2	128	96	64	1	24	2	2	40	2	1	32	2	8	8	4	4	8	0.765454	0.042025	1848270
3	4	24	32	16	1	128	52	48	1	12	1	1	20	1	1	16	1	40	40	4	16	48	0.705895	0.051	1981739
1	8	40	32	20	5	130	96	64	2	16	5	5	32	5	2	24	5	32	32	8	2	8	1.59945	0.12225	4438588
1	8	40	32	16	4	120	128	128	2	8	4	4	8	4	2	8	4	32	32	8	2	8	1.493677	0.09595	4227770
3	8	30	30	8	3	84	96	64	1	24	3	3	40	3	1	32	3	20	20	8	4	16	1.008276	0.0581	2630774
2	4	30	30	20	2	128	40	40	1	20	2	2	36	2	1	28	2	24	24	4	16	48	0.737865	0.056375	2133819
1	4	45	40	12	1	128	100	96	1	16	1	1	32	1	1	24	1	32	32	4	4	8	0.81295	0.06255	2145221
3	8	16	32	20	4	32	100	96	2	14	4	4	26	4	2	20	4	24	24	8	16	48	1.092522	0.081425	3984867
1	8	24	32	20	3	105	128	128	1	8	3	3	8	3	1	8	3	20	20	8	2	8	1.284012	0.0881	3217132
2	4	40	32	16	2	84	80	64	1	16	2	2	32	2	1	24	2	32	32	4	4	16	0.955925	0.049	1985268
1	4	32	40	20	1	64	96	64	1	12	1	1	20	1	1	16	1	16	16	4	4	16	0.810698	0.054825	1964387
1	8	45	40	12	5	105	96	64	2	14	5	5	26	5	2	20	5	8	8	8	4	8	1.318721	0.09215	3994252
2	8	32	40	8	4	120	128	128	2	10	4	4	14	4	2	12	4	16	16	8	2	8	1.258666	0.0632	3449793
2	8	30	30	12	3	96	100	96	1	8	3	3	8	3	1	8	3	32	32	8	8	32	1.097769	0.058075	2589896
3	4	32	40	16	2	32	64	60	1	14	2	2	26	2	1	20	2	32	32	4	4	8	0.814711	0.0446	1907960
2	4	30	30	12	1	128	52	48	1	24	1	1	40	1	1	32	1	16	16	4	16	48	0.749014	0.0502	1810505
1	8	45	40	12	5	130	64	60	2	10	5	5	14	5	2	12	5	8	8	8	4	16	1.316811	0.088425	3682983
3	8	32	40	16	4	120	100	96	2	14	4	4	26	4	2	20	4	16	16	8	8	32	1.095896	0.073925	3773099
3	8	45	40	12	3	105	64	60	1	10	3	3	14	3	1	12	3	16	16	8	8	32	0.981115	0.056275	2543446
2	4	30	30	16	2	96	128	128	1	12	2	2	20	2	1	16	2	8	8	4	4	16	0.85385	0.049125	1980068
1	4	8	16	20	1	128	96	64	1	8	1	1	8	1	1	8	1	40	40	4	4	8	0.814886	0.055725	2016294
2	8	40	32	12	4	84	100	96	2	20	4	4	36	4	2	28	4	8	8	8	8	32	1.081005	0.06835	3544026
2	8	30	30	20	3	120	52	48	1	8	3	3	8	3	1	8	3	32	32	8	4	8	1.037334	0.056525	2444021
1	4	24	32	16	2	120	80	64	1	20	2	2	36	2	1	28	2	32	32	4	2	8	1.124484	0.060475	2254094
3	4	30	30	16	1	84	80	64	1	8	1	1	8	1	1	8	1	8	8	4	8	32	0.681615	0.0426	1622319
2	8	40	32	12	5	130	96	64	2	12	5	5	20	5	2	16	5	8	8	8	16	48	1.09511	0.073175	3596396
2	8	32	40	12	4	84	52	48	2	20	4	4	36	4	2	28	4	40	40	8	2	8	1.161697	0.093475	3460108
2	8	24	32	20	3	96	40	40	1	24	3	3	40	3	1	32	3	16	16	8	4	8	0.729592	0.058325	2474050
1	4	40	32	8	2	84	40	40	1	10	2	2	14	2	1	12	2	40	40	4	4	16	0.814315	0.0536	1976857
1	4	40	32	16	1	105	100	96	1	8	1	1	8	1	1	8	1	16	16	4	4	16	0.813364	0.05905	1918012
3	8	45	40	20	5	120	64	60	2	20	5	5	36	5	2	28	5	32	32	8	8	32	1.123096	0.081125	4027682
2	8	40	32	8	4	32	52	48	2	8	4	4	8	4	2	8	4	32	32	8	4	8	1.143666	0.0574	2967995
1	8	24	32	8	3	105	80	64	1	24	3	3	40	3	1	32	3	32	32	8	8	32	1.301357	0.085	3188104
3	4	40	32	20	2	128	52	48	1	10	2	2	14	2	1	12	2	24	24	4	4	16	0.81299	0.046875	1851680
2	4	24	32	12	1	96	128	128	1	12	1	1	20	1	1	16	1	32	32	4	4	16	0.755648	0.045275	1853321
3	8	40	32	16	5	120	96	64	2	8	5	5	8	5	2	8	5	8	8	8	8	32	0.950854	0.069725	3468911
2	8	24	32	8	4	128	40	40	2	14	4	4	26	4	2	20	4	16	16	8	16	48	0.68843	0.064425	3133416
3	8	30	30	16	3	105	96	64	1	8	3	3	8	3	1	8	3	24	24	8	8	32	0.987727	0.061525	2656538
1	4	32	40	12	2	96	128	128	1	24	2	2	40	2	1	32	2	8	8	4	4	16	1.013513	0.060725	2375999
1	4	40	32	12	1	84	40	40	1	8	1	1	8	1	1	8	1	32	32	4	2	8	0.762039	0.051325	1764283
2	8	45	40	12	5	130	128	128	2	12	5	5	20	5	2	16	5	40	40	8	4	16	1.312265	0.10325	4157152
1	8	24	32	20	4	128	80	64	2	14	4	4	26	4	2	20	4	8	8	8	8	32	1.308867	0.095975	3967600
1	8	45	40	20	3	84	40	40	1	10	3	3	14	3	1	12	3	16	16	8	2	8	0.790006	0.077125	2815480
3	4	30	30	16	2	128	80	64	1	12	2	2	20	2	1	16	2	20	20	4	4	8	0.828135	0.047325	1895043
1	4	45	40	8	1	64	96	64	1	12	1	1	20	1	1	16	1	16	16	4	16	48	0.814323	0.059075	2058388
2	8	45	40	20	5	120	100	96	2	8	5	5	8	5	2	8	5	40	40	8	2	8	1.214481	0.10425	3953902
2	8	32	40	20	4	64	64	60	2	8	4	4	8	4	2	8	4	24	24	8	16	48	1.251575	0.071975	3486008
3	8	30	30	20	3	84	52	48	1	12	3	3	20	3	1	16	3	8	8	8	4	8	0.889707	0.056825	2389057
2	4	40	32	20	2	96	128	128	1	16	2	2	32	2	1	24	2	24	24	4	2	8	0.941553	0.0565	2208205
1	4	16	32	12	1	32	40	40	1	14	1	1	26	1	1	20	1	20	20	4	8	32	0.759851	0.050525	1789343
3	8	40	32	12	5	130	96	64	2	10	5	5	14	5	2	12	5	32	32	8	8	32	1.127859	0.0733	3728217
3	8	40	32	16	4	64	64	60	2	20	4	4	36	4	2	28	4	20	20	8	16	48	1.1085	0.076525	3694040
3	8	24	32	8	3	105	100	96	1	8	3	3	8	3	1	8	3	32	32	8	8	32	0.991288	0.05795	2632058
3	4	30	30	8	2	130	100	96	1	16	2	2	32	2	1	24	2	16	16	4	4	16	0.823095	0.045125	1927009
3	4	30	30	16	1	105	64	60	1	16	1	1	32	1	1	24	1	40	40	4	4	8	0.71292	0.048925	1830510
1	8	40	32	16	5	105	96	64	2	8	5	5	8	5	2	8	5	8	8	8	4	16	1.334728	0.095625	3866053
3	8	40	32	16	4	128	96	64	2	20	4	4	36	4	2	28	4	20	20	8	2	8	1.269464	0.07395	3625401
3	8	30	30	8	3	84	40	40	1	8	3	3	8	3	1	8	3	8	8	8	4	8	0.718081	0.0489	2109805
1	4	32	40	16	2	64	40	40	1	14	2	2	26	2	1	20	2	20	20	4	4	8	0.801854	0.055175	2008898
1	4	32	40	8	1	130	52	48	1	16	1	1	32	1	1	24	1	32	32	4	4	8	0.80835	0.0566	1953086
2	8	40	32	8	5	130	52	48	2	14	5	5	26	5	2	20	5	16	16	8	2	8	1.184288	0.06275	3088036
2	8	40	32	20	4	32	100	96	2	14	4	4	26	4	2	20	4	40	40	8	8	32	1.348486	0.10875	3963257
1	8	45	40	20	3	120	100	96	1	24	3	3	40	3	1	32	3	32	32	8	4	8	1.414183	0.1017	3529388
2	4	24	32	16	2	64	128	128	1	14	2	2	26	2	1	20	2	8	8	4	16	48	0.958093	0.057025	2161207
2	4	40	32	20	1	130	52	48	1	14	1	1	26	1	1	20	1	16	16	4	16	48	0.764047	0.05285	1880163
2	8	30	30	12	5	105	100	96	2	8	5	5	8	5	2	8	5	8	8	8	4	8	1.193798	0.06585	3327956
2	8	40	32	8	4	64	40	40	2	8	4	4	8	4	2	8	4	40	40	8	8	32	0.70196	0.085975	3128126
2	8	45	40	20	3	84	64	60	1	16	3	3	32	3	1	24	3	8	8	8	16	48	1.084592	0.070425	2732518
3	4	8	16	20	2	128	96	64	1	12	2	2	20	2	1	16	2	40	40	4	8	32	0.931366	0.05515	2168029
1	4	24	32	12	1	105	100	96	1	10	1	1	14	1	1	12	1	40	40	4	4	16	0.815264	0.059825	2030344
2	8	45	40	20	5	120	64	60	2	24	5	5	40	5	2	32	5	16	16	8	4	8	1.38091	0.0793	3699982
1	8	32	40	16	4	120	64	60	2	12	4	4	20	4	2	16	4	16	16	8	4	8	1.618659	0.0949	3708571
3	8	45	40	20	3	84	40	40	1	20	3	3	36	3	1	28	3	16	16	8	16	48	0.71697	0.071175	2847988
3	4	24	32	8	2	32	100	96	1	8	2	2	8	2	1	8	2	8	8	4	16	48	0.874085	0.045425	1837951
1	4	30	30	20	1	105	96	64	1	8	1	1	8	1	1	8	1	24	24	4	8	32	0.811347	0.0619	2031562
1	8	40	32	20	5	105	128	128	2	24	5	5	40	5	2	32	5	20	20	8	2	8	1.657761	0.114	4729860
1	8	32	40	20	4	120	52	48	2	16	4	4	32	4	2	24	4	24	24	8	8	32	1.401275	0.10275	4021984
3	8	45	40	20	3	84	128	128	1	12	3	3	20	3	1	16	3	32	32	8	2	8	1.136564	0.070825	3007037
1	4	30	30	16	2	96	64	60	1	14	2	2	26	2	1	20	2	32	32	4	16	48	1.19281	0.0737	2373239
2	4	24	32	8	1	120	128	128	1	24	1	1	40	1	1	32	1	40	40	4	2	8	0.768687	0.048625	1924364
1	8	40	32	16	5	120	64	60	2	12	5	5	20	5	2	16	5	8	8	8	8	32	1.391091	0.09805	3850310
2	8	40	32	20	4	128	40	40	2	24	4	4	40	4	2	32	4	32	32	8	4	8	0.70196	0.072375	3523294
1	8	24	32	20	3	84	100	96	1	8	3	3	8	3	1	8	3	32	32	8	4	8	1.363175	0.091625	3147459
2	4	16	32	8	2	120	80	64	1	8	2	2	8	2	1	8	2	8	8	4	16	48	0.958136	0.044375	1762441
3	4	24	32	12	1	32	52	48	1	14	1	1	26	1	1	20	1	32	32	4	16	48	0.730925	0.05075	1816577
1	8	30	30	16	5	130	52	48	2	10	5	5	14	5	2	12	5	16	16	8	4	16	1.35432	0.09465	3716115
2	8	32	40	16	4	96	128	128	2	20	4	4	36	4	2	28	4	24	24	8	4	16	1.450617	0.08015	3934763
1	8	30	30	20	3	120	40	40	1	16	3	3	32	3	1	24	3	32	32	8	4	8	0.786394	0.089475	3101260
2	4	32	40	20	2	32	96	64	1	14	2	2	26	2	1	20	2	24	24	4	16	48	1.039632	0.058525	2179168
2	4	8	16	20	1	128	100	96	1	8	1	1	8	1	1	8	1	32	32	4	8	32	0.766542	0.051475	1830987
1	8	45	40	8	5	130	80	64	2	14	5	5	26	5	2	20	5	16	16	8	16	48	1.655841	0.102025	4129306
3	8	16	32	8	4	64	64	60	2	24	4	4	40	4	2	32	4	8	8	8	8	32	1.08179	0.06575	3217907
2	8	24	32	12	3	120	40	40	1	10	3	3	14	3	1	12	3	24	24	8	4	8	0.739359	0.05245	2253826
3	4	40	32	20	2	84	64	60	1	8	2	2	8	2	1	8	2	32	32	4	8	32	0.956485	0.051125	1955424
2	4	24	32	16	1	130	80	64	1	24	1	1	40	1	1	32	1	40	40	4	16	48	0.767941	0.062275	2116198
1	8	40	32	8	5	105	100	96	2	24	5	5	40	5	2	32	5	24	24	8	16	48	1.699139	0.107	4492869
3	8	16	32	12	4	120	52	48	2	14	4	4	26	4	2	20	4	8	8	8	4	8	1.078885	0.06435	3050917
3	8	45	40	12	3	120	80	64	1	10	3	3	14	3	1	12	3	40	40	8	2	8	1.127575	0.0597	2693478
3	4	30	30	16	2	128	96	64	1	14	2	2	26	2	1	20	2	16	16	4	4	8	0.969692	0.0509	1915767
1	4	45	40	12	1	84	128	128	1	12	1	1	20	1	1	16	1	8	8	4	8	32	0.803855	0.0634	2110640
3	8	30	30	20	5	105	52	48	2	12	5	5	20	5	2	16	5	20	20	8	8	32	1.127536	0.0748	3520361
1	8	24	32	12	4	64	100	96	2	10	4	4	14	4	2	12	4	20	20	8	16	48	1.680703	0.101575	4065304
1	8	30	30	12	3	105	40	40	1	12	3	3	20	3	1	16	3	32	32	8	4	16	0.786394	0.082625	2874954
3	4	40	32	20	2	32	128	128	1	16	2	2	32	2	1	24	2	20	20	4	16	48	0.957151	0.06765	2418345
2	4	30	30	20	1	32	40	40	1	12	1	1	20	1	1	16	1	20	20	4	4	8	0.72604	0.0396	1504986
3	8	32	36	6	4	52	72	68	2	6	4	4	6	4	2	6	4	42	42	8	8	32	1.087448	0.092	3446286
1	8	30	38	14	3	30	132	132	1	14	3	3	30	3	1	22	3	34	34	8	4	8	1.342018	0.0943	3418696
3	4	32	36	22	2	36	50	46	1	12	2	2	28	2	1	20	2	34	34	4	16	48	0.893842	0.05945	2198504
3	4	30	38	22	1	52	90	86	1	6	1	1	6	1	1	6	1	30	30	4	2	8	0.734476	0.046575	1743155
3	8	35	40	6	5	110	90	86	2	12	5	5	28	5	2	20	5	30	30	8	4	8	1.290902	0.06835	3672526
2	8	32	36	6	4	100	46	42	2	4	4	4	4	4	2	4	4	6	6	8	16	48	0.786887	0.059775	2859347
1	8	36	42	6	3	36	50	46	1	14	3	3	30	3	1	22	3	42	42	8	4	8	1.231789	0.082375	2956514
1	4	6	14	14	2	80	50	46	1	12	2	2	28	2	1	20	2	34	34	4	4	8	0.980661	0.058425	2020804
2	4	32	36	10	1	118	90	86	1	26	1	1	42	1	1	34	1	42	42	4	16	48	0.767606	0.05825	2106306
3	8	30	38	14	5	100	46	42	2	14	5	5	30	5	2	22	5	30	30	8	4	16	0.924304	0.072525	3495848
3	8	32	36	6	4	52	132	132	2	12	4	4	28	4	2	20	4	42	42	8	2	8	1.268848	0.09555	3920537
1	8	36	42	14	3	30	50	46	1	4	3	3	4	3	1	4	3	42	42	8	4	8	0.973564	0.08095	2884253
2	4	14	30	6	2	80	132	132	1	4	2	2	4	2	1	4	2	42	42	4	16	48	0.91818	0.0495	2132627
3	4	6	14	22	1	52	46	42	1	6	1	1	6	1	1	6	1	6	6	4	4	8	0.679563	0.034075	1399280
1	8	36	42	18	4	92	72	68	2	12	4	4	28	4	2	20	4	42	42	8	8	32	1.681238	0.13675	4360431
1	8	36	42	18	3	36	50	46	1	4	3	3	4	3	1	4	3	6	6	8	4	16	0.917321	0.07815	2677307
1	4	14	30	6	2	100	72	68	1	12	2	2	28	2	1	20	2	30	30	4	16	48	1.190195	0.06325	2212993
1	4	6	14	22	1	80	50	46	1	14	1	1	30	1	1	22	1	42	42	4	8	32	0.804153	0.061775	2088776
1	8	35	40	18	5	110	48	44	2	12	5	5	28	5	2	20	5	42	42	8	4	8	1.183552	0.13175	4226167
2	8	36	42	18	4	100	50	46	2	4	4	4	4	4	2	4	4	34	34	8	4	16	0.813434	0.08755	3272151
1	8	30	38	22	3	30	46	42	1	14	3	3	30	3	1	22	3	30	30	8	4	8	1.127157	0.0906	3045820
2	4	32	36	22	2	118	90	86	1	14	2	2	30	2	1	22	2	42	42	4	4	8	1.093635	0.058125	2223531
2	4	6	14	6	1	118	132	132	1	26	1	1	42	1	1	34	1	34	34	4	4	8	0.766906	0.047	1877028
1	8	35	40	22	5	100	46	42	2	6	5	5	6	5	2	6	5	42	42	8	4	16	1.030621	0.129	4076517
1	8	36	42	6	4	100	72	68	2	4	4	4	4	4	2	4	4	30	30	8	4	16	0.859964	0.08655	3631399
2	8	36	42	14	3	30	46	42	1	4	3	3	4	3	1	4	3	34	34	8	4	8	0.902796	0.0514	2273348
3	4	36	42	22	2	30	50	46	1	4	2	2	4	2	1	4	2	30	30	4	8	32	0.856752	0.046	1853000
2	4	6	14	14	1	118	90	86	1	6	1	1	6	1	1	6	1	34	34	4	16	48	0.76458	0.053	1866835
2	8	30	38	18	5	110	90	86	2	26	5	5	42	5	2	34	5	34	34	8	4	8	1.473988	0.1095	4148246
1	8	32	36	6	4	36	90	86	2	14	4	4	30	4	2	22	4	42	42	8	4	8	1.605093	0.11975	4046561
1	8	36	42	14	3	36	132	132	1	4	3	3	4	3	1	4	3	34	34	8	4	16	0.973564	0.0885	3239312
1	4	32	36	22	2	110	50	46	1	4	2	2	4	2	1	4	2	6	6	4	2	8	0.947395	0.05195	1875540
3	4	30	38	14	1	80	48	44	1	26	1	1	42	1	1	34	1	42	42	4	16	48	0.721021	0.058575	2080914
3	8	36	42	14	4	52	72	68	2	26	4	4	42	4	2	34	4	34	34	8	8	32	1.297097	0.078825	3836790
1	8	36	42	10	3	36	90	86	1	4	3	3	4	3	1	4	3	34	34	8	4	8	0.973564	0.080825	2949200
1	4	36	42	14	2	80	72	68	1	26	2	2	42	2	1	34	2	42	42	4	4	8	1.219956	0.06605	2421699
1	4	32	36	22	1	36	48	44	1	4	1	1	4	1	1	4	1	6	6	4	2	8	0.751639	0.045475	1680837
3	8	35	40	6	5	30	50	46	2	6	5	5	6	5	2	6	5	34	34	8	4	8	0.985011	0.0826	3183145
2	8	32	36	10	4	92	46	42	2	14	4	4	30	4	2	22	4	42	42	8	4	8	1.059842	0.095275	3364145
2	8	30	38	14	3	30	72	68	1	14	3	3	30	3	1	22	3	34	34	8	4	8	1.165618	0.06125	2586193
2	4	36	42	18	2	52	50	46	1	4	2	2	4	2	1	4	2	6	6	4	16	48	0.82579	0.046675	1751175
1	4	36	42	10	1	118	46	42	1	6	1	1	6	1	1	6	1	34	34	4	4	8	0.795176	0.052575	1868988
2	8	30	38	6	5	110	46	42	2	14	5	5	30	5	2	22	5	34	34	8	4	8	0.984463	0.086	3299473
2	8	32	36	6	4	100	46	42	2	14	4	4	30	4	2	22	4	30	30	8	16	48	1.061149	0.07065	3318182
3	8	30	38	10	3	36	90	86	1	12	3	3	28	3	1	20	3	42	42	8	4	8	1.10626	0.061425	2745972
3	4	30	38	10	2	110	132	132	1	12	2	2	28	2	1	20	2	34	34	4	4	16	0.988814	0.05035	2211713
2	4	35	40	6	1	118	46	42	1	6	1	1	6	1	1	6	1	34	34	4	4	16	0.747759	0.038675	1527896
1	8	30	38	6	5	100	48	44	2	12	5	5	28	5	2	20	5	42	42	8	2	8	1.182821	0.11925	3883874
1	8	32	36	14	4	52	72	68	2	12	4	4	28	4	2	20	4	34	34	8	4	16	1.68867	0.0991	4033578
3	8	36	42	18	3	30	48	44	1	12	3	3	28	3	1	20	3	42	42	8	4	16	0.962893	0.063675	2671494
2	4	30	38	22	2	110	90	86	1	4	2	2	4	2	1	4	2	42	42	4	8	32	0.917316	0.053775	2131479
1	4	35	40	18	1	92	50	46	1	12	1	1	28	1	1	20	1	42	42	4	2	8	0.800859	0.061025	2038375
1	8	32	36	22	4	92	46	42	2	6	4	4	6	4	2	6	4	6	6	8	4	16	1.035613	0.09	3475066
3	8	36	42	14	3	36	46	42	1	14	3	3	30	3	1	22	3	30	30	8	2	8	0.939764	0.05785	2482217
1	4	30	38	18	2	36	132	132	1	6	2	2	6	2	1	6	2	34	34	4	2	8	1.140633	0.0627	2350683
1	4	32	36	22	1	100	46	42	1	4	1	1	4	1	1	4	1	6	6	4	16	48	0.749388	0.058425	2001115
3	8	30	38	10	5	30	48	44	2	6	5	5	6	5	2	6	5	30	30	8	8	32	0.955769	0.06445	3236420
2	8	36	42	14	4	36	46	42	2	26	4	4	42	4	2	34	4	6	6	8	4	8	0.98044	0.06615	3108694
2	8	30	38	6	3	30	50	46	1	26	3	3	42	3	1	34	3	34	34	8	2	8	1.086703	0.053675	2415653
1	4	36	42	10	2	80	90	86	1	4	2	2	4	2	1	4	2	6	6	4	16	48	0.954635	0.05775	2129856
3	4	36	42	14	1	100	72	68	1	4	1	1	4	1	1	4	1	42	42	4	4	8	0.729306	0.0435	1776695
1	8	35	40	22	5	110	72	68	2	6	5	5	6	5	2	6	5	34	34	8	8	32	1.185027	0.1285	4330412
3	8	32	36	22	4	80	48	44	2	6	4	4	6	4	2	6	4	34	34	8	4	8	1.034196	0.093375	3384625
1	8	30	38	14	3	30	132	132	1	12	3	3	28	3	1	20	3	30	30	8	4	16	1.35301	0.09365	3370265
2	4	36	42	22	2	30	48	44	1	26	2	2	42	2	1	34	2	42	42	4	8	32	0.936281	0.056925	2155384
2	4	6	14	14	1	118	46	42	1	6	1	1	6	1	1	6	1	34	34	4	4	16	0.748328	0.03985	1516520
3	8	30	38	10	5	110	90	86	2	14	5	5	30	5	2	22	5	30	30	8	16	48	1.316612	0.080575	4030276
1	8	36	42	14	4	92	46	42	2	26	4	4	42	4	2	34	4	6	6	8	16	48	1.06568	0.102875	3933921
1	8	36	42	22	3	30	46	42	1	14	3	3	30	3	1	22	3	34	34	8	4	8	1.113158	0.090825	3106869
2	4	14	30	14	2	36	90	86	1	14	2	2	30	2	1	22	2	6	6	4	8	32	0.837592	0.0459	1807162
1	4	14	30	10	1	36	132	132	1	26	1	1	42	1	1	34	1	34	34	4	2	8	0.806099	0.0615	2154535
2	8	32	36	6	4	80	50	46	2	6	4	4	6	4	2	6	4	6	6	8	4	16	0.991156	0.054525	2699396
3	8	36	42	18	3	30	72	68	1	6	3	3	6	3	1	6	3	34	34	8	2	8	1.030011	0.058575	2541073
3	4	36	42	10	2	118	132	132	1	12	2	2	28	2	1	20	2	6	6	4	4	8	0.779462	0.0462	2029890
3	4	6	14	18	1	80	50	46	1	14	1	1	30	1	1	22	1	6	6	4	4	16	0.679679	0.04005	1508233
3	8	36	42	10	4	92	132	132	2	4	4	4	4	4	2	4	4	30	30	8	8	32	0.733142	0.305892	3782289
2	8	36	42	14	3	30	72	68	1	26	3	3	42	3	1	34	3	30	30	8	2	8	1.071881	0.060475	2647529
1	4	32	36	6	2	92	50	46	1	6	2	2	6	2	1	6	2	42	42	4	8	32	1.04016	0.051875	2058055
2	4	30	38	22	1	134	48	44	1	26	1	1	42	1	1	34	1	42	42	4	4	8	0.741534	0.037925	1932657
1	8	30	38	14	5	100	46	42	2	26	5	5	42	5	2	34	5	34	34	8	4	16	1.072113	0.1205	4170554
3	8	36	42	18	4	92	46	42	2	26	4	4	42	4	2	34	4	30	30	8	8	32	0.942445	0.076475	3704247
3	8	30	38	10	3	36	50	46	1	4	3	3	4	3	1	4	3	42	42	8	4	16	0.795366	0.052125	2406722
2	4	36	42	14	2	134	50	46	1	12	2	2	28	2	1	20	2	30	30	4	2	8	0.890472	0.03325	1840063
2	4	32	36	10	1	92	50	46	1	6	1	1	6	1	1	6	1	34	34	4	4	8	0.745479	0.027475	1549947
1	8	30	38	14	5	100	50	46	2	14	5	5	30	5	2	22	5	30	30	8	4	8	1.260584	0.094325	3932046
1	8	36	42	10	4	92	132	132	2	6	4	4	6	4	2	6	4	34	34	8	4	16	1.261944	0.069825	4225247
2	8	30	38	6	3	30	132	132	1	14	3	3	30	3	1	22	3	42	42	8	16	48	1.06689	0.063625	3003836
1	4	30	38	14	2	118	46	42	1	4	2	2	4	2	1	4	2	42	42	4	16	48	0.979737	0.059625	2301297
1	4	6	14	14	1	36	48	44	1	6	1	1	6	1	1	6	1	42	42	4	8	32	0.795567	0.051175	1858418
3	8	35	40	14	5	100	46	42	2	12	5	5	28	5	2	20	5	30	30	8	16	48	0.879462	0.07665	3733161
1	8	32	36	18	4	36	50	46	2	14	4	4	30	4	2	22	4	42	42	8	8	32	1.313584	0.126	4128953
2	8	30	38	6	3	30	90	86	1	6	3	3	6	3	1	6	3	42	42	8	4	8	1.049467	0.050375	2413907
3	4	36	42	22	2	30	50	46	1	6	2	2	6	2	1	6	2	34	34	4	2	8	0.780846	0.04135	1801844
2	4	35	40	10	1	80	90	86	1	12	1	1	28	1	1	20	1	6	6	4	2	8	0.683206	0.029175	1547226
2	8	35	40	22	5	30	90	86	2	12	5	5	28	5	2	20	5	34	34	8	8	32	1.241622	0.10425	4087335
3	8	32	36	18	4	36	90	86	2	12	4	4	28	4	2	20	4	6	6	8	2	8	0.865503	0.06895	3456277
2	8	30	38	14	3	30	50	46	1	6	3	3	6	3	1	6	3	6	6	8	4	8	0.94199	0.047025	2092089
1	4	14	30	18	2	118	90	86	1	26	2	2	42	2	1	34	2	6	6	4	16	48	0.939987	0.070975	2462133
1	4	14	30	10	1	92	48	44	1	14	1	1	30	1	1	22	1	42	42	4	16	48	0.806241	0.059825	2126744
1	8	35	40	6	5	100	46	42	2	14	5	5	30	5	2	22	5	34	34	8	2	8	1.076764	0.098425	3807097
1	8	36	42	6	4	100	46	42	2	4	4	4	4	4	2	4	4	34	34	8	4	16	0.842495	0.081625	3488048
3	8	36	42	10	3	30	48	44	1	6	3	3	6	3	1	6	3	6	6	8	2	8	0.824393	0.0459	2112826
1	4	30	38	10	2	118	46	42	1	12	2	2	28	2	1	20	2	30	30	4	8	32	1.007048	0.0552	2132716
1	4	30	38	22	1	134	72	68	1	6	1	1	6	1	1	6	1	30	30	4	16	48	0.817127	0.065575	2306658
2	8	36	42	22	4	52	48	44	2	14	4	4	30	4	2	22	4	30	30	8	4	16	1.105182	0.071375	3442457
1	8	36	42	10	3	30	50	46	1	26	3	3	42	3	1	34	3	42	42	8	8	32	1.197883	0.084625	3188694
1	4	32	36	18	2	100	132	132	1	6	2	2	6	2	1	6	2	42	42	4	4	16	1.091496	0.064525	2520876
2	4	6	14	18	1	118	50	46	1	12	1	1	28	1	1	20	1	34	34	4	16	48	0.740164	0.047975	1879390
2	8	35	40	6	5	80	50	46	2	14	5	5	30	5	2	22	5	30	30	8	8	32	1.102195	0.063475	3321982
3	8	32	36	10	4	100	132	132	2	14	4	4	30	4	2	22	4	30	30	8	4	16	1.144466	0.07265	3974222
3	8	30	38	18	3	30	50	46	1	14	3	3	30	3	1	22	3	42	42	8	4	8	0.923176	0.061875	2695326
2	4	14	30	18	2	118	46	42	1	4	2	2	4	2	1	4	2	34	34	4	8	32	0.835155	0.04235	1799304
2	4	6	14	22	1	118	46	42	1	12	1	1	28	1	1	20	1	6	6	4	4	8	0.686195	0.0382	1490570
1	8	30	38	14	5	110	46	42	2	26	5	5	42	5	2	34	5	30	30	8	8	32	1.073878	0.09845	4175739
1	8	36	42	18	4	100	90	86	2	14	4	4	30	4	2	22	4	42	42	8	8	32	1.62916	0.13525	4530230
3	8	36	42	14	3	36	46	42	1	12	3	3	28	3	1	20	3	42	42	8	4	8	0.876982	0.058725	2599034
2	4	36	42	22	2	134	46	42	1	26	2	2	42	2	1	34	2	34	34	4	8	32	0.863294	0.0558	2218720
3	4	30	38	14	1	134	72	68	1	6	1	1	6	1	1	6	1	30	30	4	8	32	0.710492	0.043825	1811426
3	8	36	42	6	4	36	72	68	2	12	4	4	28	4	2	20	4	42	42	8	4	8	1.107019	0.091225	3526210
3	8	36	42	22	3	30	132	132	1	14	3	3	30	3	1	22	3	6	6	8	4	16	0.83998	0.07045	2943211
1	4	36	42	10	2	118	48	44	1	26	2	2	42	2	1	34	2	42	42	4	2	8	1.037389	0.05685	2245905
1	4	30	38	14	1	134	46	42	1	12	1	1	28	1	1	20	1	6	6	4	4	8	0.739113	0.05195	1823857
3	8	35	40	6	5	100	90	86	2	26	5	5	42	5	2	34	5	30	30	8	16	48	1.144105	0.076775	4091226
3	8	36	42	18	4	100	90	86	2	26	4	4	42	4	2	34	4	42	42	8	16	48	1.159745	0.1195	4443881
3	8	36	42	22	3	36	90	86	1	6	3	3	6	3	1	6	3	6	6	8	4	8	0.841797	0.05865	2512552
1	4	14	30	6	2	36	72	68	1	14	2	2	30	2	1	22	2	30	30	4	4	16	1.118401	0.051	1989246
1	4	36	42	18	1	110	48	44	1	4	1	1	4	1	1	4	1	34	34	4	4	16	0.795323	0.049675	1936132
2	8	35	40	6	5	80	46	42	2	12	5	5	28	5	2	20	5	34	34	8	8	32	0.972871	0.0849	3358424
2	8	32	36	14	4	80	132	132	2	14	4	4	30	4	2	22	4	34	34	8	8	32	1.320535	0.101225	4120053
3	8	30	38	14	3	36	132	132	1	14	3	3	30	3	1	22	3	30	30	8	4	8	0.989597	0.0655	2969626
2	4	30	38	22	2	134	132	132	1	14	2	2	30	2	1	22	2	30	30	4	4	8	0.949686	0.0606	2391367
3	4	14	30	18	1	52	132	132	1	4	1	1	4	1	1	4	1	30	30	4	2	8	0.700375	0.045725	1826614
2	8	35	40	14	5	80	48	44	2	14	5	5	30	5	2	22	5	34	34	8	2	8	1.055582	0.09065	3451817
2	8	36	42	10	4	100	72	68	2	14	4	4	30	4	2	22	4	34	34	8	2	8	1.310308	0.065675	3453760
1	8	36	42	18	3	36	50	46	1	6	3	3	6	3	1	6	3	6	6	8	2	8	1.086211	0.0737	2648492
3	4	30	38	22	2	36	50	46	1	6	2	2	6	2	1	6	2	42	42	4	8	32	0.777948	0.045475	1984468
1	4	32	36	14	1	80	90	86	1	6	1	1	6	1	1	6	1	34	34	4	2	8	0.816931	0.0535	1968548
2	8	36	42	6	3	36	90	86	1	12	3	3	28	3	1	20	3	34	34	8	8	32	1.077108	0.055175	2594086
2	4	14	30	14	2	92	90	86	1	4	2	2	4	2	1	4	2	30	30	4	8	32	0.85622	0.0432	1883931
1	4	6	14	18	1	80	132	132	1	4	1	1	4	1	1	4	1	42	42	4	16	48	0.800727	0.067075	2399812
1	4	8	16	8	1	32	52	48	1	8	1	1	8	1	1	8	1	8	8	4	2	8	0.801606501	0.0436	1506062
1	4	16	32	12	2	64	80	64	1	12	2	2	20	2	1	16	2	16	16	4	2	8	1.171611271	0.0534	1924272
1	8	24	32	16	3	96	100	96	1	16	3	3	32	3	1	24	3	24	24	8	4	16	1.410926966	0.092925	3211081
1	8	32	40	20	4	128	128	128	2	24	4	4	40	4	2	32	4	32	32	8	8	32	1.751441085	0.11875	4784272
1	8	40	32	20	5	130	128	128	2	24	5	5	40	5	2	32	5	32	32	8	8	32	1.764882983	0.143	5026102