2	2	5	4	5	11	2	5	4	6	1.29012	0.069725	3519210	0.738253	0.124375	355328
2	2	5	2	4	5	7	4	1	8	1.186428	0.064125	3024789	0.66597	0.093865	345171
1	2	6	2	3	9	2	18	1	6	1.249056	0.085475	3000502	0.654542	0.076599	333253
2	1	3	4	2	9	6	32	4	1	0.745642	0.043175	1773124	0.513676	0.042139	303302
2	1	4	6	1	5	5	21	2	9	0.768231	0.0436	1590355	0.544173	0.039465	305999
1	2	7	4	5	11	4	35	4	2	1.691301	0.105	4612423	0.741557	0.131077	361093
3	2	2	8	4	7	6	4	1	10	0.677016	0.061625	2946612	0.581611	0.089367	342588
3	2	7	8	3	7	4	8	6	2	1.12387	0.0693	2921911	0.700569	0.089351	332230
2	1	6	4	2	5	6	2	1	5	0.744168	0.03885	1531933	0.563239	0.044151	307412
1	1	3	2	1	15	5	11	4	5	0.813053	0.059625	2032782	0.620564	0.046079	307332
1	2	5	2	4	14	6	34	4	6	0.755014	0.0928	3802836	0.606976	0.087848	345346
2	2	6	4	3	9	7	33	6	2	1.194567	0.05765	2410053	0.715854	0.085183	327547
2	1	1	6	2	5	1	2	2	7	0.985659	0.04725	1753293	0.571502	0.048012	308565
3	1	3	6	1	7	3	16	6	3	0.735707	0.052675	1831614	0.601705	0.044604	306512
3	2	5	6	5	14	4	15	2	10	1.26762	0.08135	4087010	0.817111	0.150395	366454
2	2	4	6	4	14	7	9	3	2	1.388141	0.06765	3272367	0.716859	0.107684	342892
2	2	7	2	3	11	7	13	5	2	1.204835	0.05755	2554890	0.732762	0.08663	328083
1	1	6	6	2	2	4	12	3	3	1.162858	0.0684	2336944	0.774726	0.062326	311274
2	1	4	4	1	15	1	21	1	9	0.756851	0.0378	1473635	0.609237	0.043697	305511
1	2	5	2	5	14	7	15	3	2	1.604264	0.0935	3838504	0.734855	0.12034	348978
2	2	3	6	4	7	6	4	4	4	0.702348	0.06135	3060482	0.615298	0.089838	342983
1	2	6	8	3	9	3	28	2	8	1.386896	0.10245	3423378	0.840134	0.100393	335061
1	1	5	4	2	7	4	17	4	9	1.223509	0.069325	2463698	0.787731	0.064771	312245
3	1	6	8	1	15	2	6	4	9	0.734639	0.04945	1822060	0.602835	0.045618	306570
2	2	7	2	5	11	4	5	4	4	1.291342	0.06885	3754690	0.889559	0.15558	365774
2	2	3	2	4	9	2	9	5	6	1.428697	0.095	3452418	0.863411	0.130663	348578
2	2	6	6	3	7	1	8	5	10	1.110604	0.059475	2481155	0.812469	0.09554	331534
2	1	1	2	2	9	6	27	1	5	0.741649	0.038625	1564296	0.536891	0.045862	307960
2	1	2	2	1	16	5	11	5	7	0.766827	0.0542	1962689	0.608682	0.047308	308056
2	2	6	4	5	16	2	20	6	6	1.423916	0.076725	3705190	0.857942	0.144094	356842
2	2	3	4	4	15	4	19	5	10	1.479757	0.10725	4060019	0.878951	0.141259	358751
3	2	3	2	3	7	1	13	3	8	1.040928	0.06505	2617561	0.755942	0.092395	332303
3	1	3	4	2	9	6	17	4	3	0.702345	0.046975	1894088	0.562031	0.04659	307953
2	1	3	6	1	5	5	31	1	9	0.757222	0.046	1602981	0.608889	0.043027	305885
3	2	7	6	5	14	2	5	1	6	1.093684	0.071075	3491658	0.741101	0.124488	355938
2	2	5	2	4	5	3	9	3	2	1.399288	0.06305	3304094	0.729978	0.110012	343817
2	2	3	6	3	7	7	3	3	2	1.178022	0.053975	2277345	0.715968	0.085006	327318
3	1	2	2	2	5	6	17	5	3	0.702148	0.044125	1855024	0.560803	0.047716	307516
3	1	5	2	1	15	5	21	4	5	0.735829	0.046225	1770744	0.595633	0.044161	307332
3	2	5	2	5	11	2	25	2	4	1.253336	0.065925	3309580	0.817219	0.145003	354734
2	2	2	6	4	7	2	19	3	4	1.428059	0.074325	3525713	0.806952	0.121139	347325
2	2	3	6	3	14	7	8	5	6	1.188833	0.063475	2645641	0.862961	0.10378	333465
2	1	6	6	2	5	4	17	5	9	1.090667	0.05845	2278692	0.798293	0.06667	312014
2	1	7	2	1	14	3	11	5	1	0.768285	0.04705	1809933	0.558157	0.04122	302538
2	2	6	8	5	16	3	15	6	10	1.442238	0.0816	3887017	0.878803	0.147945	359212
3	2	3	4	4	2	5	34	1	6	1.089636	0.07	3414405	0.723317	0.10744	346264
2	2	7	4	3	11	7	18	2	6	1.200628	0.062325	2620157	0.848708	0.097835	332775
3	1	4	8	2	16	1	2	6	7	0.912981	0.054275	2062995	0.694604	0.058141	309763
1	1	6	2	1	11	3	6	1	1	0.803599	0.0547	1784311	0.53351	0.038928	301926
3	2	6	2	5	11	7	30	5	4	1.257902	0.096425	3572312	0.836691	0.145443	352925
2	2	5	4	4	5	3	29	4	4	1.429975	0.070775	3564204	0.885728	0.130517	348613
3	2	6	6	3	9	2	33	5	2	1.126256	0.0663	2799598	0.685578	0.088651	328676
2	1	2	4	2	5	3	32	2	5	1.078131	0.048975	1950943	0.747664	0.060551	309838
1	1	4	4	1	9	2	21	3	9	0.815733	0.054825	1915667	0.620686	0.045036	306102
2	2	5	6	5	11	2	35	3	10	1.423689	0.076225	3676783	0.886288	0.147113	354811
3	2	2	6	4	2	5	9	1	6	1.080229	0.06875	3316354	0.699104	0.105378	346264
2	2	6	4	3	11	7	28	6	6	1.189913	0.058975	2472407	0.856078	0.101299	332831
2	1	2	4	2	14	5	22	1	9	0.958004	0.0408	1678502	0.70724	0.057966	310031
2	1	6	8	1	2	7	1	6	9	0.767104	0.03805	1521027	0.614914	0.04324	304955
1	2	6	4	5	11	2	15	4	8	1.717571	0.10825	4387261	0.861949	0.144431	355921
3	2	3	8	4	9	2	29	5	6	1.296461	0.10775	3865428	0.819299	0.132381	348578
3	2	7	6	3	7	1	18	4	10	1.042782	0.065025	2748959	0.777575	0.093013	331423
2	1	6	8	2	5	3	27	5	7	1.086915	0.064825	2339971	0.776347	0.063173	310777
1	1	4	2	1	14	4	26	5	3	0.815574	0.061075	2222342	0.62443	0.047521	308622
1	2	5	8	5	16	3	20	5	4	1.743626	0.146	4896650	0.895816	0.15455	359547
1	2	4	6	4	15	7	34	3	6	1.646545	0.102725	4056960	0.85276	0.127475	348416
2	2	3	8	3	7	6	23	2	8	0.739359	0.063125	2490568	0.59456	0.069866	331553
1	1	5	4	2	5	1	7	6	3	1.153648	0.057175	1925504	0.741107	0.056835	307672
3	1	2	2	1	11	1	1	1	3	0.721865	0.0351	1410844	0.587303	0.044378	305310
2	2	5	6	5	11	4	10	6	2	1.427622	0.07685	3840045	0.735093	0.125725	360913
3	2	2	6	4	14	3	9	1	6	1.08179	0.07395	3532725	0.695789	0.108664	351738
3	2	6	2	3	11	1	3	3	6	1.043926	0.0557	2367750	0.75841	0.093454	332248
1	1	4	4	2	2	2	7	4	5	1.165075	0.0587	2188109	0.760668	0.059648	308714
1	1	1	2	1	7	4	6	6	1	0.810103	0.053425	1890735	0.513495	0.041635	303293
1	2	7	2	5	14	1	5	6	10	1.317072	0.089425	3575801	0.822137	0.13032	351875
2	2	5	6	4	9	1	9	3	6	1.212941	0.0692	3256434	0.81645	0.116816	345215
3	2	7	4	3	7	2	28	1	6	0.999955	0.060175	2597639	0.741092	0.087498	332959
1	1	3	2	2	7	3	2	6	5	1.193759	0.0548	2052599	0.780873	0.062961	310236
2	1	7	2	1	5	1	26	3	7	0.76435	0.049625	1743384	0.608531	0.042112	306044
1	2	7	2	5	14	4	25	3	10	1.684074	0.097075	4275179	0.88594	0.153924	366575
2	2	5	8	4	2	7	19	5	8	1.338004	0.11325	3986335	0.848722	0.119096	343853
2	2	6	8	3	11	4	28	6	2	1.21586	0.0693	2821290	0.721644	0.089466	332769
3	1	1	2	2	15	6	12	4	1	0.705718	0.041275	1700223	0.470369	0.042669	303862
3	1	7	6	1	5	1	21	1	3	0.721319	0.041775	1536101	0.590359	0.041175	304860
2	2	6	4	5	16	7	10	3	10	1.389939	0.069	3318233	0.88142	0.145062	354349
2	2	2	2	4	9	2	14	2	4	1.39603	0.06405	3183834	0.804647	0.120325	347872
1	2	6	6	3	9	5	18	2	6	1.388044	0.0946	3234537	0.843421	0.10054	334158
1	1	5	8	2	16	1	7	3	3	1.153648	0.0644	2130608	0.740593	0.058682	308879
2	1	6	6	1	7	1	1	3	9	0.760557	0.041025	1523534	0.616554	0.044159	305266
2	2	7	8	5	16	4	20	6	4	1.443304	0.088575	4327416	0.883536	0.15121	367287
1	2	3	2	4	9	4	34	2	10	1.652692	0.0966	4121835	0.86109	0.130931	356581
2	2	6	8	3	9	1	18	1	8	1.073296	0.071025	2706198	0.764062	0.087948	332361
3	1	1	4	2	16	6	12	1	1	0.705588	0.040725	1624857	0.463144	0.041482	303546
2	1	3	8	1	9	7	11	3	1	0.768144	0.04385	1664677	0.547634	0.040098	301104
1	2	6	8	5	11	3	10	3	10	1.732963	0.10625	4332077	0.881094	0.148326	357583
2	2	3	4	4	14	2	34	6	2	1.402748	0.06925	3385280	0.71803	0.109473	344584
2	2	6	2	3	9	2	23	6	4	1.213896	0.052875	2292791	0.877306	0.103867	333065
1	1	2	6	2	2	1	7	2	1	1.152725	0.052575	1837614	0.62465	0.050074	302408
1	1	2	4	1	11	2	26	6	5	0.813664	0.058675	1943071	0.606667	0.04573	306546
3	2	7	4	5	16	4	30	2	10	1.268728	0.076625	3998517	0.817111	0.151201	367188
3	2	3	4	4	7	1	19	6	4	1.140715	0.069775	3339234	0.770127	0.11704	344124
2	2	3	6	3	9	4	23	1	6	1.082672	0.0631	2643070	0.77281	0.091819	337393
2	1	2	2	2	14	4	7	3	1	1.049184	0.04325	1889764	0.651498	0.05681	308138
1	1	6	8	1	16	7	6	2	9	0.814674	0.05965	1912273	0.612984	0.044617	305964
3	2	5	6	5	16	5	25	3	2	1.283306	0.0727	3601984	0.703062	0.132388	353966
3	2	3	8	4	14	4	34	6	4	1.288687	0.0849	4039899	0.832672	0.138033	358018
1	2	3	6	3	9	7	8	5	6	1.351096	0.091175	3140916	0.863392	0.102825	332877
2	1	6	2	2	9	3	2	3	3	1.044608	0.04245	1760911	0.790906	0.064822	310150
1	1	1	8	1	5	2	6	4	9	0.809068	0.05745	1924192	0.597524	0.046605	305874
1	2	6	8	5	11	7	20	2	10	1.585158	0.106	4138384	0.862396	0.139468	352534
2	2	4	2	4	7	4	9	1	8	1.187028	0.072	3631015	0.768313	0.113394	356794
3	2	3	6	3	7	2	18	6	2	1.126426	0.0639	2666715	0.68473	0.087084	328091
1	1	5	2	2	7	1	27	2	3	1.136896	0.0562	1904714	0.740395	0.05712	307959
3	1	6	2	1	2	2	6	3	3	0.734137	0.040875	1565454	0.596857	0.043233	305455
2	2	6	6	5	11	7	35	4	10	1.390052	0.07565	3635189	0.884874	0.144334	352770
1	2	3	6	4	2	6	4	1	8	0.755773	0.09275	3510863	0.592593	0.083857	340691
2	2	7	2	3	9	1	13	1	10	1.07362	0.05255	2282384	0.782605	0.087658	331366
1	1	3	2	2	5	4	7	2	9	1.19248	0.05515	2109213	0.785601	0.063975	311667
3	1	6	8	1	16	5	31	2	9	0.735078	0.052575	1827671	0.596146	0.0447	306716
1	2	5	6	5	11	7	35	2	2	1.573988	0.1003	3988750	0.727214	0.118003	347898
3	2	4	2	4	9	3	34	4	8	1.310875	0.078275	3959609	0.810205	0.133216	351345
2	2	6	8	3	9	2	3	5	8	1.183957	0.0703	2848920	0.865448	0.103868	334308
2	1	2	8	2	9	1	2	5	9	1.007199	0.044825	1839219	0.734432	0.060587	308467
3	1	6	8	1	2	5	21	3	5	0.734088	0.047375	1767021	0.590612	0.042834	306173
1	2	6	4	5	11	2	20	1	10	1.39387	0.098925	4006438	0.791547	0.125571	354575
2	2	2	2	4	9	4	29	1	8	1.191795	0.072925	3629352	0.72703	0.111031	357462
1	2	7	4	3	14	1	28	3	10	1.27143	0.085625	2986675	0.81479	0.093555	332189
2	1	6	6	2	15	1	12	6	3	1.000468	0.0489	1797429	0.74584	0.060064	308780
1	1	5	8	1	14	3	26	5	9	0.8157	0.073025	2207846	0.621981	0.045288	307145
1	2	6	8	5	16	5	15	5	4	1.750529	0.13975	4600042	0.881124	0.152207	358873
3	2	5	2	4	5	7	19	5	6	1.273174	0.096125	3645891	0.825701	0.126957	345040
3	2	6	8	3	14	7	33	6	4	1.106848	0.06785	2711840	0.82189	0.103029	332815
1	1	6	8	2	9	5	27	4	5	1.223774	0.07185	2391352	0.77908	0.064262	310374
1	1	1	8	1	9	3	16	3	1	0.810103	0.068	2051980	0.513464	0.04112	302055
3	2	5	2	5	14	4	20	2	6	1.267208	0.0762	4078717	0.806051	0.14865	366857
2	2	4	6	4	15	3	4	4	2	1.340668	0.070275	3512699	0.722084	0.113465	347535
1	2	7	2	3	7	4	13	4	4	1.410446	0.089025	3312727	0.880478	0.106468	337091
3	1	1	4	2	7	1	2	4	9	0.8996	0.040575	1673526	0.572547	0.049866	308150
1	1	3	8	1	14	7	16	5	1	0.815301	0.06325	2112603	0.547562	0.04092	301587
2	2	7	2	5	11	5	25	6	10	1.413579	0.0649	3369138	0.882521	0.145351	356843
2	2	4	4	4	5	6	9	3	10	0.700837	0.060325	3039953	0.613499	0.088659	341712
3	2	3	8	3	11	2	8	6	8	1.139322	0.073375	2886091	0.812164	0.102099	334261
3	1	3	8	2	9	2	7	2	9	0.976907	0.04855	1886088	0.741534	0.062127	309183
2	1	2	4	1	16	7	21	6	9	0.768527	0.0403	1543334	0.618956	0.046878	306019
1	2	7	8	5	16	1	30	5	10	1.350059	0.1325	4305001	0.829735	0.133144	352900
2	2	3	4	4	7	2	19	1	8	1.188542	0.0753	3509966	0.768313	0.110173	348041
1	2	3	6	3	9	3	28	4	2	1.393975	0.091	3176860	0.718924	0.089184	329664
1	1	3	4	2	15	3	7	4	1	1.189583	0.0589	2180755	0.682862	0.058005	306174
1	1	4	2	1	14	6	16	1	3	0.769583	0.0543	1813654	0.538161	0.038868	305160
1	2	5	6	5	16	3	30	1	2	1.394929	0.1	4130102	0.666724	0.107871	354405
3	2	2	8	4	5	4	34	1	2	1.080198	0.079375	3843047	0.596146	0.094651	350050
1	2	7	8	3	9	2	23	4	10	1.3922	0.090225	3162356	0.887406	0.103473	333201
2	1	5	8	2	16	2	22	5	3	1.073033	0.052525	2052264	0.790533	0.064551	310168
2	1	4	8	1	14	2	6	1	9	0.756851	0.04285	1637646	0.608889	0.043787	306124
1	2	6	2	5	16	2	5	2	2	1.440631	0.089625	3653970	0.70789	0.11865	351748
3	2	5	8	4	2	4	4	3	4	1.213882	0.07665	3765747	0.812591	0.123679	353185
3	2	6	2	3	14	1	23	3	8	1.040118	0.0643	2548221	0.755942	0.093546	333184
3	1	5	8	2	5	4	12	5	9	0.989478	0.061825	2350193	0.745252	0.063554	312014
2	1	3	6	1	5	7	11	1	9	0.757222	0.042975	1523845	0.608889	0.04273	305132
3	2	7	8	5	14	5	5	4	6	1.180223	0.10055	3930812	0.830923	0.155643	358386
3	2	2	2	4	5	2	29	5	2	1.276788	0.09185	3426730	0.637457	0.100479	341759
2	2	7	6	3	14	7	23	1	8	1.084592	0.06555	2588792	0.777954	0.088166	333596
3	1	2	2	2	7	4	12	3	7	0.98655	0.0545	2231864	0.710464	0.062243	313123
2	1	6	4	1	14	4	21	4	5	0.768328	0.05065	1915537	0.620593	0.047048	308868
3	2	5	2	5	11	7	10	3	8	1.264394	0.074	3546040	0.82348	0.143155	353650
3	2	4	6	4	2	5	14	6	4	1.226041	0.071625	3582918	0.812181	0.122376	346076
2	2	3	2	3	11	3	33	3	8	1.233093	0.067775	2813634	0.859669	0.103276	335426
1	1	1	8	2	2	7	22	4	5	1.147874	0.0601	2081918	0.57995	0.048719	308121
1	1	4	2	1	16	5	1	1	5	0.804945	0.05305	1885456	0.604878	0.043753	307003
2	2	7	6	5	14	2	25	6	6	1.422947	0.0735	3554597	0.87955	0.145486	356108
2	2	3	8	4	5	1	4	1	2	1.154674	0.06105	2855827	0.650347	0.093141	338161
1	2	7	2	3	9	7	18	3	4	1.357954	0.086	3042207	0.868947	0.10015	332293
1	1	1	2	2	7	5	12	4	7	1.168719	0.0645	2299381	0.582249	0.050396	310759
3	1	4	2	1	11	4	6	4	1	0.736589	0.043775	1858590	0.542042	0.042378	303709
2	2	6	4	5	11	5	35	1	10	1.204865	0.0705	3496189	0.790105	0.126105	356673
3	2	3	8	4	14	7	29	6	8	1.247172	0.080675	3668981	0.806422	0.127156	348458
1	2	7	2	3	14	2	8	2	6	1.387405	0.085275	3005209	0.854264	0.099542	333955
3	1	4	6	2	15	4	12	2	1	0.963115	0.05325	2135076	0.641343	0.05699	308168
1	1	7	8	1	2	5	1	5	5	0.811897	0.063425	2147313	0.61022	0.042779	306400
2	2	5	4	5	11	4	20	2	6	1.403272	0.080325	4073170	0.852711	0.143396	365896
1	2	2	2	4	15	7	9	4	4	1.623424	0.092625	3680396	0.80718	0.122372	348173
2	2	7	4	3	11	5	8	6	6	1.225366	0.060025	2615887	0.86862	0.101625	334459
3	1	3	8	2	2	3	22	4	5	0.949067	0.053375	2074729	0.729394	0.059782	309516
3	1	1	2	1	9	1	1	3	7	0.730468	0.04365	1659232	0.557249	0.044071	306387
1	2	6	4	5	16	1	30	6	4	1.350067	0.096575	3784537	0.812617	0.131381	352652
3	2	2	2	4	2	3	34	4	8	1.213551	0.07555	3788843	0.738904	0.112601	347784
1	2	3	4	3	7	2	33	5	4	1.38146	0.091225	3181443	0.882375	0.105256	333063
1	1	2	6	2	2	2	27	5	5	1.166881	0.063175	2268809	0.74919	0.060439	308825
2	1	1	2	1	14	7	31	3	5	0.76722	0.044125	1634361	0.575794	0.045313	306369
3	2	6	2	5	11	1	15	2	2	1.123641	0.06455	3200569	0.651311	0.11084	346222
3	2	4	4	4	7	7	14	1	10	1.091739	0.066075	3234600	0.751868	0.112962	345288
3	1	4	8	1	2	2	31	2	7	0.734389	0.056025	1977444	0.583563	0.041985	306284
3	2	7	4	5	16	7	15	3	10	1.261781	0.07255	3592514	0.830792	0.145923	354349
3	2	5	8	4	2	6	4	4	10	0.679801	0.064375	3180681	0.59588	0.085551	340047
2	2	6	2	3	14	2	18	3	10	1.223447	0.0589	2560708	0.876554	0.105298	333674
3	1	2	4	2	15	3	2	3	7	0.964111	0.05355	2090639	0.71073	0.062033	311658
3	1	6	8	1	16	7	26	3	1	0.736617	0.04615	1732558	0.534331	0.040653	301477
3	2	2	8	4	5	1	29	5	8	1.042091	0.10675	3844326.793	0.717838	0.109757	344254
2	2	6	8	3	11	7	8	2	6	1.385304	0.05955	2525664.584	0.84433	0.100203	332775
2	1	4	4	2	16	5	22	1	9	0.854005	0.039925	1771573.883	0.723293	0.057919	310216
2	1	7	8	1	2	7	11	4	9	0.755694	0.042175	1734407.287	0.620247	0.042923	305135
1	2	6	2	5	11	4	25	3	4	1.546644	0.090925	4176753.288	0.880938	0.151873	365658
3	2	2	4	4	15	3	14	5	2	1.129455	0.0985	3847978.327	0.639563	0.104384	347647
2	2	7	2	3	14	3	13	6	6	1.116172	0.057325	2694297.127	0.871723	0.10272	335111
3	1	4	2	2	5	6	22	2	5	0.675155	0.03725	1654451.181	0.548477	0.044348	307527
3	1	2	2	1	9	1	31	5	3	0.703833	0.041525	1707446.724	0.595643	0.046029	305665
1	2	7	2	5	16	3	25	3	4	1.544451	0.091725	4042763.253	0.883088	0.150587	359321
1	2	2	8	4	7	4	24	4	6	1.572227	0.104	4449383.966	0.780095	0.120687	356551
2	2	3	8	3	11	5	18	3	2	1.119712	0.065925	2764278.357	0.722659	0.088321	329485
3	1	3	2	2	5	7	22	3	5	0.8187	0.039575	1746547.484	0.730599	0.060177	308563
1	1	2	8	1	16	7	16	3	1	0.810022	0.05795	2012203.278	0.541323	0.041748	301477
3	2	5	2	5	11	5	30	6	10	1.126906	0.066575	3563217.852	0.837344	0.150986	356843
2	2	2	8	4	5	5	4	2	8	1.24444	0.074	3557661.738	0.774132	0.114704	348753
2	2	7	2	3	9	1	28	6	6	1.04547	0.05355	2400899.71	0.806973	0.091964	331939
2	1	4	4	2	5	5	12	4	9	0.954334	0.0443	1947586.345	0.799893	0.06465	309424
3	1	1	4	1	9	6	16	2	3	0.660579	0.0406	1554384.743	0.522723	0.041721	305018
1	2	5	4	4	9	6	34	3	4	0.748123	0.088125	3736537.602	0.616056	0.088078	343536
1	2	3	4	3	7	7	3	3	10	1.268394	0.0768	2784913.943	0.872313	0.102557	331955
1	1	3	2	2	14	3	17	2	5	1.122773	0.0578	2237243.274	0.768546	0.062458	310796
1	1	4	4	1	5	2	21	2	3	0.814072	0.0503	1840213.782	0.614169	0.043767	305683
3	2	5	8	5	14	5	25	6	4	1.121179	0.074525	3711210.346	0.836313	0.151777	357848
2	2	2	6	4	5	2	14	1	4	1.081228	0.0661	3249675.782	0.748208	0.10983	345977
2	2	7	4	3	7	4	18	1	2	1.010117	0.0598	2746572.247	0.667743	0.077998	332060
2	1	2	6	2	7	3	12	4	5	0.961938	0.051675	2134431.175	0.755736	0.062849	310417
3	1	2	8	1	7	5	26	5	3	0.71062	0.047	1886730.46	0.602042	0.046934	306605
3	2	2	6	4	2	3	29	4	2	1.08746	0.070275	3672383.027	0.63128	0.097491	342152
1	2	7	2	3	11	5	18	4	2	1.331218	0.082025	3201077.474	0.738695	0.08917	329600
2	1	2	4	2	2	1	2	6	1	0.904563	0.033925	1498688.472	0.628569	0.050593	302463
3	1	4	2	1	16	1	16	2	3	0.702277	0.0409	1662005.795	0.594047	0.044038	305692
3	2	6	8	5	14	3	35	3	10	1.140255	0.083575	4125194.734	0.834007	0.151754	358543
2	2	3	6	4	2	2	34	3	10	1.262154	0.068875	3451690.501	0.858162	0.122057	344388
1	2	6	4	3	14	2	18	4	2	1.307636	0.0853	3174108.545	0.721754	0.08839	329152
2	1	1	2	2	7	4	17	3	7	0.916354	0.051775	2229519.49	0.577016	0.050988	313123
1	1	2	2	1	5	1	31	3	9	0.806199	0.050425	1796198.421	0.621413	0.045869	305051
2	2	7	2	5	16	1	20	1	2	1.033563	0.062525	3225957.281	0.665274	0.106208	347801
1	2	4	2	4	15	6	29	1	8	0.733549	0.08885	3629423.271	0.592593	0.087073	346074
3	2	6	8	3	9	4	23	6	10	1.005921	0.067525	2839632.552	0.832682	0.106977	337161
1	1	5	6	2	14	2	22	5	9	1.147871	0.0624	2232661.139	0.789006	0.064143	309939
3	1	3	6	1	11	6	26	1	5	0.648974	0.041225	1606395.433	0.516712	0.037783	305368
2	2	7	6	5	14	1	10	1	8	1.034283	0.072575	3452110.363	0.776213	0.121801	352699
1	2	3	8	4	15	4	34	5	6	1.634295	0.14125	4862523.135	0.857404	0.137989	359153
1	2	6	8	3	7	6	28	1	6	0.773039	0.081375	2906914.902	0.588253	0.068732	330845
3	1	2	2	2	9	7	32	4	1	0.835744	0.04145	1841652.78	0.621493	0.053718	304219
1	1	1	6	1	14	1	26	1	5	0.776584	0.05405	1811327.114	0.568335	0.043782	305818
1	2	4	6	4	9	7	14	4	2	1.530888	0.094175	3948614.011	0.722505	0.107426	341670
2	2	3	6	3	11	1	28	3	2	1.043798	0.0559	2389243.266	0.675918	0.080471	327210
2	1	5	8	2	15	5	27	4	1	0.93874	0.051125	2034156.059	0.688096	0.057206	305925
3	1	7	4	1	16	7	26	2	1	0.708635	0.042425	1657277.819	0.536398	0.039542	301357
3	2	6	6	5	16	1	35	3	4	1.028821	0.07315	3588383.822	0.773834	0.13227	352717
2	2	2	2	4	2	6	19	2	2	0.687618	0.055825	2396396.649	0.524928	0.078562	335174
3	2	6	2	3	9	1	8	3	2	0.937764	0.05195	2312017.335	0.650075	0.080712	326965
3	1	5	4	2	7	4	27	1	9	0.768161	0.0476	2004081.341	0.682799	0.056196	311895
3	1	5	8	1	14	3	21	4	1	0.710416	0.050075	1845773.575	0.546968	0.04104	302427
1	2	6	4	5	11	2	20	5	2	1.576213	0.1255	4359836.381	0.725604	0.122101	350401
3	2	4	6	4	9	7	29	4	10	1.120376	0.0699	3524620.665	0.835273	0.130736	346307
1	2	3	8	3	11	3	18	3	6	1.32379	0.097475	3477430.631	0.864308	0.104151	334833
2	1	5	4	2	16	7	22	6	3	0.936928	0.0421	1747345.563	0.774542	0.061659	309283
2	1	2	2	1	7	3	26	6	7	0.754922	0.0453	1809141.894	0.607234	0.045664	307461
3	2	7	4	5	16	3	5	5	2	1.081059	0.098575	3872550.019	0.704546	0.135169	354867
2	2	3	4	4	7	2	29	2	2	1.26672	0.062475	3188801.426	0.708258	0.105527	342524
3	2	7	4	3	9	1	8	3	8	0.936686	0.062575	2713637.628	0.76584	0.09151	332596
3	1	1	2	2	15	7	22	6	1	0.809789	0.03715	1614352.159	0.499221	0.044841	304598
1	1	4	2	1	5	5	26	3	5	0.81575	0.05345	1982908.832	0.613641	0.044111	306521
3	2	5	4	5	16	2	10	6	10	1.121736	0.06865	3524203.761	0.832941	0.150589	356440
2	2	2	4	4	2	4	14	4	8	1.246092	0.07755	3982197.696	0.773086	0.116317	354252
1	2	6	4	3	7	7	33	2	10	1.284834	0.080725	2929409.613	0.855672	0.100765	331835
1	1	3	2	2	16	3	2	2	1	1.105766	0.0498	1972405.373	0.673451	0.055893	305972
3	1	4	6	1	11	6	16	5	3	0.658299	0.0473	1845720.599	0.530443	0.039853	305472
2	2	4	4	4	15	5	24	5	8	1.3041	0.101925	3820474.729	0.852602	0.134249	352702
2	2	3	4	3	11	7	28	6	10	1.091086	0.054725	2387057.191	0.868892	0.102877	332429
3	1	3	6	2	7	2	27	5	1	0.820394	0.046875	2010258.362	0.650453	0.056177	304717
2	1	1	8	1	2	4	1	3	5	0.752045	0.048525	1812126.429	0.573938	0.045081	307804
1	2	3	2	4	5	2	34	4	6	1.573094	0.0913	3974441.695	0.862022	0.127832	346686
1	2	7	6	3	9	1	28	4	10	1.226259	0.0834	3053206.406	0.815514	0.093205	331717
1	1	6	4	2	16	3	7	3	1	1.126041	0.059	2159902.724	0.677727	0.05726	306093
1	1	7	8	1	16	6	31	2	3	0.762266	0.059375	2001657.564	0.538305	0.038519	305391
2	2	7	8	5	14	5	10	5	8	1.321322	0.11325	4243457.443	0.882165	0.150969	359090
1	2	5	2	4	7	7	24	5	10	1.514167	0.1135	3776935.808	0.880646	0.127405	345750
3	2	3	4	3	7	3	18	2	10	0.998522	0.061675	2708151.805	0.8121	0.102526	333772
3	1	3	4	2	9	2	2	4	3	0.821852	0.041625	1839696.727	0.75103	0.064035	309463
1	1	2	2	1	14	1	11	5	3	0.808854	0.053475	1917437.677	0.622941	0.047415	305922
2	2	7	2	5	14	7	10	5	8	1.279426	0.099325	3745478.353	0.8737	0.143144	354837
1	2	2	6	4	9	2	14	5	10	1.606463	0.1265	4197905.117	0.809877	0.122675	348175
2	2	7	2	3	14	2	28	3	6	1.117146	0.056625	2583516.13	0.879537	0.103402	334076
2	1	3	4	2	7	3	2	4	9	0.950585	0.04155	1856705.347	0.801041	0.065757	310015
3	1	3	8	1	7	4	1	6	3	0.710356	0.049075	1865102.347	0.601705	0.045563	307944
1	2	5	4	4	14	4	24	5	8	1.55661	0.131	4602474.869	0.878784	0.139743	359261
2	2	3	8	3	11	6	3	2	6	0.728888	0.0536	2334675.69	0.595087	0.070417	331498
1	1	2	8	2	9	4	27	6	5	1.128984	0.06885	2496507.263	0.751007	0.063553	312672
1	1	6	2	1	5	1	1	1	9	0.774629	0.047225	1610051.651	0.608359	0.042555	304816
1	2	5	4	5	14	4	10	2	6	1.557067	0.09815	4370276.97	0.860756	0.144779	366857
1	2	4	6	4	9	7	19	6	6	1.522367	0.09815	4074261.809	0.853172	0.125515	346529
2	2	7	8	3	11	6	28	6	6	0.730669	0.0585	2577955.449	0.601683	0.069413	331554
1	1	4	6	2	5	4	2	3	7	1.131644	0.0667	2533785.444	0.771849	0.063759	312780
2	1	6	6	1	11	3	21	3	1	0.755138	0.04485	1666408.827	0.552655	0.041009	302162
1	2	3	2	4	14	1	9	5	8	1.343017	0.1205	3975248.313	0.802085	0.118671	347371
3	2	3	4	3	11	2	23	3	8	1.003844	0.063225	2725725.99	0.815556	0.103066	334326
2	1	3	6	2	2	4	2	2	7	0.912458	0.050875	2106439.225	0.750472	0.059968	312102
3	1	6	4	1	16	1	26	5	7	0.708194	0.052	1970849.51	0.588004	0.044362	306987
1	2	7	4	5	14	7	10	5	10	1.514637	0.12225	4112426.39	0.881294	0.143853	353842
2	2	4	4	4	9	2	24	2	2	1.264828	0.061075	3147762.631	0.708258	0.106064	343192
2	2	6	8	3	9	3	3	1	10	1.006592	0.058	2458194.906	0.787621	0.0916	333950
2	1	2	4	2	2	2	22	3	5	0.926082	0.0401	1759750.508	0.747061	0.059502	308599
2	1	4	6	1	15	2	1	4	5	0.754958	0.0445	1792098.771	0.617079	0.045699	306971
1	2	5	4	5	11	2	10	3	2	1.571329	0.091775	3916049.43	0.741234	0.123841	350174
1	2	3	4	4	9	3	29	4	4	1.607426	0.0943	4111376.792	0.880106	0.134785	350393
3	2	3	6	3	7	7	13	1	10	0.896608	0.057925	2453311.343	0.746636	0.090024	331720
3	1	4	4	2	14	2	22	5	5	0.828844	0.0462	2062863.816	0.741317	0.064298	310340
3	1	2	4	1	2	1	6	6	5	0.704713	0.038525	1570789.52	0.584238	0.043461	305040
1	2	6	4	5	14	5	15	6	8	1.584374	0.10325	4358793.334	0.854728	0.143106	358799
1	2	2	4	4	14	7	34	4	8	1.530891	0.100275	4131479.127	0.782399	0.118093	348639
3	2	6	4	3	7	6	33	4	6	0.690762	0.05885	2605877.285	0.582291	0.070794	331195
1	1	5	4	2	2	1	22	3	1	1.074736	0.05185	1855576.851	0.653498	0.050306	302528
3	1	1	6	1	11	5	26	6	9	0.7026	0.04425	1677061.558	0.570946	0.045828	306505
2	2	5	6	5	14	5	25	2	10	1.273952	0.069425	3471785	0.865554	0.142202	357748
3	2	3	8	4	15	6	4	3	6	0.660078	0.066025	3284142.676	0.583241	0.088754	345716
3	2	3	6	3	7	6	13	4	8	0.687232	0.0654	2770153.204	0.58348	0.070943	331788
2	1	5	8	2	9	6	2	4	9	0.74268	0.042725	1768488.745	0.579695	0.046013	307909
2	1	5	8	1	14	7	26	4	1	0.755566	0.042675	1727941.234	0.550383	0.039975	301476
3	2	7	4	5	16	4	5	1	10	0.956378	0.07	3736604.841	0.753925	0.130816	367073
1	2	5	4	4	15	6	9	3	8	0.750977	0.092675	3842746.3	0.605177	0.087635	346309
1	2	3	2	3	11	1	8	2	6	1.225114	0.078	2808298.451	0.794152	0.092914	332128
3	1	5	8	2	15	5	12	3	7	0.83512	0.061525	2351422.909	0.737644	0.062514	311410
1	1	2	8	1	5	6	6	2	9	0.762419	0.048525	1760177.622	0.539169	0.040032	304631
1	2	6	2	5	11	3	35	6	10	1.561961	0.09345	4162000.177	0.883	0.146397	357518
1	2	3	2	4	7	7	14	6	10	1.509837	0.086925	3656658.56	0.87653	0.12761	345458
3	2	7	6	3	7	3	23	1	2	0.902321	0.057375	2580198.715	0.636841	0.076684	329020
3	1	3	2	2	16	4	32	1	1	0.760386	0.043425	2000381.05	0.593532	0.051584	308088
2	1	6	2	1	15	6	31	2	7	0.704761	0.045575	1707781.223	0.530546	0.038708	306319
1	2	5	6	5	14	2	20	4	6	1.590554	0.1045	4476596.528	0.886141	0.148969	356289
2	2	3	6	4	5	4	14	6	4	1.284643	0.074875	3788541.047	0.875472	0.13254	354901
1	2	6	6	3	11	6	23	3	10	0.789293	0.0782	2831063.879	0.612574	0.072859	331216
1	1	3	8	2	2	2	12	6	1	1.104875	0.0583	2115143.449	0.669402	0.052839	303525
1	1	2	2	1	16	6	16	1	7	0.749272	0.05735	1947964.937	0.527081	0.039714	306225
2	2	7	4	5	11	5	20	6	4	1.294042	0.07305	3781912.325	0.882521	0.145351	356887
2	2	4	4	4	5	3	19	6	6	1.296489	0.07205	3721850.856	0.85462	0.126609	348791
1	2	3	8	3	11	7	33	3	8	1.284385	0.09605	3390532.515	0.860539	0.101864	333489
1	1	1	6	2	14	4	32	6	1	1.042277	0.064025	2345554.607	0.514002	0.046545	308073
1	1	5	4	1	2	4	1	2	1	0.809806	0.0543	1902240.149	0.548015	0.039251	302675
1	2	5	6	5	16	4	20	2	2	1.536997	0.1045	4600323.853	0.728984	0.124513	362552
1	2	3	6	4	7	7	14	4	4	1.527077	0.09525	3931289.765	0.881266	0.129006	345683
1	2	3	8	3	11	1	8	5	2	1.219466	0.083675	3071113.171	0.67803	0.081206	327436
1	1	2	2	2	5	5	22	5	9	1.127711	0.051925	2075780.039	0.767832	0.063563	309535
2	1	1	2	1	11	4	26	2	1	0.749105	0.038925	1646473.209	0.510195	0.041589	303474
2	2	5	2	5	16	3	30	2	8	1.271072	0.073125	3701832.234	0.856328	0.142144	360152
1	2	4	2	4	9	5	9	6	4	1.551491	0.087925	3792348.344	0.877535	0.131022	349637
1	2	3	6	3	11	3	13	2	2	1.29752	0.0858	3128796.792	0.709738	0.086164	329674
2	1	6	4	2	15	1	32	6	1	0.915011	0.04315	1752328.11	0.649385	0.052972	304129
1	1	2	8	1	14	1	21	3	1	0.804449	0.05	1831358.284	0.539271	0.041241	301045
1	2	7	2	5	14	1	10	5	6	1.319076	0.11925	4019280.6	0.825275	0.132165	352568
2	2	5	8	4	9	2	24	1	8	1.081005	0.073725	3502230.732	0.778394	0.110134	348709
1	2	6	6	3	11	3	23	1	6	1.198458	0.08425	3065816.882	0.775475	0.090238	334598
1	1	6	2	2	15	4	12	2	7	1.120872	0.066175	2451886.761	0.768034	0.064214	313768
3	1	2	6	1	11	7	6	2	3	0.709185	0.041675	1607405.335	0.59383	0.045479	305741
1	2	6	6	5	14	4	20	2	4	1.56901	0.1055	4599017.689	0.862565	0.146175	366498
3	2	3	2	4	14	5	19	5	10	1.159567	0.0965	3760978.719	0.835038	0.138099	351222
2	2	7	8	3	14	3	8	4	10	1.128772	0.06605	2838403.782	0.884853	0.106225	334889
3	1	6	6	2	15	4	22	1	5	0.763056	0.051775	2086256.955	0.67374	0.057596	313062
2	1	3	2	1	11	3	16	4	7	0.755338	0.0506	1976000.364	0.615042	0.045451	307877
2	2	6	4	5	14	7	10	6	8	1.259344	0.07225	3493263.434	0.8564	0.140032	354545
1	2	5	4	4	15	2	19	5	2	1.58732	0.12425	4233714.832	0.740548	0.112904	345361
2	2	3	6	3	14	6	23	1	10	0.718651	0.049825	2185823.947	0.605072	0.071601	331324
2	1	1	2	2	2	7	7	3	7	0.913522	0.04275	1785198.552	0.576111	0.048252	308597
1	1	5	6	1	16	5	26	1	1	0.773188	0.05895	1889592.17	0.537328	0.038638	301994
2	2	5	4	5	14	4	15	3	10	1.322215	0.075675	4013930.087	0.884524	0.153733	366575
3	2	2	2	4	14	5	29	5	10	1.137515	0.09385	3599461.107	0.767878	0.122875	351222
3	2	7	4	3	14	1	18	1	8	0.887747	0.06505	2784313.89	0.732263	0.086862	332949
1	1	3	2	2	14	3	27	4	5	1.136477	0.05725	2251047.176	0.784546	0.065765	311032
3	1	1	6	1	16	4	1	4	5	0.705842	0.050675	1962011.368	0.564176	0.047095	308984
1	2	6	6	5	11	5	5	6	4	1.397816	0.093	3932846.704	0.883	0.146018	356887
1	2	3	4	4	9	7	34	1	2	1.308681	0.086325	3619124.671	0.652506	0.094659	341319
3	2	6	4	3	14	3	23	3	10	1.00778	0.058575	2632894.811	0.831924	0.106617	334774
1	1	5	4	2	15	2	27	6	1	1.115307	0.0574	2075668.729	0.684772	0.055719	305191
1	1	4	4	1	16	2	26	6	3	0.814416	0.05505	1974106.443	0.624643	0.045789	306455
1	2	5	2	5	14	2	35	1	8	1.313817	0.096925	4109061.972	0.777687	0.123013	356531
1	2	3	8	4	14	6	24	4	8	0.747768	0.095825	3989734.143	0.602163	0.089077	345939
3	2	7	6	3	9	1	8	1	4	0.887747	0.055275	2430908.274	0.745879	0.08769	331410
1	1	5	4	2	5	6	32	6	1	0.811724	0.05465	1946811.995	0.517032	0.040775	302574
2	1	5	6	1	11	5	16	5	9	0.757422	0.05275	1897523.038	0.619976	0.04486	306797
1	2	5	4	5	14	4	15	4	4	1.635987	0.102575	4628668.571	0.891539	0.157818	366734
2	2	4	8	4	5	3	34	4	8	1.315817	0.0857	4153307.891	0.851162	0.127418	349564
1	2	3	8	3	7	7	33	4	4	1.286394	0.09035	3178300.17	0.87549	0.103304	332114
3	1	6	8	2	7	2	17	2	3	0.816402	0.0531	2036563.04	0.741538	0.061808	309021
3	1	7	8	1	9	5	1	1	3	0.678244	0.042075	1686538.247	0.591437	0.042149	306272
2	2	2	4	4	14	1	29	2	10	1.132312	0.06235	3037881.124	0.76704	0.114828	346029
2	2	6	2	3	7	7	18	5	6	1.096105	0.05875	2626387.989	0.862966	0.102477	332584
3	1	6	6	2	2	5	2	2	9	0.802472	0.042475	1741185.537	0.734503	0.059464	308631
3	1	7	6	1	5	7	11	3	7	0.713107	0.053425	1960763.536	0.588897	0.041844	306360
1	2	6	6	5	14	2	25	3	8	1.567764	0.10225	4259985.913	0.859753	0.144235	356766
1	2	5	6	4	14	1	29	2	2	1.323432	0.0893	3655658.402	0.693323	0.100747	341393
3	2	6	6	3	9	5	18	3	2	1.00832	0.0642	2769825.828	0.688063	0.088742	329240
1	1	5	8	2	5	2	7	3	5	1.140214	0.064475	2242538.523	0.772227	0.060492	309156
1	1	3	4	1	9	4	21	4	3	0.817662	0.057025	2095005.524	0.622718	0.046662	308253
2	2	5	6	5	14	7	25	4	8	1.286022	0.076575	3724322.855	0.874487	0.142876	354726
1	2	5	4	4	15	4	14	3	6	1.592353	0.100025	4425358.866	0.866467	0.137716	358927
3	2	6	6	3	11	6	3	5	6	0.689281	0.057875	2572121.092	0.582705	0.071645	331845
3	1	5	4	2	15	3	22	1	9	0.768161	0.0441	1832696.007	0.682799	0.055902	310430
2	1	4	6	1	15	4	11	3	5	0.755695	0.05385	2025891.458	0.616882	0.046587	308847
3	2	6	4	5	11	1	10	2	2	1.003453	0.063475	3180588.996	0.651311	0.11084	346222
3	2	5	8	4	15	5	19	5	8	1.160853	0.11775	4410942.011	0.832104	0.139281	352702
3	1	5	6	2	7	2	22	6	7	0.829669	0.052275	2080544.741	0.735261	0.060322	310025
3	1	2	4	1	5	5	26	1	3	0.675628	0.03935	1567469.416	0.584876	0.043982	305929
3	2	4	8	4	9	6	4	1	2	0.646065	0.060175	3014519.718	0.509927	0.077077	338620
1	2	6	8	3	9	3	8	2	8	1.288867	0.095925	3387609.54	0.842044	0.100754	335061
2	1	2	2	2	16	6	7	1	3	0.721998	0.035675	1536599.558	0.571044	0.047788	308196
3	1	2	6	1	7	2	26	6	9	0.71062	0.0435	1674228.622	0.597684	0.045819	305909
2	2	5	2	5	14	3	25	3	6	1.286519	0.067025	3549021.47	0.878773	0.150254	358945
3	2	4	8	4	5	6	4	4	10	0.658721	0.063925	3268626.954	0.599396	0.089305	341827
1	2	7	4	3	14	4	18	1	8	1.211625	0.0945	3567301.591	0.772747	0.09011	338573
1	1	5	4	2	14	7	7	2	3	1.109429	0.0567	1988956.319	0.782807	0.061832	309043
3	1	6	8	1	5	2	6	6	7	0.712861	0.051325	1925499.176	0.589088	0.043136	306687
3	2	7	2	5	16	3	25	5	8	1.127265	0.103	4101216.623	0.833344	0.157896	360499
3	2	2	2	4	15	1	24	3	8	1.035511	0.0675	3280809.953	0.713542	0.111288	347630
3	2	3	8	3	14	3	28	5	4	1.013618	0.07005	2990493.173	0.83256	0.108473	335044
1	1	2	2	2	14	3	22	1	5	1.023273	0.0522	2014383.331	0.69285	0.056823	310681
1	1	5	8	1	9	5	31	4	5	0.814484	0.06745	2220399.828	0.619447	0.04442	306980
2	2	6	6	5	11	3	5	4	8	1.212582	0.0778	3934328.473	0.859908	0.147229	358693
3	2	3	4	4	7	4	29	2	10	1.106616	0.070125	308878.162	0.818021	0.132974	355913
1	2	3	2	3	11	2	3	4	8	1.279788	0.0846	3096773.739	0.869031	0.104233	334441
3	1	3	8	2	9	6	32	1	9	0.664814	0.045025	1801578.442	0.552101	0.044979	307559
1	1	1	4	1	14	3	1	2	9	0.811732	0.05175	1804780.226	0.589443	0.046579	306798
2	2	6	6	5	14	4	30	1	2	1.089172	0.07405	3788351.069	0.649027	0.108384	361703
2	2	4	4	4	9	7	14	2	8	1.258454	0.071775	3442889.024	0.832525	0.122513	347066
2	2	3	2	3	14	1	18	3	8	1.048542	0.062875	2637692.622	0.797106	0.094532	333184
2	1	3	4	2	15	4	22	1	5	0.8552	0.045425	1963677.493	0.708686	0.058239	313062
3	1	3	8	1	11	6	6	3	9	0.660081	0.039075	1641392.316	0.529349	0.039338	305201
1	2	5	6	4	9	6	34	2	2	0.742396	0.088325	3660228.515	0.540769	0.078134	338735
1	2	7	6	3	7	4	13	6	4	1.322405	0.09135	3390232.825	0.881712	0.104423	336911
3	1	5	2	2	16	7	27	4	9	0.827583	0.0443	1877559.265	0.738241	0.061897	309419
1	1	5	6	1	2	5	31	1	1	0.773188	0.057975	1840161.239	0.533726	0.037052	300930
2	2	3	6	4	15	4	29	2	8	1.271763	0.0813	3998033.026	0.838144	0.12994	359399
2	2	7	2	3	11	2	3	2	2	1.090479	0.04865	2280976.598	0.722507	0.085267	328574
3	1	6	8	2	2	3	17	4	1	0.821088	0.0552	2149628.722	0.639539	0.053306	304508
2	1	2	8	1	14	2	6	3	3	0.755953	0.0431	1699244.009	0.62447	0.047578	306404
1	2	5	8	4	14	5	29	2	6	1.535998	0.09905	4147563.188	0.853278	0.126352	351277
3	2	6	6	3	9	6	13	2	4	0.689668	0.05695	2434537.196	0.589831	0.07157	330895
2	1	1	8	2	5	4	22	1	5	0.851484	0.0502	1985354.386	0.56515	0.04881	311954
2	1	6	6	1	16	4	11	5	1	0.756369	0.05435	2006819.191	0.558379	0.043422	304087
3	2	7	2	5	16	5	10	5	2	1.137537	0.094625	3762138.117	0.703658	0.134265	354192
2	2	5	2	4	5	1	14	4	8	1.16828	0.069125	3391300.748	0.820166	0.116108	344143
2	2	7	2	3	11	7	33	3	8	1.099387	0.06155	2707891.153	0.854849	0.099446	333489
2	1	4	8	2	5	6	2	1	1	0.721051	0.0363	1540913.036	0.504251	0.040291	302403
2	1	2	8	1	5	2	1	2	3	0.753435	0.037825	1551222.24	0.616984	0.045689	305683
2	2	6	4	5	11	5	15	2	6	1.275194	0.072125	3591094.261	0.839678	0.138733	357190
2	2	2	2	4	5	3	29	4	4	1.296821	0.06425	3420741.802	0.807144	0.121089	348613
1	2	6	8	3	11	3	23	4	2	1.317238	0.0873	3200290.439	0.721806	0.089064	329909
3	1	5	6	2	16	2	12	3	3	0.829599	0.050775	2042913.676	0.742354	0.062834	309941
3	1	4	2	1	15	7	16	2	7	0.709154	0.04875	1885501.444	0.587288	0.043698	306935
2	2	7	2	5	11	5	5	2	10	1.206902	0.061225	3286237.961	0.861074	0.141014	356788
1	2	2	2	4	14	7	24	1	10	1.304318	0.0825	3389322.312	0.746204	0.111266	347293
1	2	6	6	3	14	4	28	5	10	1.32586	0.092675	3481661.731	0.881569	0.111323	338040
2	1	5	8	2	9	5	7	6	5	0.952905	0.050875	2016753.292	0.786022	0.062332	310194
1	1	5	6	1	9	7	21	3	1	0.817778	0.055775	1845400.397	0.551123	0.039496	301104
2	2	6	2	5	14	2	25	5	6	1.29061	0.094575	3579633.956	0.863711	0.146122	356400
3	2	5	2	4	5	6	9	5	2	0.660555	0.085575	3214335.379	0.527643	0.07788	337301
1	2	7	6	3	9	3	23	1	6	1.199258	0.08485	3106828.135	0.775519	0.087896	334353
3	1	6	8	2	7	4	12	3	3	0.836498	0.058525	2270444.224	0.756027	0.065885	312174
1	1	7	4	1	15	2	6	5	9	0.815009	0.059575	2085504.636	0.620757	0.045124	306681
2	2	5	8	5	11	5	20	1	4	1.095321	0.07745	3774790.003	0.790804	0.124744	356717
3	2	2	8	4	2	7	29	3	4	1.087583	0.069975	3402682.369	0.756617	0.114033	342675
1	2	3	2	3	11	5	3	6	2	1.283624	0.07505	2808171.573	0.722245	0.087561	329420
1	1	2	2	2	9	1	7	6	7	1.076859	0.055975	2081608.271	0.720039	0.058504	309169
1	1	2	6	1	11	6	1	1	3	0.75067	0.0484	1674693.778	0.533896	0.039974	305010
3	2	5	8	5	11	7	25	4	8	1.111745	0.079725	3884431.104	0.825708	0.144206	353765
1	2	4	8	4	2	2	29	1	6	1.307557	0.093825	3927914.336	0.757755	0.106544	344555
1	2	7	4	3	11	2	33	4	2	1.307653	0.08395	3183561.658	0.739825	0.087956	328809
2	1	4	4	2	9	5	12	2	9	0.938729	0.043275	1872232.093	0.786185	0.063218	309737
3	1	1	2	1	2	3	26	2	9	0.69998	0.0371	1548622.884	0.570969	0.044633	305850
3	2	5	8	5	16	4	25	6	4	1.121179	0.08195	4130646.953	0.835184	0.156769	367287
2	2	5	2	4	5	4	34	5	10	1.318819	0.095325	3887374.055	0.882869	0.133683	355148
3	2	7	6	3	9	6	23	3	10	0.687218	0.054975	2460692.008	0.591096	0.069959	330971
3	1	4	4	2	14	2	2	3	9	0.824121	0.0412	1830519.155	0.748923	0.064261	309712
3	1	5	8	1	2	5	1	6	1	0.709935	0.0401	1614690.167	0.536731	0.038489	301100
2	2	7	6	5	16	3	25	2	8	1.278519	0.077775	3866539.709	0.852944	0.141924	360152
2	2	3	4	4	7	4	29	5	8	1.324715	0.1065	4155733.218	0.858535	0.134845	357256
1	2	3	2	3	11	7	3	5	4	1.262642	0.078575	2888181.191	0.877072	0.104769	332764
2	1	5	2	2	2	3	32	2	1	0.920824	0.04065	1795638.906	0.673872	0.052272	304272
2	1	6	2	1	5	2	26	6	7	0.754066	0.045825	1745546.763	0.613004	0.043792	306687
3	2	7	8	5	11	1	25	1	4	0.920181	0.0684	3339827.778	0.746669	0.122812	350788
3	2	5	8	4	5	5	19	1	10	0.953096	0.075025	3637556.05	0.746982	0.110413	347642
3	2	3	6	3	7	7	28	6	8	0.987221	0.066825	2741210.756	0.807171	0.099992	332885
1	1	4	2	2	7	4	7	1	1	1.031871	0.051525	2141696.792	0.613657	0.050306	307288
3	1	5	4	1	14	6	6	3	5	0.655012	0.043	1670656.782	0.520062	0.037777	305753
3	2	7	6	5	16	2	5	4	8	1.182013	0.08075	3908304	0.830027	0.153675	357615
1	2	2	6	4	5	7	14	4	6	1.627003	0.100125	3970883	0.782192	0.115768	344929
3	2	3	4	3	11	1	33	2	4	1.042847	0.059575	2477466	0.764062	0.093958	331770
1	1	2	2	2	15	3	2	5	9	1.191478	0.056575	2129637	0.765071	0.065368	310892
1	1	1	8	1	11	2	21	1	9	0.805376	0.0538	1787677	0.581143	0.044983	305974
1	2	5	4	5	14	4	15	4	6	1.734935	0.10875	4700782	0.886284	0.157494	367092
3	2	5	6	4	14	1	34	3	2	1.144429	0.070525	3410805	0.670386	0.103222	341513
2	2	6	8	3	14	6	3	1	4	0.737942	0.052975	2217258	0.602553	0.071414	331368
1	1	2	2	2	16	5	12	3	5	1.222293	0.0595	2202181	0.757442	0.063694	310852
1	1	5	4	1	9	2	26	6	9	0.8157	0.060075	1894217	0.618822	0.04378	306037
3	2	5	4	5	11	1	25	6	2	1.129923	0.065325	3195818	0.667251	0.113074	346278
1	2	3	4	4	7	3	29	1	6	1.380132	0.09545	3912377	0.766387	0.110667	349733
2	2	3	8	3	9	2	23	3	8	1.214578	0.068475	2750420	0.867405	0.103941	334081
2	1	4	2	2	16	5	27	5	7	1.084505	0.0548	2193641	0.783778	0.066074	311670
2	1	5	8	1	15	5	21	5	1	0.766797	0.048	1805660	0.559173	0.041476	302435
1	2	3	8	4	14	1	19	4	6	1.381121	0.10575	4153067	0.804799	0.118391	346667
3	2	7	2	3	7	6	23	6	6	0.71711	0.0543	2391185	0.585205	0.068675	331015
2	1	6	4	2	14	6	22	6	7	0.744338	0.050725	1833008	0.56598	0.045872	309131
3	1	2	6	1	9	1	21	2	1	0.729536	0.03955	1509673	0.518964	0.040123	300667
2	2	6	6	5	14	2	5	5	10	1.28726	0.09975	3603883	0.88462	0.149459	355998
3	2	4	6	4	2	3	29	6	6	1.238552	0.074475	3725790	0.783403	0.118568	347010
3	2	7	4	3	14	2	8	6	2	1.120418	0.0581	2580872	0.69843	0.087998	328972
1	1	6	6	2	5	6	17	2	1	0.806319	0.059625	1978786	0.512422	0.041176	302518
2	1	2	2	1	7	6	31	5	7	0.726239	0.050275	1820628	0.532528	0.04051	306185
3	2	5	8	5	11	1	30	2	10	1.118747	0.07305	3461163	0.776071	0.129528	350859
3	2	4	8	4	14	6	4	4	4	0.683669	0.067425	3339039	0.599396	0.091227	344988
2	2	3	8	3	9	7	33	3	8	1.193758	0.074425	2835165	0.856379	0.101503	333244
3	1	5	6	2	5	2	32	1	7	0.873749	0.05705	2086621	0.664494	0.052534	309513
1	1	3	6	1	2	3	11	3	5	0.811638	0.064675	2061054	0.614489	0.043649	306372
3	2	5	4	5	11	3	5	3	8	1.171351	0.07785	3844532	0.827193	0.152939	358578
2	2	3	8	4	7	3	14	5	2	1.435319	0.108	3879336	0.720596	0.111312	345156
1	2	6	4	3	9	2	23	3	8	1.387566	0.0929	3138051	0.86389	0.103641	334081
1	1	5	2	2	5	4	12	1	3	1.08462	0.05915	2155601	0.718871	0.056509	311596
2	1	1	8	1	16	2	31	5	3	0.767152	0.052025	1869965	0.597033	0.048027	306746
2	2	5	2	5	16	2	15	1	2	1.198283	0.06405	3295120	0.66062	0.106942	351633
1	2	5	4	4	15	1	24	1	10	1.302291	0.087725	3438294	0.785942	0.111725	346400
3	2	6	2	3	9	6	8	5	2	0.716445	0.054775	2390749	0.518282	0.064245	326561
1	1	2	6	2	7	7	17	2	1	1.203981	0.059925	2072820	0.641572	0.05294	303777
2	1	7	6	1	7	6	21	3	1	0.726338	0.0402	1532110	0.484963	0.034809	300359
1	2	6	6	5	11	2	20	6	6	1.674926	0.10675	4280886	0.853271	0.141615	355148
1	2	4	2	4	7	5	19	4	4	1.707564	0.097525	4073310	0.880282	0.133344	349149
2	2	3	4	3	14	4	13	1	4	1.082672	0.061675	2670145	0.781948	0.09359	337622
1	1	6	8	2	15	2	2	4	1	1.174878	0.063175	2138142	0.683268	0.057397	305371
1	1	6	4	1	11	1	11	5	5	0.805079	0.0646	2039557	0.616378	0.045029	306130
1	2	5	4	5	14	1	5	2	8	1.322982	0.09915	3793866	0.812397	0.128817	352814
1	2	2	6	4	7	3	24	4	2	1.684597	0.097425	3998455	0.666046	0.102478	345045
3	2	6	2	3	7	1	28	4	8	1.04061	0.06405	2634643	0.757559	0.093156	332418
1	1	1	4	2	5	7	17	2	7	1.163372	0.0671	2194342	0.576294	0.048566	309034
2	1	1	4	1	14	2	11	4	7	0.76722	0.05485	1879842	0.578077	0.046039	307468
3	2	6	8	5	14	7	35	3	2	1.24997	0.07775	3724787	0.687525	0.121211	348978
3	2	4	2	4	15	3	24	2	6	1.271207	0.0676	3474304	0.798227	0.129319	352338
1	2	7	6	3	7	5	33	5	6	1.404938	0.097825	3454041	0.877392	0.104277	334212
2	1	6	8	2	9	4	17	6	7	1.0923	0.0709	2486221	0.772644	0.064407	313264
1	1	5	4	1	16	2	11	5	3	0.8154	0.065775	2091893	0.620757	0.045157	306746
2	2	6	6	5	14	7	10	4	10	1.392037	0.07285	3475185	0.885724	0.14575	353730
3	2	3	8	4	14	2	14	3	4	1.289415	0.077375	3657406	0.831481	0.134868	349330
1	2	3	4	3	9	5	28	3	6	1.416783	0.0896	3119129	0.861265	0.103828	334279
2	1	5	6	2	7	5	32	6	7	1.100348	0.060325	2202541	0.778126	0.061457	310579
2	1	4	8	1	2	2	26	5	5	0.767608	0.049975	1879014	0.614663	0.044113	306039
3	2	5	8	5	11	7	15	1	8	1.092957	0.08225	3781020	0.733644	0.122015	353415
3	2	5	6	4	15	2	29	4	4	1.299327	0.074575	3620497	0.846367	0.137021	349931
2	2	7	2	3	11	4	3	5	2	1.181322	0.0577	2695363	0.737962	0.092177	333061
1	1	4	4	2	7	6	12	4	7	0.800206	0.0655	2314489	0.569165	0.045931	308696
2	1	2	2	1	5	1	1	1	7	0.758334	0.040075	1521290	0.589237	0.042971	305809
2	2	5	4	5	16	7	35	2	10	1.378951	0.07155	3388777	0.858674	0.140193	354228
3	2	2	8	4	7	1	9	1	4	1.078885	0.0672	3093325	0.708176	0.107706	343953
1	2	3	4	3	14	1	28	6	6	1.278188	0.087125	2959002	0.795026	0.094027	332526
2	1	6	8	2	15	3	32	3	1	1.064392	0.056675	2090617	0.680692	0.057363	306059
1	1	1	6	1	9	3	1	2	9	0.80665	0.056325	1839718	0.589443	0.046212	306541
1	2	5	4	5	14	2	30	2	6	1.646081	0.099475	4010507	0.858888	0.140716	356053
2	2	3	6	4	2	1	29	6	10	1.218432	0.065025	3089132	0.807983	0.114589	341187
2	2	7	4	3	9	2	33	2	4	1.213515	0.0598	2554024	0.86013	0.099507	333009
2	1	5	8	2	16	7	12	4	9	1.063634	0.054225	2030899	0.783746	0.062909	309419
3	1	5	2	1	14	3	21	2	5	0.735829	0.04505	1713071	0.590937	0.043001	307200
2	2	6	4	5	14	5	25	6	4	1.409632	0.069025	3384400	0.879384	0.147076	357848
2	2	5	8	4	9	4	9	2	2	1.378428	0.0772	3719128	0.720389	0.109869	351945
3	2	3	2	3	14	3	18	5	6	1.156514	0.066875	2939458	0.820422	0.107027	335402
3	1	6	2	2	14	4	2	6	5	0.964305	0.048125	1972013	0.73737	0.064739	313082
2	1	6	4	1	15	6	6	1	9	0.725925	0.039425	1441128	0.536436	0.03896	305211
2	2	5	6	5	14	7	10	6	6	1.39728	0.072925	3453386	0.870452	0.141058	353952
1	2	2	4	4	5	5	14	5	2	1.667646	0.12375	4068862	0.66988	0.10197	343468
1	2	7	2	3	7	1	28	4	2	1.272211	0.081475	2887625	0.697743	0.080446	326786
1	1	4	4	2	9	2	7	1	3	1.087881	0.054375	2018280	0.72068	0.05668	309112
1	1	7	4	1	16	6	6	1	3	0.769835	0.0563	1808681	0.533307	0.037895	305276
3	2	2	2	4	7	5	24	4	6	1.262538	0.067475	3404346	0.753282	0.118309	349507
3	2	7	2	3	9	7	8	4	8	1.115595	0.065275	2730273	0.814139	0.099763	333359
1	1	5	6	2	15	5	22	2	9	1.195018	0.0624	2084437	0.785146	0.062802	310296
3	1	7	2	1	7	2	21	5	3	0.735383	0.04425	1748707	0.604237	0.044097	306244
1	2	6	4	5	16	2	35	3	10	1.685477	0.10195	4138358	0.884575	0.14877	356505
2	2	2	8	4	5	4	9	6	4	1.415615	0.078325	3722068	0.80205	0.122748	354901
3	2	7	4	3	9	6	23	1	8	0.716785	0.06	2503567	0.572913	0.067047	331731
1	1	4	8	2	2	2	22	1	9	1.087251	0.05605	2012675	0.72085	0.055139	307962
1	1	4	2	1	5	1	21	3	9	0.808579	0.050025	1777782	0.617745	0.04392	305051
2	2	5	4	5	14	4	15	1	8	1.200222	0.08255	4093262	0.773718	0.126239	367335
3	2	5	8	4	2	1	34	2	6	1.135156	0.073525	3430263	0.771877	0.112686	341534
1	2	6	8	3	11	2	28	1	6	1.249755	0.092125	3117482	0.766955	0.089021	333498
2	1	5	8	2	9	2	22	2	5	1.062035	0.0504	1889681	0.772419	0.060545	309584
1	1	1	8	1	5	1	6	4	1	0.805953	0.053275	1817795	0.510575	0.0401	300560
1	2	7	2	5	11	5	30	6	2	1.653371	0.0938	3981762	0.736341	0.122554	352207
1	2	4	6	4	5	3	9	4	4	1.690176	0.100775	4129245	0.880091	0.131241	348613
2	2	6	8	3	14	2	3	2	2	1.173761	0.05775	2401293	0.704751	0.086117	328917
3	1	5	6	2	5	2	32	2	9	0.980098	0.0507	1913556	0.735505	0.059632	308635
3	1	2	4	1	9	7	1	2	7	0.733955	0.04595	1725789	0.581065	0.044336	306583
2	2	6	4	5	11	3	35	2	10	1.408115	0.074375	3689849	0.862956	0.142784	357462
3	2	4	8	4	7	3	34	1	6	1.091739	0.08025	3844002	0.722313	0.109976	349733
1	2	3	4	3	7	1	3	6	10	1.279202	0.0793	2718716	0.806885	0.094016	331243
1	1	3	6	2	15	5	12	6	3	1.223208	0.06385	2206640	0.79566	0.065257	310396
3	1	5	2	1	11	2	6	6	3	0.735878	0.04265	1616556	0.600683	0.043574	306188
3	2	6	4	5	14	2	25	5	8	1.292692	0.10675	3935026	0.824961	0.149052	356993
3	2	5	6	4	2	5	24	6	6	1.225644	0.0704	3443323	0.800765	0.118603	346435
2	2	3	8	3	7	5	28	5	8	1.236047	0.0763	3001883	0.863985	0.10569	334805
2	1	5	4	2	7	7	17	5	1	1.066071	0.04875	1961649	0.682779	0.054722	304124
2	1	7	4	1	2	5	31	6	5	0.76771	0.0479	1742671	0.609654	0.042034	306108
1	2	3	2	4	14	1	34	4	6	1.384103	0.0955	3833931	0.804799	0.118391	346667
3	2	3	8	3	14	1	8	3	8	1.044177	0.0719	2799648	0.759558	0.094069	333184
2	1	6	8	2	9	6	7	3	9	0.744185	0.045925	1750574	0.577811	0.046636	307794
1	1	4	8	1	15	5	31	3	1	0.813712	0.064225	2108895	0.552607	0.041367	302208
1	2	6	4	5	11	5	30	1	6	1.39387	0.09825	3994538	0.771369	0.123245	357075
3	2	3	8	4	14	4	34	2	2	1.252703	0.0824	3986542	0.676278	0.112937	353282
3	2	7	6	3	9	3	8	1	10	0.999955	0.061575	2651136	0.749218	0.089239	333950
3	1	3	2	2	5	1	7	5	7	0.921291	0.05025	1980495	0.701305	0.057835	308912
2	1	7	6	1	2	5	1	1	7	0.755994	0.04925	1736432	0.593922	0.040424	306530
2	2	4	2	4	5	6	24	5	8	0.700837	0.091025	3340892	0.60314	0.08767	342933
1	2	7	2	3	9	4	23	1	4	1.247839	0.08305	3041013	0.78909	0.091019	337034
2	1	1	8	2	5	3	17	3	3	1.018959	0.055375	2059130	0.597207	0.051275	309601
1	1	6	8	1	14	3	31	5	7	0.809637	0.084625	2484888	0.613951	0.045898	308138
1	2	5	8	5	14	2	35	2	8	1.670479	0.114	4517051	0.858757	0.140459	356646
1	2	5	6	4	2	3	19	5	10	1.564925	0.13275	4420668	0.863131	0.12159	346900
1	2	7	2	3	7	5	8	4	2	1.388298	0.08235	3005938	0.736646	0.088449	329061
3	1	5	2	2	2	3	7	2	5	0.956711	0.0445	1843260	0.716279	0.056821	309280
2	1	4	2	1	2	3	21	6	9	0.767507	0.037725	1559597	0.616372	0.043766	305905
1	2	7	4	5	11	2	10	5	4	1.69924	0.127	4229890	0.889244	0.148258	355081
2	2	4	4	4	15	4	29	4	6	1.461954	0.076975	3905925	0.850621	0.137597	359042
1	2	3	8	3	7	1	3	4	8	1.278072	0.094375	3151106	0.800278	0.093869	332418
3	1	6	4	2	14	4	27	1	1	0.876534	0.04855	1948663	0.593564	0.051315	307903
2	1	4	4	1	2	5	1	6	7	0.767171	0.0465	1748998	0.606993	0.042871	306700
3	2	6	6	5	14	2	5	5	8	1.168922	0.10875	3938692	0.817425	0.148226	356993
3	2	2	2	4	14	3	19	4	10	1.300858	0.0715	3696636	0.767449	0.122677	351686
1	2	7	8	3	14	1	13	3	10	1.26683	0.090725	3158999	0.813562	0.09363	332189
1	1	5	2	2	2	3	17	3	1	1.171198	0.0594	2141697	0.67749	0.052788	304392
2	1	7	8	1	11	1	31	6	7	0.76435	0.05535	1958752	0.608458	0.042636	306430
2	2	7	6	5	11	5	15	1	10	1.203226	0.072525	3604648	0.793424	0.124954	356673
3	2	5	2	4	2	6	9	5	4	0.679801	0.08755	3218346	0.59632	0.085878	340202
3	2	6	6	3	9	1	8	4	8	1.040496	0.068225	2741435	0.753938	0.093032	332712
3	1	2	8	2	14	6	12	2	1	0.702645	0.04585	1779442	0.495164	0.042961	303476
3	1	7	6	1	16	6	16	2	3	0.69729	0.05025	1738802	0.526812	0.038264	305391
2	2	6	8	5	16	5	15	3	6	1.462462	0.082625	3929523	0.857726	0.14665	359005
1	2	3	8	4	14	5	14	1	10	1.380132	0.100475	3984987	0.788875	0.114875	350760
3	2	7	4	3	11	7	13	2	6	1.110362	0.062125	2659096	0.80357	0.097937	332775
2	1	1	6	2	16	3	7	5	1	1.008291	0.04975	2014082	0.519586	0.047029	306319
1	1	2	4	1	15	2	11	2	5	0.812527	0.059925	1955630	0.606763	0.04593	306736
3	2	2	6	4	2	4	24	5	10	1.222622	0.10275	3925194	0.758022	0.118547	353368
1	2	7	4	3	9	3	23	6	10	1.394899	0.085725	3053716	0.88252	0.102912	334121
2	1	2	2	2	9	1	17	2	3	0.999893	0.041575	1699619	0.731371	0.059401	308164
2	1	6	4	1	15	6	6	4	7	0.726188	0.052425	1805413	0.533295	0.039464	306555
3	2	6	6	5	11	1	30	5	4	1.116612	0.10205	3659194	0.778747	0.132318	351250
3	2	2	2	4	14	3	29	1	2	1.080198	0.064	3310399	0.596192	0.094598	346699
3	2	6	8	3	7	7	23	1	4	1.004006	0.05955	2400519	0.746597	0.090023	331764
1	1	1	6	2	14	6	12	5	3	0.799281	0.060275	2120045	0.560984	0.049394	308473
2	1	5	6	1	7	7	16	6	7	0.768145	0.059675	1915178	0.608601	0.042514	306510
3	2	6	8	5	16	3	5	2	2	1.168218	0.07535	3684361	0.678566	0.123225	354520
3	2	2	6	4	2	3	14	2	10	1.203359	0.072075	3562142	0.756112	0.114627	346553
1	2	6	4	3	9	5	18	6	8	1.400581	0.09685	3352348	0.852447	0.101411	334807
1	1	2	4	2	15	6	12	4	3	0.803107	0.05765	2042301	0.580515	0.049387	308513
1	1	2	8	1	15	4	31	3	7	0.813328	0.08215	2490218	0.607784	0.047586	309439
3	2	6	8	5	11	3	25	2	8	1.263605	0.08455	3999047	0.79322	0.14115	358457
2	2	5	6	4	5	4	14	2	2	1.373494	0.07395	3719344	0.720066	0.108363	350165
1	2	6	4	3	14	4	3	4	10	1.361014	0.08835	3217153	0.879458	0.110678	337929
2	1	2	2	2	5	1	32	1	3	0.954926	0.03895	1583352	0.70244	0.05579	307501
2	1	6	2	1	9	6	16	4	7	0.726188	0.05145	1807307	0.533295	0.03897	306203
2	2	5	4	5	16	1	30	2	2	1.184281	0.066225	3173495	0.691751	0.111806	347916
1	2	4	6	4	5	6	29	3	8	0.752214	0.0995	3925882	0.599102	0.08651	342707
3	2	7	8	3	7	5	18	1	6	0.999955	0.07055	2895390	0.741131	0.087743	333750
3	1	3	2	2	9	3	17	3	3	0.995721	0.047025	1998892	0.746273	0.063817	310150
1	1	2	4	1	16	1	1	2	3	0.80589	0.051725	1740493	0.612122	0.046109	305692
2	2	5	4	5	14	4	20	4	6	1.468425	0.0832	4259738	0.884899	0.156437	367092
3	2	4	2	4	9	7	4	4	8	1.220908	0.070325	3432837	0.807762	0.126752	347302
2	2	6	8	3	9	4	13	6	6	1.237803	0.074025	2964118	0.855224	0.103992	337563
1	1	4	2	2	15	1	27	1	9	1.074223	0.052375	1914605	0.720668	0.057067	308565
1	1	6	2	1	16	1	6	1	3	0.802616	0.054575	1718549	0.609456	0.043738	305577
1	2	7	6	5	11	1	10	3	10	1.352851	0.0967	3862438	0.823396	0.130166	350979
1	2	5	4	4	7	5	29	6	4	1.679688	0.095825	3895967	0.877944	0.128429	348969
1	2	3	4	3	9	2	23	3	8	1.39312	0.0936	3134142	0.866719	0.103168	334081
3	1	3	8	2	16	6	27	2	3	0.702345	0.046975	1826430	0.558107	0.046471	308311
1	1	3	4	1	15	4	21	3	1	0.81463	0.058425	2007365	0.551807	0.042202	303839
1	2	5	6	4	7	1	19	4	10	1.385622	0.099975	3974407	0.820304	0.116865	344260
1	2	7	6	3	11	2	3	2	10	1.365017	0.084775	2954148	0.860074	0.09975	333210
1	1	3	6	2	2	4	12	2	3	1.167369	0.063725	2277672	0.768676	0.061567	311153
2	1	3	8	1	5	5	6	6	3	0.768548	0.044475	1654937	0.622892	0.044709	306099
3	2	7	4	5	16	3	30	5	8	1.331208	0.11225	4334068	0.831153	0.157335	360499
1	2	2	8	4	15	2	4	3	8	1.605178	0.1055	4146430	0.778231	0.11892	350767
3	2	3	2	3	9	4	18	2	4	1.141943	0.061875	2774533	0.812707	0.105152	337149
3	1	2	8	2	16	3	7	5	3	0.990657	0.055975	2211215	0.729002	0.064558	310970
1	1	6	6	1	16	4	16	6	7	0.809468	0.08235	2459189	0.607161	0.045708	309395
1	2	5	8	4	9	1	4	5	4	1.336415	0.1205	3929179.429	0.820414	0.117853	345083
1	2	3	6	3	9	2	3	3	6	1.295086	0.0826	3009953.268	0.86699	0.103218	333488
1	1	1	2	2	15	7	32	2	9	1.042922	0.052625	1951422.981	0.588077	0.050908	309149
3	1	5	2	1	5	1	31	2	3	0.703101	0.040075	1554498.385	0.592657	0.041715	304975
3	2	6	6	5	11	5	20	3	2	1.125579	0.076525	3906486.31	0.690509	0.125851	352272
2	2	5	8	4	14	4	14	1	4	1.081005	0.078575	3853557.179	0.791728	0.116259	357848
2	2	6	6	3	11	6	13	1	10	0.718012	0.053325	2316312.451	0.603958	0.071132	330981
2	1	1	6	2	5	2	2	5	3	0.90798	0.04275	1813630.016	0.598069	0.051587	309025
1	1	6	8	1	9	1	1	2	7	0.808812	0.0582	2027187.665	0.602578	0.042971	306267
3	2	7	2	5	16	2	20	3	6	1.131957	0.072	3829316.834	0.829803	0.152472	356907
3	2	3	8	4	5	6	29	6	2	0.659568	0.06485	3206458.769	0.517972	0.077647	337010
2	2	3	6	3	14	1	8	4	10	0.911012	0.057175	2451150.9	0.809884	0.096353	332304
1	1	5	2	2	5	7	27	1	1	1.029363	0.0511	1844534.055	0.626133	0.048113	303320
3	1	5	2	1	16	2	6	1	3	0.677737	0.03925	1581878.614	0.591404	0.042611	306284
1	2	6	8	5	16	3	30	3	4	1.584669	0.1055	4422847.049	0.879566	0.149685	359321
2	2	5	4	4	2	1	24	1	2	1.036099	0.055375	2812169.998	0.663266	0.09216	336380
2	2	6	4	3	7	5	18	2	6	0.911422	0.060375	2643671.02	0.839008	0.099831	333865
1	1	5	6	2	15	6	17	1	7	0.787527	0.0664	2253356.994	0.561505	0.044405	309111
2	1	7	4	1	9	7	21	5	1	0.756817	0.0412	1673298.797	0.549903	0.039857	301330
3	2	3	8	4	5	5	19	6	2	1.113541	0.0747	3706238.349	0.683699	0.108936	343176
3	1	5	4	2	15	1	7	1	3	0.765441	0.041825	1676268.872	0.675868	0.054675	308609
1	1	5	6	1	15	4	21	6	5	0.81352	0.065875	2187624.643	0.613983	0.045064	308782
2	2	7	4	5	16	2	10	5	4	1.076444	0.09835	3724197.794	0.888624	0.15048	356775
3	2	3	4	4	14	3	34	1	8	0.950184	0.076525	3815196.385	0.726631	0.112186	352331
1	2	7	2	3	11	6	3	2	2	0.789535	0.07135	2656944.024	0.537068	0.062738	326459
1	1	2	8	2	16	2	32	5	7	1.133481	0.073475	2703194.293	0.757783	0.064194	311117
1	1	3	4	1	5	4	6	5	7	0.818682	0.0651	2352986.033	0.610089	0.045538	308970
1	2	5	2	5	16	5	30	6	2	1.550251	0.090275	3955264.999	0.738337	0.124353	353901
3	2	7	6	3	7	3	28	6	4	1.007543	0.063025	2798227.673	0.833825	0.102721	333871
2	1	6	8	2	2	1	32	5	7	0.920102	0.05625	2203160.266	0.736156	0.05773	308354
2	1	4	8	1	14	3	1	6	9	0.754822	0.0457	1742315.498	0.623709	0.0458	306854
3	2	4	6	4	5	7	4	3	10	1.091355	0.06435	3275629.367	0.831392	0.12799	344411
2	2	6	8	3	11	3	8	1	2	1.01057	0.06045	2539540.52	0.654051	0.077274	329559
2	1	4	2	2	14	2	2	6	5	0.948047	0.039725	1757619.692	0.776641	0.063431	310049
3	1	4	6	1	2	2	11	6	1	0.70832	0.04235	1667848.006	0.530735	0.038924	300739
3	2	5	8	5	16	2	10	3	8	1.129073	0.0824	4032359.933	0.825899	0.151746	357500
3	2	4	2	4	5	3	4	6	6	1.09625	0.06345	3432101.234	0.811343	0.127858	348791
3	2	3	8	3	11	2	28	3	6	1.005847	0.0659	2803518.826	0.817052	0.103259	333733
1	1	6	8	2	2	2	32	1	9	1.017703	0.062225	2096044.262	0.723417	0.055311	307962
2	1	3	6	1	14	3	26	3	9	0.755729	0.047325	1758519.793	0.619997	0.045629	306919
1	2	5	4	5	14	3	30	3	10	1.600936	0.097675	4225902.888	0.881962	0.149571	358543
1	2	4	4	4	2	5	14	3	4	1.50207	0.0908	3973427.026	0.856971	0.12233	346141
3	2	3	8	3	14	5	8	5	2	1.003239	0.065025	2825802.354	0.686752	0.090471	330054
1	1	2	4	2	2	7	17	4	7	1.103044	0.063025	2335690.455	0.745943	0.059545	308712
2	1	1	6	1	15	1	26	6	3	0.745807	0.04165	1551192.359	0.588571	0.046265	305726
2	2	7	4	5	16	7	20	3	4	1.264874	0.0718	3601536.016	0.877858	0.143429	354393
1	2	2	4	4	7	2	19	4	8	1.580362	0.1022	4294471.369	0.778966	0.117347	348391
3	2	6	2	3	14	2	33	1	6	0.896143	0.05695	2527093.774	0.733942	0.090108	333841
3	1	2	2	2	9	4	27	6	9	0.84252	0.043525	1996328.653	0.72443	0.063657	312271
3	1	3	4	1	5	7	16	6	3	0.710696	0.04295	1659881.117	0.598397	0.043597	305347
2	2	5	6	5	16	4	25	5	2	1.304134	0.10575	4098602.398	0.736274	0.132775	362898
3	2	5	2	4	5	3	9	5	10	1.133414	0.092725	3652383.573	0.842461	0.13405	348680
2	2	7	8	3	14	5	3	1	4	0.966715	0.0578	2508377.373	0.785264	0.089679	334273
3	1	1	6	2	9	2	22	4	1	0.810085	0.04315	1836084.146	0.501929	0.045068	304812
3	1	5	4	1	15	6	11	6	3	0.657008	0.043025	1624885.782	0.528895	0.038513	305425
3	2	6	2	5	16	1	30	4	4	1.025542	0.066275	3374571.273	0.778514	0.133309	352832
3	2	4	4	4	7	1	34	1	4	0.920801	0.06465	3224434.914	0.749277	0.111889	343953
3	2	6	2	3	7	4	28	1	2	0.900972	0.0547	2579143.739	0.622826	0.078475	332060
3	1	6	2	2	2	6	22	5	1	0.681604	0.038	1657192.311	0.500742	0.041184	302308
3	1	1	2	1	9	4	26	6	7	0.702369	0.047975	1958999.56	0.55726	0.045502	309022
1	2	3	6	4	5	5	9	2	2	1.546227	0.090375	3805276.925	0.706296	0.104708	343121
1	2	7	8	3	9	4	23	4	2	1.315694	0.090825	3387900.712	0.735942	0.090565	332704
3	1	1	4	2	14	2	2	5	1	0.808276	0.04125	1822830.409	0.501558	0.045664	305332
1	1	7	2	1	15	3	26	4	7	0.81508	0.0661	2278055.947	0.61068	0.044469	308122
2	2	6	4	5	11	1	20	6	10	1.131431	0.069025	3409092.779	0.812277	0.130325	350914
1	2	5	8	4	7	4	14	1	6	1.302996	0.10375	4423626.546	0.778454	0.112808	356201
2	2	6	6	3	14	2	28	3	8	1.119461	0.067825	2812788.567	0.858595	0.103467	334669
3	1	5	8	2	9	3	7	1	9	0.768161	0.05035	1953869.01	0.682799	0.05508	309870
3	1	6	6	1	15	1	1	2	1	0.702067	0.039575	1520323.094	0.527341	0.039692	301019
2	2	3	6	3	7	2	18	6	4	1.118288	0.0623	2624071.993	0.873685	0.103281	332771
3	1	4	4	2	7	4	7	3	7	0.835393	0.053625	2317713.96	0.728666	0.063403	313123
3	1	4	8	1	14	1	16	5	7	0.705189	0.05465	2176624.969	0.587971	0.044152	306871
1	2	3	2	4	2	1	14	6	8	1.346015	0.090625	3739972.225	0.795041	0.112644	342183
1	2	5	6	5	14	3	10	5	8	1.642768	0.1365	4763145.412	0.886892	0.152176	359765
3	2	4	6	4	9	4	4	4	8	1.109584	0.081875	4170444.352	0.810665	0.13639	357812
1	2	6	4	3	14	3	23	4	4	1.309842	0.083225	3111228.119	0.881359	0.108347	334933
2	1	6	2	1	11	3	21	4	9	0.755751	0.040775	1660933.296	0.621833	0.045794	306884
3	2	6	2	5	11	4	10	4	2	1.128114	0.0693	3870861.321	0.689781	0.130853	361093
3	2	3	4	4	5	6	9	4	4	0.659305	0.061925	3162227.979	0.597105	0.088912	341871
3	2	6	8	3	14	3	18	4	8	1.016836	0.079225	3284197.655	0.813147	0.105573	335884
1	1	3	6	2	7	4	2	2	9	1.124657	0.058175	2210176.495	0.785127	0.064534	312010
3	1	5	6	1	16	6	11	2	3	0.657008	0.0452	1644291.418	0.526812	0.038264	305391
2	2	6	4	5	14	7	30	5	10	1.285356	0.0964	3582156.757	0.884645	0.145672	353842
3	2	4	8	4	5	4	4	6	10	1.107888	0.0752	3811133.826	0.8303	0.133995	354857
2	2	3	6	3	14	7	3	1	8	1.006599	0.05975	2468862.368	0.770703	0.089741	333596
3	1	2	4	2	7	4	22	3	3	0.841176	0.04545	2012695.754	0.728743	0.064012	312174
2	1	3	2	1	14	2	26	1	7	0.722049	0.04345	1701334.698	0.597167	0.042898	307117
1	2	5	4	5	11	4	30	3	2	1.556708	0.09715	4373031.133	0.733068	0.127829	360978
3	2	3	6	4	2	4	4	1	2	0.947901	0.0663	3463966.043	0.626	0.09662	348269
3	2	7	8	3	14	6	3	4	6	0.686652	0.05915	2664097.695	0.585639	0.069987	332077
2	1	3	6	2	16	3	27	1	5	0.8552	0.04805	1982117.395	0.708026	0.056839	310866
3	1	5	2	1	16	4	6	1	9	0.677737	0.041975	1754473.162	0.591404	0.043758	308232
3	2	6	6	5	16	1	15	5	6	1.027739	0.10375	3844010.468	0.765234	0.131626	353302
3	2	7	8	3	14	4	3	3	8	0.984948	0.074225	3215060.317	0.820325	0.105602	338809
3	1	1	8	2	2	4	12	1	3	0.759161	0.052025	2033567.956	0.568107	0.04931	311038
2	2	5	4	5	14	7	5	4	4	1.212958	0.06515	3319295.603	0.880637	0.143683	353774
1	2	4	6	4	2	7	19	6	4	1.491954	0.0945	3921850.778	0.85114	0.120513	342610
3	1	1	4	2	5	6	27	6	7	0.681912	0.045425	1847505.197	0.527631	0.045592	308174
2	2	6	8	5	11	3	30	1	2	1.089172	0.07355	3664632.919	0.652198	0.105971	352711
2	2	3	2	4	9	7	9	3	10	1.265684	0.060475	3079720.143	0.877077	0.128977	346191
2	2	7	4	3	7	1	23	6	2	1.037984	0.050375	2268119.057	0.687781	0.079176	326606
2	2	6	8	5	14	3	5	5	8	1.211702	0.11225	4189964.987	0.852491	0.148822	359765
1	2	4	2	4	9	7	4	3	6	1.464994	0.087075	3644076.279	0.852973	0.125609	346593
1	2	3	2	3	7	2	3	4	6	1.284657	0.0788	2913718.147	0.867944	0.1032	333310
1	1	6	8	2	9	1	27	3	1	1.078872	0.060425	2072001.754	0.649747	0.052358	303634
3	1	5	2	1	14	4	31	5	1	0.710973	0.047825	1971120.378	0.548998	0.042335	303971
1	2	6	8	5	16	1	15	4	10	1.329208	0.099175	4135614.282	0.818911	0.133202	352788
1	2	5	8	4	9	3	29	1	8	1.309784	0.104	4333171.644	0.775635	0.110358	350994
3	2	6	2	3	9	6	18	3	8	0.688719	0.062625	2664879.971	0.582838	0.070821	331967
2	1	1	6	2	15	5	12	5	3	0.915909	0.04995	2049069.22	0.60015	0.053227	310687
3	1	7	4	1	7	5	26	5	9	0.710423	0.0463	1864194.764	0.604182	0.044237	306561
1	2	6	6	5	16	3	15	5	6	1.656017	0.1345	4663701.842	0.862356	0.150288	359906
3	2	3	8	4	2	3	24	4	6	1.104642	0.075275	3770672.841	0.78752	0.119777	347191
2	2	3	8	3	7	5	28	2	4	1.103479	0.0616	2570075.976	0.856816	0.102181	333506
3	1	2	2	2	16	4	27	6	1	0.83315	0.043475	2006725.9	0.623164	0.056328	308258
3	1	6	2	1	11	6	11	5	7	0.659615	0.0489	1880762.28	0.52209	0.039232	306421
2	2	4	4	4	7	4	29	3	2	1.286696	0.06935	3713006.818	0.721958	0.112406	351397
3	2	3	2	3	14	3	13	2	6	0.989554	0.05895	2678482.134	0.796957	0.10196	335055
1	1	6	6	2	9	3	17	5	1	1.133032	0.0686	2444638.047	0.68342	0.057615	305725
1	1	2	2	1	11	5	1	3	3	0.810682	0.049525	1804834.426	0.624242	0.047434	306614
3	2	6	6	5	14	1	5	2	6	1.000767	0.067225	3275044.921	0.760484	0.128919	352221
2	2	5	6	4	5	2	19	3	2	1.293162	0.070375	3530945.342	0.725373	0.109067	341532
3	1	1	2	2	5	5	2	6	9	0.806443	0.03665	1646569.068	0.57411	0.049924	309244
1	1	3	2	1	5	1	31	3	3	0.809929	0.050825	1805945.822	0.616686	0.043823	305095
1	2	6	4	5	14	1	5	4	8	1.27958	0.096325	3947034.666	0.802383	0.130097	353050
3	2	2	4	4	9	2	9	2	8	1.10165	0.07255	3521126.05	0.73271	0.114109	348824
3	2	7	6	3	7	2	13	2	2	1.000838	0.0595	2653745.262	0.690144	0.085736	328035
2	1	1	4	2	15	6	27	2	5	0.740082	0.0409	1674944.031	0.53887	0.046899	308635
1	1	3	6	1	15	1	21	6	5	0.808811	0.054875	1899895.921	0.611756	0.044323	306083
3	2	5	4	5	11	1	35	5	4	1.033485	0.099575	3708575.399	0.786691	0.132423	351250
3	2	3	6	4	9	1	4	6	10	1.020045	0.063375	3119003.487	0.770127	0.117616	344748
1	2	7	8	3	9	1	13	6	10	1.219758	0.0852	3086012.705	0.813119	0.092619	331536
3	1	2	8	2	16	2	32	3	1	0.83983	0.051075	2064096.838	0.624883	0.05504	305290
1	1	7	4	1	9	3	26	2	3	0.809665	0.059025	2004394.796	0.616086	0.043628	306585
1	2	7	6	5	16	1	35	1	6	1.214422	0.095775	3974442.675	0.778121	0.122409	352840
2	2	5	6	4	5	7	24	1	8	1.081005	0.068075	3255257.473	0.777252	0.108208	345171
1	2	3	8	3	14	6	28	2	4	0.789464	0.08165	2925112.95	0.610719	0.072732	331483
3	1	1	2	2	7	6	22	4	7	0.681616	0.0437	1827243.747	0.531233	0.046584	308696
1	1	2	8	1	5	7	31	5	9	0.815918	0.057475	2057677.087	0.624877	0.046832	305594
2	2	7	2	5	16	7	10	5	4	1.264752	0.093375	3524395.198	0.881063	0.144946	354619
2	2	3	6	4	14	6	14	4	4	0.691396	0.065475	3303437.618	0.615349	0.091084	344988
2	2	6	6	3	11	1	28	5	8	1.046433	0.06625	2807881.865	0.800455	0.095101	333068
2	1	6	8	2	7	2	12	1	1	0.855264	0.046975	1823379.133	0.61948	0.049213	304255
1	1	7	4	1	15	7	31	5	3	0.815182	0.0623	2119966.357	0.621012	0.044865	306333
2	2	5	4	5	16	3	35	6	2	1.2897	0.072425	3785211.233	0.736707	0.124715	354575
1	2	7	8	3	7	6	18	6	2	0.788834	0.083725	3059439.369	0.538058	0.062493	325976
1	1	2	8	2	15	4	12	6	1	1.135388	0.067425	2430057.282	0.651648	0.056812	308224
2	1	4	4	1	16	1	11	4	7	0.750912	0.049825	1913229.773	0.608055	0.044559	306876
3	2	5	4	4	15	6	19	5	8	0.654285	0.10225	3814771.055	0.589336	0.08816	346536
2	2	7	8	3	14	5	28	1	8	1.00508	0.068475	2875981.054	0.776166	0.088658	335224
1	1	5	4	2	5	1	12	1	3	1.02104	0.05475	1908500.647	0.716132	0.054098	307501
3	1	1	2	1	14	3	6	5	9	0.7026	0.041875	1742970.866	0.577969	0.047382	307145
1	2	7	6	5	16	1	5	4	10	1.27818	0.0917	3871415.785	0.826762	0.132271	352788
2	2	3	4	4	7	5	34	1	4	1.092768	0.065525	3328400.76	0.789699	0.113471	348799
2	2	3	6	3	11	7	33	5	8	1.099766	0.06935	2915302.094	0.859262	0.103085	333715
3	1	2	4	2	14	3	12	3	9	0.845657	0.046575	1993466.94	0.729128	0.06348	310515
1	1	7	2	1	2	7	11	5	3	0.816389	0.055825	1969376.487	0.619727	0.043129	305290
3	2	3	8	4	5	4	24	4	8	1.134262	0.0847	4215869.402	0.804762	0.131308	356032
1	2	6	6	3	7	1	23	1	8	1.184915	0.0841	2947656.103	0.763334	0.087417	332068
2	1	2	6	2	14	1	27	6	1	0.91243	0.041975	1711855.353	0.629529	0.05235	303978
3	1	7	4	1	15	2	21	2	9	0.709165	0.042075	1668857.899	0.595877	0.043418	306334
3	2	6	2	5	11	3	25	3	10	1.127562	0.066325	3535508.662	0.834003	0.150841	357583
1	2	5	6	4	7	6	4	5	2	0.75005	0.113	3718955.23	0.542637	0.078693	338414
2	2	6	6	3	7	7	18	2	10	1.094272	0.059525	2502737.744	0.853701	0.100727	331835
3	1	4	6	2	9	4	7	4	9	0.835974	0.05165	2239912.872	0.754411	0.066737	312451
2	1	4	8	1	5	7	26	3	5	0.756423	0.042075	1759182.987	0.616509	0.04396	305769
2	2	6	6	5	11	2	15	3	10	1.301	0.072975	3629179.203	0.881811	0.146937	354811
2	2	2	6	4	14	3	9	1	10	1.081228	0.067675	3378216.934	0.749092	0.112882	351336
2	2	7	6	3	14	4	23	2	10	1.100541	0.06125	2741169.058	0.864334	0.103573	337693
3	1	2	2	2	15	5	17	1	9	0.765454	0.042025	1848269.522	0.670271	0.057008	310182
3	1	3	6	1	15	1	6	5	7	0.705895	0.051	1981738.513	0.587971	0.04433	306966
1	2	5	8	5	16	5	15	4	2	1.59945	0.12225	4438587.524	0.736643	0.12877	354081
1	2	5	6	4	14	4	4	4	2	1.493677	0.09595	4227770.304	0.740693	0.118257	353518
3	2	6	2	3	7	5	18	6	4	1.008276	0.0581	2630773.597	0.83443	0.104278	333562
2	1	6	8	2	15	6	32	3	7	0.737865	0.056375	2133819.088	0.566992	0.046269	309346
1	1	7	4	1	15	3	11	4	9	0.81295	0.06255	2145221.399	0.62006	0.045069	307129
3	2	2	8	4	2	3	29	3	8	1.092522	0.081425	3984867.086	0.738293	0.112117	347668
1	2	3	8	3	11	4	3	6	2	1.284012	0.0881	3217132.124	0.720651	0.089143	332769
2	1	5	6	2	7	2	12	4	3	0.955925	0.049	1985267.674	0.788417	0.062746	309257
1	1	4	8	1	5	5	6	2	3	0.810698	0.054825	1964386.81	0.614346	0.043902	306043
1	2	7	4	5	11	5	30	1	10	1.318721	0.09215	3994251.864	0.793274	0.124746	356673
2	2	4	2	4	14	4	24	2	2	1.258666	0.0632	3449793.46	0.706334	0.110091	353282
2	2	6	4	3	9	3	3	4	6	1.097769	0.058075	2589895.503	0.855335	0.104734	334703
3	1	4	6	2	2	7	27	4	9	0.814711	0.0446	1907959.554	0.737373	0.059887	307720
2	1	6	4	1	15	1	16	2	7	0.749014	0.0502	1810505.059	0.603056	0.043571	306619
1	2	7	4	5	16	7	25	1	4	1.316811	0.088425	3682982.794	0.793274	0.125096	354157
3	2	4	6	4	14	3	29	2	6	1.095896	0.073925	3773099.42	0.800738	0.129228	351853
3	2	7	4	3	11	7	23	2	6	0.981115	0.056275	2543445.995	0.80357	0.097937	332775
2	1	6	6	2	9	4	7	1	3	0.85385	0.049125	1980067.507	0.72323	0.058647	312145
1	1	1	8	1	15	5	1	5	9	0.814886	0.055725	2016294.343	0.602712	0.048483	307042
2	2	5	4	4	7	3	34	1	6	1.081005	0.06835	3544026.241	0.777851	0.11017	349733
2	2	6	8	3	14	1	3	4	10	1.037334	0.056525	2444020.848	0.809884	0.096353	332304
1	1	3	6	2	14	2	32	4	1	1.124484	0.060475	2254094.317	0.681644	0.056881	305221
3	1	6	6	1	7	2	1	1	5	0.681615	0.0426	1622318.71	0.581447	0.04221	306140
2	2	5	4	5	16	5	10	1	8	1.09511	0.073175	3596395.641	0.777573	0.124223	359362
2	2	4	4	4	7	1	34	5	2	1.161697	0.093475	3460107.926	0.678578	0.100187	339734
2	2	3	8	3	9	6	18	2	10	0.729592	0.058325	2474050.341	0.60866	0.071981	330851
1	1	5	2	2	7	6	22	5	3	0.814315	0.0536	1976857.463	0.57967	0.046063	307859
1	1	5	6	1	11	3	1	2	3	0.813364	0.05905	1918011.571	0.616086	0.043788	306692
3	2	7	8	5	14	7	35	4	6	1.123096	0.081125	4027682.293	0.822134	0.144369	354133
2	2	5	2	4	2	1	4	4	10	1.143666	0.0574	2967994.733	0.820312	0.114569	341368
1	2	3	2	3	11	2	18	4	6	1.301357	0.085	3188103.901	0.867718	0.104079	333848
3	1	5	8	2	15	1	22	3	3	0.81299	0.046875	1851679.55	0.701746	0.057785	308844
2	1	3	4	1	9	4	6	4	3	0.755648	0.045275	1853321.235	0.621942	0.046626	308253
3	2	5	6	5	14	5	5	1	6	0.950854	0.069725	3468911.063	0.74103	0.124883	358036
2	2	3	2	4	15	6	29	2	8	0.68843	0.064425	3133416.028	0.596545	0.088018	346189
3	2	6	6	3	11	5	3	3	6	0.987727	0.061525	2656537.923	0.814522	0.103547	334524
1	1	4	4	2	9	4	17	1	3	1.013513	0.060725	2375998.633	0.723184	0.058536	312145
1	1	5	4	1	7	6	1	4	1	0.762039	0.051325	1764282.927	0.487264	0.035124	300474
2	2	7	4	5	16	4	10	5	4	1.312265	0.10325	4157151.93	0.891093	0.158892	367579
1	2	3	8	4	15	2	29	1	6	1.308867	0.095975	3967600.132	0.770618	0.112624	349938
1	2	7	8	3	7	6	23	2	2	0.790006	0.077125	2815479.692	0.537068	0.062285	325921
3	1	6	6	2	15	2	7	6	9	0.828135	0.047325	1895043.118	0.751689	0.064327	309798
1	1	7	2	1	5	5	6	2	7	0.814323	0.059075	2058388.454	0.605291	0.042109	306992
2	2	7	8	5	14	3	5	5	2	1.214481	0.10425	3953902.416	0.73763	0.128475	354133
2	2	4	8	4	5	7	4	3	8	1.251575	0.071975	3486007.568	0.848843	0.123408	345406
3	2	6	8	3	7	1	8	1	10	0.889707	0.056825	2389057.196	0.744809	0.089305	331072
2	1	5	8	2	9	4	12	3	1	0.941553	0.0565	2208204.794	0.685577	0.057167	307729
1	1	2	4	1	2	6	26	6	5	0.759851	0.050525	1789342.506	0.529254	0.038899	304740
3	2	5	4	5	16	5	25	4	6	1.127859	0.0733	3728217.012	0.832641	0.156912	359120
3	2	5	6	4	5	7	34	6	8	1.1085	0.076525	3694039.606	0.815535	0.124144	345341
3	2	3	2	3	11	3	3	4	6	0.991288	0.05795	2632057.621	0.819666	0.105753	334948
3	1	6	2	2	16	3	12	2	3	0.823095	0.045125	1927008.548	0.741493	0.063458	310623
3	1	6	6	1	11	7	11	5	9	0.71292	0.048925	1830510.254	0.598362	0.044888	306044
1	2	5	6	5	11	5	5	1	4	1.334728	0.095625	3866053	0.793274	0.124746	356717
3	2	5	6	4	15	5	34	6	2	1.269464	0.07395	3625401	0.701953	0.115116	346779
3	2	6	2	3	7	6	3	1	10	0.718081	0.0489	2109805	0.586126	0.070379	330442
1	1	4	6	2	5	6	27	6	9	0.801854	0.055175	2008898	0.5769	0.045844	307181
1	1	4	2	1	16	1	11	4	9	0.80835	0.0566	1953086	0.619233	0.045354	305883
2	2	5	2	5	16	1	30	2	2	1.184288	0.06275	3088036	0.691751	0.111806	347916
2	2	5	8	4	2	3	29	5	6	1.348486	0.10875	3963257	0.848613	0.120411	347302
1	2	7	8	3	14	3	18	4	10	1.414183	0.1017	3529388	0.885692	0.106088	334889
2	1	3	6	2	5	4	27	1	7	0.958093	0.057025	2161207	0.708325	0.056567	312545
2	1	5	8	1	16	1	26	2	7	0.764047	0.05285	1880163	0.605017	0.042708	306641
2	2	6	4	5	11	3	5	1	10	1.193798	0.06585	3327956	0.789913	0.126579	357347
2	2	5	2	4	5	6	4	5	6	0.70196	0.085975	3128126	0.608688	0.086569	342340
2	2	7	8	3	7	7	13	1	8	1.084592	0.070425	2732518	0.776494	0.086976	332715
3	1	1	8	2	15	5	7	5	5	0.931366	0.05515	2168029	0.564001	0.050959	311045
1	1	3	4	1	11	3	21	5	3	0.815264	0.059825	2030344	0.621968	0.046112	307039
2	2	7	8	5	14	7	20	2	10	1.38091	0.0793	3699982	0.860044	0.1397	353495
1	2	4	6	4	14	7	9	2	10	1.618659	0.0949	3708571	0.858123	0.127177	347408
3	2	7	8	3	7	6	33	2	8	0.71697	0.071175	2847988	0.580241	0.067965	331553
3	1	3	2	2	2	3	2	1	7	0.874085	0.045425	1837951	0.667766	0.053476	309757
1	1	6	8	1	11	5	1	3	5	0.811347	0.0619	2031562	0.614715	0.044969	306971
1	2	5	8	5	11	4	20	6	2	1.657761	0.114	4729860	0.738337	0.126197	360913
1	2	4	8	4	14	1	14	3	6	1.401275	0.10275	4021984	0.802967	0.117964	346552
3	2	7	8	3	7	4	8	4	2	1.136564	0.070825	3007037	0.700711	0.09102	332411
1	1	6	6	2	9	7	27	4	7	1.19281	0.0737	2373239	0.775152	0.062555	309818
2	1	3	2	1	14	4	16	5	1	0.768687	0.048625	1924364	0.557967	0.043045	303971
1	2	5	6	5	14	7	10	1	6	1.391091	0.09805	3850310	0.781661	0.122913	353782
2	2	5	8	4	15	6	19	4	10	0.70196	0.072375	3523294	0.613466	0.089297	345429
1	2	3	8	3	7	3	3	4	10	1.363175	0.091625	3147459	0.876493	0.106463	334007
2	1	2	2	2	14	2	2	1	7	0.958136	0.044375	1762441	0.695901	0.056837	310470
3	1	3	4	1	2	1	26	4	7	0.730925	0.05075	1816577	0.587757	0.042501	305812
1	2	6	6	5	16	1	25	2	4	1.35432	0.09465	3716115	0.808796	0.130904	352597
2	2	4	6	4	9	4	34	3	4	1.450617	0.08015	3934763	0.877251	0.13606	356746
1	2	6	8	3	14	6	13	4	10	0.786394	0.089475	3101260	0.612422	0.073492	331674
2	1	4	8	2	2	5	27	3	7	1.039632	0.058525	2179168	0.760654	0.059559	309744
2	1	1	8	1	15	3	1	4	5	0.766542	0.051475	1830987	0.58074	0.046622	307530
1	2	7	2	5	16	2	30	2	8	1.655841	0.102025	4129306	0.858831	0.141201	357380
3	2	2	2	4	5	7	19	1	6	1.08179	0.06575	3217907	0.695496	0.10536	344578
2	2	3	4	3	14	6	23	3	10	0.739359	0.05245	2253826	0.61137	0.073101	331559
3	1	5	8	2	7	7	2	4	5	0.956485	0.051125	1955424	0.733207	0.060011	309021
2	1	3	6	1	16	2	16	5	7	0.767941	0.062275	2116198	0.611914	0.045622	307695
1	2	5	2	5	11	3	20	3	8	1.699139	0.107	4492869	0.876153	0.148187	358578
3	2	2	4	4	14	1	29	1	10	1.078885	0.06435	3050917	0.712325	0.109721	345914
3	2	7	4	3	14	2	23	5	2	1.127575	0.0597	2693478	0.702084	0.089521	329264
3	1	6	6	2	15	5	27	2	9	0.969692	0.0509	1915767	0.741493	0.063258	310296
1	1	7	4	1	7	4	6	1	5	0.803855	0.0634	2110640	0.602912	0.042827	308131
3	2	6	8	5	11	1	10	6	6	1.127536	0.0748	3520361	0.762405	0.128704	351316
1	2	3	4	4	5	3	24	6	8	1.680703	0.101575	4065304	0.838782	0.124523	349384
1	2	6	4	3	11	6	8	4	4	0.786394	0.082625	2874954	0.612422	0.073166	331375
3	1	5	8	2	2	4	12	6	7	0.957151	0.06765	2418345	0.722239	0.058937	312158
2	1	6	8	1	2	6	6	6	9	0.72604	0.0396	1504986	0.54334	0.038477	304339
1	2	14	5	4	4	10	49	9	4	1.68867	0.0991	4033578	0.876489	0.128273	344785
3	2	12	7	3	1	9	48	10	4	0.962893	0.063675	2671494	0.757713	0.088444	329942
2	1	11	9	2	12	11	37	10	5	0.917316	0.053775	2131479	0.785183	0.065523	310610
1	1	13	7	1	8	8	46	10	1	0.800859	0.061025	2038375	0.548163	0.039454	300920
1	2	14	9	4	8	13	44	7	4	1.035613	0.09	3475066	0.73551	0.104516	343664
3	2	12	5	3	3	13	53	8	2	0.939764	0.05785	2482217	0.634741	0.074537	325207
1	1	11	7	2	3	12	42	9	1	1.140633	0.0627	2350683	0.677604	0.055885	306976
1	1	14	9	1	10	13	36	7	7	0.749388	0.058425	2001115	0.575745	0.040648	305976
3	2	11	3	5	1	9	45	8	6	0.955769	0.06445	3236420	0.743201	0.120933	345486
2	2	12	5	4	3	13	59	7	10	0.98044	0.06615	3108694	0.737027	0.100458	340467
2	2	11	1	3	1	8	58	9	2	1.086703	0.053675	2415653	0.673323	0.078266	325261
1	1	12	3	2	6	11	37	7	7	0.954635	0.05775	2129856	0.670964	0.051452	310162
3	1	12	5	1	10	10	36	10	9	0.729306	0.0435	1776695	0.602205	0.044076	306176
1	2	13	9	5	12	10	45	9	6	1.185027	0.1285	4330412	0.881145	0.146487	354566
3	2	14	9	4	6	9	44	9	10	1.034196	0.093375	3384625	0.760397	0.114089	343592
1	2	11	5	3	1	12	48	8	4	1.35301	0.09365	3370265	0.842608	0.100177	335848
2	1	12	9	2	1	9	57	10	5	0.936281	0.056925	2155384	0.724612	0.055577	307518
2	1	9	5	1	13	13	41	9	3	0.748328	0.03985	1516520	0.583818	0.04601	305635
3	2	11	3	5	12	11	55	8	8	1.316612	0.080575	4030276	0.806445	0.147256	357582
1	2	12	5	4	8	13	59	7	8	1.06568	0.102875	3933921	0.719428	0.100481	344616
1	2	12	9	3	1	13	53	9	10	1.113158	0.090825	3106869	0.772921	0.086691	329681
2	1	10	5	2	3	11	52	7	5	0.837592	0.0459	1807162	0.670518	0.052984	308806
1	1	10	3	1	3	12	56	9	1	0.806099	0.0615	2154535	0.541099	0.041827	303072
2	2	14	1	4	6	8	44	7	4	0.991156	0.054525	2699396	0.747584	0.105959	343444
3	2	12	7	3	1	10	43	9	2	1.030011	0.058575	2541073	0.681416	0.081856	326433
3	1	12	3	2	13	12	47	7	9	0.779462	0.0462	2029890	0.649767	0.054004	312583
3	1	9	7	1	6	8	51	7	3	0.679679	0.04005	1508233	0.547939	0.04255	304917
3	2	12	3	4	8	12	39	8	6	0.733142	0.305892	3782289.407	0.83406	0.139902	357397
2	2	12	5	3	1	10	58	8	2	1.071881	0.060475	2647529.118	0.714583	0.081671	326373
1	1	14	1	2	8	8	42	10	5	1.04016	0.051875	2058054.878	0.728883	0.058308	308725
2	1	11	9	1	17	9	56	10	9	0.741534	0.037925	1932656.96	0.611442	0.045214	305933
1	2	11	5	5	10	13	60	9	4	1.072113	0.1205	4170553.811	0.776221	0.123322	349913
3	2	12	7	4	8	13	59	8	6	0.942445	0.076475	3704246.657	0.732581	0.107833	344377
3	2	11	3	3	3	8	38	10	4	0.795366	0.052125	2406721.618	0.769454	0.092916	330274
2	1	12	5	2	17	8	47	8	1	0.890472	0.03325	1840063.164	0.649796	0.052282	304276
2	1	14	3	1	8	8	41	9	9	0.745479	0.027475	1549946.915	0.621348	0.044817	305416
1	2	11	5	5	10	8	55	8	10	1.260584	0.094325	3932046.46	0.812761	0.129443	350352
1	2	12	3	4	8	12	44	9	4	1.261944	0.069825	4225247.281	0.887675	0.138179	357099
2	2	11	1	3	1	12	53	10	8	1.06689	0.063625	3003835.866	0.816171	0.098014	336970
1	1	11	5	2	13	13	37	10	7	0.979737	0.059625	2301296.768	0.700896	0.056652	309603
1	1	9	5	1	3	9	41	10	5	0.795567	0.051175	1858418.268	0.578892	0.044512	305270
3	2	13	5	5	10	13	50	8	8	0.879462	0.07665	3733161.124	0.734695	0.119807	350805
1	2	14	7	4	3	8	54	10	6	1.313584	0.126	4128952.777	0.79969	0.113545	341843
2	2	11	1	3	1	11	43	10	10	1.049467	0.050375	2413907.226	0.840766	0.098571	332192
3	1	12	9	2	1	8	42	9	1	0.780846	0.04135	1801843.709	0.619032	0.049758	302476
2	1	13	3	1	6	11	46	7	1	0.683206	0.029175	1547225.936	0.518867	0.036553	301342
2	2	13	9	5	1	11	50	9	6	1.241622	0.10425	4087335.149	0.828052	0.13104	351365
3	2	14	7	4	3	11	49	7	2	0.865503	0.06895	3456277.029	0.598362	0.089716	340834
2	2	11	5	3	1	8	43	7	10	0.94199	0.047025	2092089.472	0.737296	0.083308	329483
1	1	10	7	2	13	11	57	7	7	0.939987	0.070975	2462132.733	0.666628	0.054471	310812
1	1	10	3	1	8	9	51	10	7	0.806241	0.059825	2126744.385	0.607118	0.045782	306467
1	2	13	1	5	10	13	55	9	2	1.076764	0.098425	3807096.568	0.669876	0.106096	345232
1	2	12	1	4	10	13	39	9	4	0.842495	0.081625	3488047.647	0.777306	0.110225	344524
3	2	12	3	3	1	9	43	7	2	0.824393	0.0459	2112826.269	0.604832	0.070479	324736
1	1	11	3	2	13	13	47	8	5	1.007048	0.0552	2132716.267	0.703017	0.056283	308841
1	1	11	9	1	17	10	41	8	7	0.817127	0.065575	2306657.576	0.610136	0.045028	307372
2	2	12	9	4	4	9	54	8	4	1.105182	0.071375	3442456.704	0.793092	0.11042	341981
1	2	12	3	3	1	8	58	10	6	1.197883	0.084625	3188693.928	0.803621	0.09052	330411
1	1	14	7	2	10	12	42	10	3	1.091496	0.064525	2520875.584	0.800461	0.06841	312846
2	1	9	7	1	13	8	46	9	7	0.740164	0.047975	1879389.959	0.575951	0.045303	306688
2	2	13	1	5	6	8	55	8	6	1.102195	0.063475	3321981.787	0.811691	0.12683	349383
3	2	14	3	4	10	12	54	8	4	1.144466	0.07265	3974222.383	0.834991	0.140184	357485
3	2	11	7	3	1	8	53	10	10	0.923176	0.061875	2695325.989	0.767955	0.092892	330009
2	1	10	7	2	13	13	37	9	5	0.835155	0.04235	1799303.55	0.695011	0.057401	308901
2	1	9	9	1	13	13	46	7	9	0.686195	0.0382	1490570.101	0.565758	0.043752	305177
1	2	11	5	5	12	13	60	8	6	1.073878	0.09845	4175739.13	0.760989	0.121153	350897
1	2	12	7	4	10	11	54	10	6	1.62916	0.13525	4530229.505	0.885282	0.133891	349997
3	2	12	5	3	3	13	48	10	10	0.876982	0.058725	2599033.628	0.739766	0.086209	330014
2	1	12	9	2	17	13	57	9	5	0.863294	0.0558	2218719.729	0.708824	0.056254	309188
3	1	11	5	1	17	10	41	8	5	0.710492	0.043825	1811425.738	0.595377	0.044969	306780
3	2	12	1	4	3	10	49	10	10	1.107019	0.091225	3526209.824	0.830832	0.124809	343962
3	2	12	9	3	1	12	53	7	4	0.83998	0.07045	2943210.805	0.708433	0.084188	335493
1	1	12	3	2	13	9	57	10	1	1.037389	0.05685	2245904.916	0.641496	0.05161	304082
1	1	11	5	1	17	13	46	7	9	0.739113	0.05195	1823857.408	0.586356	0.042044	305357
3	2	13	1	5	10	11	60	8	8	1.144105	0.076775	4091225.874	0.824059	0.152234	356896
3	2	12	7	4	10	11	59	10	8	1.159745	0.1195	4443881.022	0.839416	0.137512	350590
3	2	12	9	3	3	11	43	7	10	0.841797	0.05865	2512551.602	0.708454	0.082118	331888
1	1	10	1	2	3	10	52	8	3	1.118401	0.051	1989245.549	0.759707	0.060975	308065
1	1	12	7	1	12	9	36	9	3	0.795323	0.049675	1936131.995	0.612047	0.043509	305600
2	2	13	1	5	6	13	50	9	6	0.972871	0.0849	3358424.227	0.770116	0.119523	348900
2	2	14	5	4	6	12	54	9	6	1.320535	0.101225	4120053.237	0.85771	0.134325	356789
3	2	11	5	3	3	12	53	8	10	0.989597	0.0655	2969625.883	0.824422	0.102917	336025
2	1	11	9	2	17	12	52	8	9	0.949686	0.0606	2391366.736	0.793703	0.068458	313225
3	1	10	7	1	4	12	36	8	1	0.700375	0.045725	1826614.066	0.529208	0.042	303183
2	2	13	5	5	6	9	55	9	2	1.055582	0.09065	3451816.893	0.686863	0.10834	344133
2	2	12	3	4	10	10	54	9	2	1.310308	0.065675	3453759.924	0.729185	0.110969	342814
1	2	12	7	3	3	8	43	7	2	1.086211	0.0737	2648492.468	0.634771	0.070801	325069
3	1	11	9	2	3	8	42	10	5	0.777948	0.045475	1984467.798	0.698967	0.056765	307754
1	1	14	5	1	6	11	41	9	1	0.816931	0.0535	1968548.008	0.553868	0.040898	301756
2	2	12	1	3	3	11	48	9	6	1.077108	0.055175	2594086.211	0.851827	0.096889	332705
2	1	10	5	2	8	11	37	8	5	0.85622	0.0432	1883931.026	0.753946	0.062752	310132
1	1	9	7	1	6	12	36	10	7	0.800727	0.067075	2399811.701	0.582342	0.047079	309261
1	1	1	2	1	2	1	1	1	1	0.801607	0.0436	1506062	0.501048	0.038214	299862
1	1	2	4	2	5	2	7	2	1	1.171611	0.0534	1924272	0.64543	0.052964	304028
1	2	3	6	3	9	3	13	3	4	1.410927	0.092925	3211081	0.877674	0.105284	334230
1	2	4	8	4	15	4	19	4	6	1.751441	0.11875	4784272	0.857572	0.138251	359042
1	1	1	2	1	2	1	1	1	1	0.766129	0.02115	1504764.403	0.501223	0.038229	299862
1	1	2	4	2	5	2	7	2	1	1.100314	0.026675	1933210.356	0.648036	0.053047	304028
1	2	3	6	3	9	3	13	3	4	1.312794	0.045725	3205484.562	0.878692	0.105303	334230
1	2	4	8	4	15	4	19	4	6	1.634452	0.059175	4805888.807	0.85442	0.137912	359042
1	2	5	8	5	16	4	20	4	6	1.644618	0.07145	5069115.916	0.879452	0.15708	367826