11 15 0 2
1 15 9 1
8 16 4 0
10 12 6 1
10 23 2 0
11 16 5 2
7 10 1 0
11 5 6 1
5 21 7 1
6 10 1 1
0 17 9 1
1 27 6 0
4 13 9 1
10 12 8 0
10 6 5 2
3 12 8 2
7 15 4 0
4 24 2 2
4 25 4 2
0 8 7 1
6 3 8 0
3 1 5 0
6 19 7 2
8 4 5 2
9 12 6 1
5 24 6 2
4 23 9 0
6 1 2 2
2 0 6 2
0 7 6 2
1 6 1 2
4 8 2 0
8 29 1 2
5 16 1 1
0 24 5 0
10 13 7 1
4 8 4 2
8 5 8 1
0 12 1 2
4 25 5 2
1 9 6 1
10 6 7 2
1 13 3 1
3 21 6 1
8 26 0 0
1 27 4 1
4 16 6 1
7 24 0 2
3 10 2 1
4 21 0 1
2 26 0 1
8 21 1 2
3 21 2 2
9 15 6 1
9 20 5 2
5 11 8 2
11 8 4 0
10 16 8 0
4 18 6 2
5 4 9 0
2 5 7 2
4 21 8 1
10 13 6 0
10 17 7 1
2 15 2 1
7 6 1 0
7 28 3 0
0 13 3 0
0 22 2 1
0 25 9 1
5 6 5 1
1 22 4 2
10 14 1 2
8 11 5 1
10 25 4 2
6 7 7 1
11 23 8 2
10 20 0 0
8 1 3 2
9 19 3 0
11 6 6 0
2 12 0 1
10 25 0 1
10 19 8 1
10 29 8 0
4 29 6 1
0 5 7 1
3 27 3 0
1 16 9 2
9 0 9 2
8 22 1 2
9 22 2 1
11 26 6 2
8 29 1 1
5 26 0 2
4 5 0 2
3 5 3 0
8 12 3 2
3 5 1 1
10 1 5 1
1 18 9 1
0 16 6 2
1 5 9 1
0 8 9 0
9 26 0 1
4 9 0 0
9 20 8 1
7 29 7 0
5 13 4 2
0 7 8 1
0 8 3 0
6 0 2 0
1 16 0 0
4 27 4 2
4 10 6 0
2 25 7 0
5 0 7 1
7 23 8 2
2 9 6 0
0 12 0 2
2 12 8 0
1 29 7 0
2 23 6 1
2 10 6 1
10 2 5 2
9 6 9 0
10 23 1 0
4 10 8 0
11 18 9 2
6 15 8 2
0 1 8 0
8 20 0 2
8 9 9 1
1 25 3 1
1 11 3 1
11 12 1 2
5 22 4 1
4 0 2 0
5 17 7 0
5 7 2 1
8 22 5 0
8 26 0 1
4 9 3 2
3 16 8 2
9 8 4 1
2 22 3 1
5 6 4 1
7 13 3 0
6 24 1 2
11 27 6 1
4 7 8 0
9 19 2 2
4 3 8 1
0 16 6 1
8 11 0 1
10 27 0 2
6 29 5 2
5 15 0 0
5 10 1 0
8 26 3 1
11 11 1 0
6 6 2 2
6 13 0 0
5 14 0 1
7 10 3 1
8 4 1 2
10 20 0 2
2 27 4 0
10 18 8 2
7 19 2 1
2 1 4 0
10 25 4 0
6 19 3 1
11 25 2 2
5 1 0 2
11 15 7 2
9 4 1 2
0 27 0 0
4 26 6 2
9 27 2 1
0 15 7 2
3 2 3 1
6 13 1 2
8 3 7 0
7 14 3 0
1 7 7 2
11 9 3 2
0 7 7 1
7 0 9 1
10 18 3 2
4 4 3 2
6 28 3 1
8 28 4 0
6 27 7 0
5 18 1 2
4 25 8 2
2 17 6 1
3 19 5 2
2 14 6 0
2 22 0 2
2 7 5 1
10 11 6 0
6 3 9 1
4 19 2 1
6 0 7 1
2 19 3 0
1 6 4 2
2 17 5 0
10 21 4 2
10 3 3 1
4 5 7 1
11 29 1 0
4 16 0 2
1 28 9 2
5 18 0 1
4 18 7 2
5 20 0 2
8 22 2 2
1 2 9 2
7 19 1 1
1 7 9 1
3 22 3 0
8 24 6 2
1 25 1 0
1 7 8 2
7 2 3 2
10 9 6 0
4 8 8 2
3 8 1 0
5 5 0 1
0 11 0 2
9 9 7 1
10 16 6 2
4 23 3 2
3 28 7 1
0 4 6 1
1 13 7 2
3 15 4 0
5 28 8 1
10 28 6 1
3 29 3 1
5 10 9 0
0 27 0 2
6 18 2 1
3 3 0 2
0 6 4 1
6 17 6 2
11 10 6 1
4 24 1 1
9 13 7 1
3 19 7 2
3 9 4 0
8 5 3 2
2 12 2 1
7 28 4 1
11 1 2 2
2 25 5 0
4 14 8 2
5 25 0 2
4 15 5 0
1 29 2 0
9 27 8 1
5 28 1 2
7 2 2 2
9 9 1 1
8 7 2 1
7 19 2 0
9 6 5 0
7 27 7 1
1 8 1 2
8 12 3 0
8 25 2 2
4 17 9 2
2 20 7 2
4 14 0 1
7 17 3 1
9 4 6 1
11 7 9 1
10 25 1 0
7 3 3 1
6 12 7 1
6 0 5 0
5 2 4 1
7 15 0 0
2 23 5 2
3 9 2 2
3 10 9 1
8 21 0 2
11 2 2 2
6 0 7 0
2 8 3 1
9 0 7 2
11 6 8 1
1 10 8 1
4 14 8 0
1 7 3 1
3 22 1 2
6 3 1 0
0 22 4 0
11 3 0 0
2 13 4 0
8 11 5 0
4 25 1 0
11 15 6 0
10 10 1 0
1 28 6 1
10 16 0 0
4 29 7 1
0 16 9 1
10 24 5 1
6 24 6 2
9 8 8 2
10 23 8 2
10 25 8 0
0 7 9 2
11 16 3 2
10 17 4 2
0 18 4 2
11 21 4 2
5 0 9 1
8 3 3 0
6 5 5 0
1 7 7 1
4 27 7 2
0 13 2 2
1 15 3 2
9 29 5 0
5 23 6 0
6 14 7 0
7 26 3 2
1 19 2 1
6 0 9 1
11 6 1 0
11 5 3 2
8 27 6 2
1 2 0 0
3 3 3 0
2 3 2 1
2 11 7 1
5 1 1 0
4 15 4 1
5 22 1 0
10 19 6 1
2 22 4 2
1 29 0 0
8 2 9 0
5 11 5 1
5 2 9 2
8 11 4 1
8 21 3 2
1 24 1 2
5 25 8 0
1 10 5 2
11 29 5 0
1 5 1 1
10 8 7 0
10 20 9 0
1 29 8 0
2 0 5 2
3 1 3 0
10 13 8 0
5 27 4 2
6 21 0 2
7 24 2 1
5 17 0 1
11 2 4 1
11 22 7 1
5 2 7 2
5 24 8 1
9 6 4 0
7 11 4 1
4 12 6 2
0 20 1 2
6 28 5 1
3 22 4 0
8 13 3 2
9 16 2 0
5 13 5 0
10 0 0 0
3 0 6 0
10 16 3 1
4 28 8 0
5 0 8 0
10 16 7 1
8 29 2 2
6 2 3 2
7 13 0 2
2 14 4 2
3 7 3 0
4 5 6 0
2 2 0 2
10 27 0 0
2 28 1 2
4 11 0 0
2 9 0 2
9 8 8 0
5 25 7 2
11 12 6 2
10 9 1 1
3 16 0 1
8 3 2 0
8 26 7 2
4 8 4 0
2 7 4 2
5 0 2 2
9 18 5 1
11 8 4 1
1 27 9 1
2 26 6 2
6 9 6 1
4 2 0 2
1 24 2 0
4 4 5 0
2 9 4 2
5 10 8 0
7 13 8 0
1 18 3 1
6 24 4 0
7 29 1 2
3 20 7 1
5 16 6 2
4 28 5 1
5 2 0 0
1 13 9 1
11 27 0 2
1 7 4 2
9 9 9 1
6 5 1 1
2 20 5 1
9 19 9 0
10 7 9 0
7 23 4 0
1 20 0 2
4 18 5 0
7 6 3 1
11 19 1 0
8 19 1 0
7 15 0 1
7 0 6 0
9 24 0 1
8 29 0 1
1 28 2 2
6 14 9 0
4 13 2 2
5 27 3 1
4 5 6 2
9 19 6 2
9 17 6 1
1 2 0 1
9 20 3 0
9 6 9 2
3 4 1 1
11 28 6 0
4 7 4 2
6 15 6 0
10 25 2 0
6 0 1 2
3 15 7 1
6 1 6 2
5 18 7 0
11 26 7 0
9 14 9 1
8 8 6 1
6 29 3 0
2 14 7 1
0 21 8 2
9 7 9 0
6 27 7 1
1 24 0 0
7 5 6 2
2 2 9 1
2 12 1 1
8 6 7 1
4 2 2 1
5 7 4 1
11 29 4 2
0 14 6 0
10 16 6 1
10 18 0 1
3 21 1 1
10 4 3 1
9 0 9 0
7 9 2 2
0 14 7 2
1 21 1 2
9 1 3 1
6 21 6 0
8 2 6 2
6 27 8 2
6 29 7 0
5 2 3 2
5 7 9 1
4 4 4 0
9 3 3 1
5 18 9 1
0 16 4 1
6 8 3 1
7 2 7 2
10 2 4 0
5 10 0 0
9 21 9 0
7 28 6 2
4 15 1 0
4 24 6 0
10 8 1 2
6 20 5 0
10 24 8 1
7 11 7 1
8 18 1 2
4 17 8 0
5 7 4 2
4 27 9 0
10 21 9 0
8 3 7 2
5 1 9 0
4 5 4 0
5 7 7 0
9 29 8 0
11 7 0 0
7 12 5 2
2 1 2 0
9 14 8 0
6 12 1 0
6 28 0 1
11 24 5 1
6 2 7 1
0 10 0 0
1 23 4 0
9 21 9 1
4 5 9 2
0 1 1 0
3 19 5 0
8 1 8 2
5 22 8 0
5 23 7 1
1 29 9 0
3 16 5 2
1 21 6 2
7 22 4 0
4 24 9 1
10 0 3 1
4 16 8 1
9 26 2 2
2 29 5 0
7 5 6 1
11 4 2 2
7 26 3 1
11 14 6 2
0 18 4 0
9 28 7 1
0 11 5 1
10 18 7 2
2 24 8 1
2 27 3 0
5 14 3 1
3 24 1 1
5 25 7 0
0 6 7 1
11 2 8 1
3 17 8 1
3 20 4 1
9 23 0 1
4 9 6 0
0 18 8 0
6 2 6 1
10 11 5 0
2 16 9 2
11 17 3 1
10 3 7 1
9 14 6 1
4 19 8 1
3 15 1 0
8 17 6 1
2 13 3 0
4 27 8 1
9 11 5 2
2 21 0 1
9 9 4 0
5 21 3 2
8 18 0 2
7 20 2 0
5 2 3 0
10 2 8 1
5 20 4 1
3 3 8 0
5 5 9 2
9 26 5 1
8 21 1 1
1 14 7 2
1 19 1 0
2 4 6 1
4 3 8 0
2 15 4 2
2 12 7 2
3 18 9 0
2 6 3 1
4 11 2 0
0 8 5 1
5 24 3 0
6 7 1 1
5 29 9 0
0 23 6 2
10 10 5 2
2 20 3 0
6 11 6 1
7 29 5 0
9 27 1 0
11 1 3 2
6 18 5 0
8 28 8 1
2 2 8 0
0 25 8 2
4 11 4 0
2 25 0 0
10 0 1 0
2 3 3 1
9 20 7 1
1 11 3 2
7 8 9 2
8 9 3 0
8 4 8 0
4 12 0 0
8 6 2 1
0 24 7 0
3 7 5 2
10 0 3 2
8 18 8 1
1 1 7 1
1 8 4 2
2 29 6 2
5 23 8 0
2 27 5 2
9 15 3 2
4 10 4 2
4 13 8 0
3 20 0 2
3 28 2 0
5 12 1 2
6 8 5 2
6 22 0 2
1 14 1 2
11 2 8 0
8 21 4 2
3 8 7 0
0 1 0 0
11 20 5 1
6 11 3 2
3 28 8 1
3 8 4 0
11 13 3 0
11 27 6 0
0 26 6 1
7 18 7 2
2 14 3 2
4 5 1 0
0 2 7 0
10 19 4 0
10 22 6 1
11 8 0 1
3 14 3 0
4 7 1 1
2 10 2 1
11 27 8 1
1 27 4 2
6 21 8 2
7 21 1 0
10 7 8 2
5 5 3 0
6 0 5 1
10 14 7 2
2 15 3 1
0 28 2 2
2 6 6 0
7 19 4 1
8 0 2 0
9 26 7 2
10 26 8 2
11 9 0 2
0 14 0 1
5 17 5 0
7 18 3 1
4 6 1 1
0 19 6 0
1 9 5 1
9 10 3 1
4 24 2 1
3 4 4 2
3 27 9 2
6 13 5 1
6 11 1 1
9 28 2 2
0 25 0 2
8 9 8 0
1 11 2 0
3 13 5 0
6 12 9 0
9 11 0 0
0 25 7 1
3 24 2 2
1 14 2 2
3 9 0 0
0 26 0 1
1 29 8 2
0 20 3 1
4 12 1 1
11 6 5 2
4 9 0 1
9 14 5 1
1 3 7 1
4 13 9 0
8 3 3 1
5 28 6 1
11 20 2 0
7 1 6 2
8 26 2 1
7 22 4 1
11 19 6 2
11 29 0 1
10 23 5 0
1 2 5 2
10 21 2 2
0 24 7 1
0 15 0 1
4 26 7 0
0 28 3 0
7 27 2 1
6 12 0 1
2 6 1 0
6 18 6 1
3 17 5 0
8 27 2 0
3 28 0 2
0 15 8 2
10 20 6 1
5 2 3 1
2 17 4 2
5 0 3 1
5 0 4 1
11 0 9 2
3 25 8 2
0 28 1 1
2 25 2 0
5 27 3 2
9 5 1 1
3 27 7 0
3 16 7 2
5 13 3 0
11 6 7 0
9 26 4 0
11 6 8 0
8 17 8 0
6 12 8 0
0 14 0 0
11 2 0 2
9 17 4 1
0 24 2 0
7 12 9 2
9 4 5 2
3 3 0 1
2 7 5 0
8 25 1 2
9 5 8 0
3 4 0 1
2 7 5 2
7 24 4 2
8 29 1 0
6 26 3 0
2 8 6 2
1 19 9 0
3 0 5 2
9 24 9 0
8 15 3 1
3 13 4 2
4 9 1 1
2 10 8 1
4 28 2 0
1 21 4 0
5 10 2 1
0 6 6 2
7 20 1 1
6 22 1 0
11 24 2 2
1 24 9 2
4 11 5 1
0 25 4 0
11 23 1 2
5 20 3 1
3 23 7 0
2 28 4 1
6 11 2 2
10 4 0 0
8 7 9 1
8 19 5 1
1 23 7 2
2 15 8 1
4 29 8 2
2 22 6 2
8 21 7 1
2 7 8 2
5 10 6 1
1 28 8 0
7 7 1 1
8 23 8 1
2 1 3 2
0 8 5 2
4 14 5 2
10 12 4 0
3 14 6 2
3 0 1 2
8 24 5 1
11 15 8 2
6 10 5 1
9 14 3 0
0 2 4 0
11 29 5 1
3 29 4 2
3 27 0 2
9 12 5 2
10 19 2 0
0 26 4 2
4 7 9 1
2 7 4 0
8 14 6 1
0 27 4 1
11 27 5 1
2 10 8 2
6 4 5 2
4 17 9 1
4 3 4 2
3 7 2 1
8 6 1 0
3 4 0 2
9 3 0 2
10 17 3 1
10 4 6 2
6 17 0 2
11 26 6 0
1 18 5 1
4 17 6 1
10 17 7 0
0 28 3 1
0 10 1 0
2 21 8 2
0 9 6 2
1 6 8 0
9 10 4 1
8 19 0 2
4 2 4 1
9 24 6 1
6 4 6 1
11 18 3 2
9 0 4 1
10 1 8 2
9 2 6 1
1 29 1 0
9 10 2 1
4 29 1 2
11 0 2 2
9 17 9 2
11 5 8 2
8 23 7 2
4 17 3 0
0 8 2 0
3 19 7 0
10 15 9 1
1 2 5 1
11 7 9 2
2 25 3 2
1 14 7 0
8 6 4 2
0 26 8 1
2 15 8 2
7 5 9 0
2 8 6 1
6 19 5 0
7 12 1 2
4 28 6 2
11 3 2 0
6 22 9 2
2 8 5 2
8 13 1 1
8 6 0 2
2 7 0 1
10 25 9 0
3 18 5 1
10 26 3 0
4 10 4 1
4 1 0 0
6 26 6 0
7 5 5 0
3 20 2 0
5 29 4 2
2 14 2 2
3 28 1 0
4 1 6 1
9 6 2 1
10 1 6 1
9 0 3 0
8 8 1 2
6 3 8 1
1 2 3 1
7 13 4 2
1 12 0 0
4 3 9 2
10 10 8 2
10 0 3 0
8 25 4 0
8 29 7 1
7 27 7 0
7 22 9 0
11 4 8 0
4 6 6 1
4 20 7 1
7 15 1 1
3 5 0 2
1 20 7 2
9 6 9 1
10 27 1 0
11 17 9 2
7 5 0 1
6 27 4 2
10 1 0 2
6 25 1 0
3 24 3 2
8 9 4 1
8 20 3 2
8 19 3 2
9 16 3 0
6 12 9 1
3 11 5 1
0 20 5 2
2 24 6 1
1 28 2 1
0 23 3 1
9 11 6 1
1 6 8 2
0 20 2 1
6 29 8 1
11 29 5 2
8 8 4 2
0 9 1 1
4 11 3 2
8 11 8 1
11 29 9 0
3 4 4 1
10 13 2 0
8 12 9 0
9 9 9 0
2 15 4 0
0 29 6 0
1 3 6 0
8 11 6 2
6 6 6 2
1 5 1 0
2 29 2 1
9 9 5 0
3 4 7 2
7 24 7 0
4 20 4 0
2 2 4 1
8 0 5 1
5 16 9 2
3 12 6 0
5 7 4 0
8 21 9 2
7 25 4 2
9 24 2 1
6 20 4 2
10 28 1 0
1 29 6 1
3 7 2 2
5 20 3 2
10 25 7 2
6 20 7 1
7 3 5 0
8 24 7 0
0 16 1 2
7 1 5 2
10 1 4 2
2 28 2 2
7 18 7 1
5 6 7 0
3 2 7 2
2 3 2 2
8 10 9 0
5 5 6 2
3 28 0 1
5 20 2 0
5 2 9 1
7 21 2 1
7 8 0 0
2 17 8 1
8 10 3 1
10 17 7 2
6 26 1 1
8 14 9 2
7 7 7 1
10 28 1 1
7 12 7 1
9 23 6 2
