4 1 32 128 24 80 80 16 16 16 2 4 2 4 8 16 4 8 2
4 4 32 128 24 96 96 32 32 20 1 1 1 2 8 8 8 16 2
8 4 40 96 32 80 80 32 32 20 2 1 2 8 2 8 2 8 4
4 1 32 130 32 80 80 8 8 12 1 2 1 4 4 32 8 16 2
4 1 24 128 24 80 80 8 8 12 2 2 2 4 2 32 4 8 2
4 1 16 96 24 80 80 24 24 12 2 4 2 4 2 32 2 16 2
4 3 24 96 32 96 96 8 8 8 1 4 1 4 2 8 4 32 2
4 1 8 130 24 48 48 16 16 8 1 2 1 4 2 16 2 16 2
4 2 8 64 32 80 80 16 16 20 1 1 1 8 4 16 4 16 2
8 2 32 32 24 80 80 32 32 16 1 1 1 8 4 32 2 16 4
8 3 24 96 16 48 48 16 16 16 1 5 1 8 8 32 8 16 4
4 3 24 96 24 48 48 24 24 8 2 3 2 2 2 32 4 8 2
8 2 24 130 24 96 96 32 32 20 2 5 2 4 4 32 4 16 4
8 4 24 64 16 80 80 24 24 16 2 1 2 2 2 32 2 8 4
8 1 40 130 16 112 112 16 16 20 2 2 2 8 4 8 2 8 4
8 4 16 64 24 80 80 24 24 20 2 3 2 2 2 16 8 16 4
8 1 16 96 24 64 64 32 32 12 2 1 2 8 4 32 8 16 4
4 1 40 64 16 96 96 32 32 20 2 4 2 8 8 16 4 32 2
4 4 8 128 32 64 64 32 32 8 2 5 2 8 2 32 8 8 2
4 2 24 130 16 96 96 24 24 8 1 3 1 4 4 16 4 16 2
8 4 24 64 16 96 96 24 24 16 1 5 1 8 2 16 2 32 4
8 5 35 130 16 96 96 32 32 12 1 5 1 2 8 16 4 16 4
8 3 24 96 24 48 48 8 8 12 2 2 2 8 8 16 2 16 4
4 4 32 128 32 96 96 32 32 8 2 1 2 4 8 16 2 8 2
8 3 24 96 16 48 48 16 16 8 1 1 1 4 4 16 4 32 4
4 4 16 64 24 64 64 8 8 12 2 1 2 2 2 16 2 8 2
4 4 16 32 24 112 112 8 8 8 2 5 2 2 4 32 4 32 2
4 4 16 128 16 96 96 32 32 12 2 5 2 8 2 16 4 8 2
8 1 35 96 32 48 48 24 24 8 2 3 2 8 2 8 4 16 4
8 3 24 96 32 64 64 8 8 20 1 2 1 2 2 32 2 16 4
8 1 40 128 24 112 112 16 16 8 1 4 1 2 8 32 8 32 4
8 2 16 64 32 64 64 8 8 12 1 1 1 2 2 8 2 16 4
8 1 35 128 16 80 80 8 8 16 1 1 1 2 2 32 4 32 4
4 3 24 96 24 48 48 8 8 8 1 2 1 2 4 16 2 16 2
8 5 35 130 16 80 80 8 8 12 1 3 1 8 8 16 4 16 4
8 5 35 130 16 64 64 32 32 16 1 5 1 2 8 32 4 16 4
4 4 16 96 16 96 96 16 16 8 1 5 1 4 4 8 2 8 2
4 4 16 64 16 64 64 16 16 20 1 1 1 8 2 8 8 32 2
4 4 32 64 24 48 48 24 24 8 2 2 2 2 4 8 4 8 2
4 2 24 96 24 96 96 8 8 12 1 5 1 2 2 8 4 32 2
8 4 32 128 32 64 64 24 24 12 2 1 2 8 8 32 8 32 4
4 1 16 64 32 80 80 16 16 20 1 2 1 4 4 16 2 8 2
8 4 24 32 32 112 112 32 32 20 2 5 2 2 2 32 4 8 4
4 3 24 96 24 80 80 24 24 20 2 2 2 2 8 32 2 32 2
8 3 24 96 32 112 112 24 24 20 1 5 1 2 8 16 8 16 4
8 3 24 96 16 96 96 24 24 20 2 4 2 2 2 16 4 8 4
8 4 24 128 24 48 48 24 24 16 2 5 2 8 8 16 8 32 4
4 2 8 64 24 80 80 24 24 12 1 1 1 8 8 8 8 8 2
4 3 24 96 32 96 96 24 24 8 1 2 1 4 8 8 8 32 2
8 2 24 128 32 112 112 8 8 12 1 3 1 4 4 8 8 8 4
4 1 35 128 16 64 64 24 24 20 1 1 1 2 8 32 8 8 2
4 1 8 130 24 48 48 8 8 8 2 3 2 2 2 32 2 8 2
8 4 32 96 24 80 80 24 24 16 2 1 2 2 2 32 4 16 4
8 2 40 130 24 48 48 8 8 20 2 1 2 4 4 8 8 8 4
4 2 40 130 16 80 80 8 8 16 2 5 2 2 2 16 2 16 2
8 5 40 130 32 96 96 24 24 20 1 4 1 8 8 16 8 8 4
4 2 16 130 32 48 48 32 32 20 1 1 1 4 4 32 2 8 2
4 4 8 32 24 80 80 32 32 8 2 3 2 8 8 16 4 32 2
8 2 40 32 32 112 112 16 16 8 2 5 2 8 8 32 2 16 4
4 2 32 64 24 48 48 24 24 12 1 1 1 4 4 32 8 32 2
8 2 16 128 24 112 112 32 32 8 2 3 2 8 4 8 8 16 4
8 5 35 130 32 64 64 32 32 12 2 3 2 8 2 8 2 16 4
4 1 8 96 32 48 48 8 8 20 1 2 1 4 4 16 2 32 2
8 1 32 64 32 64 64 32 32 12 2 4 2 2 4 32 8 8 4
4 3 24 96 24 112 112 32 32 12 1 2 1 4 4 8 8 8 2
8 2 16 130 32 48 48 8 8 20 2 5 2 8 4 16 8 8 4
4 4 40 32 16 112 112 24 24 20 2 1 2 2 4 8 4 8 2
4 2 8 128 24 48 48 8 8 12 2 5 2 2 4 32 2 32 2
4 3 24 96 24 64 64 16 16 8 1 2 1 4 2 32 2 32 2
8 4 16 64 32 48 48 16 16 16 1 3 1 2 4 32 8 32 4
4 3 24 96 16 48 48 16 16 8 1 2 1 4 8 8 8 32 2
8 3 24 96 32 112 112 16 16 16 2 4 2 2 2 32 8 8 4
4 2 16 130 24 112 112 16 16 16 1 5 1 2 4 8 4 32 2
4 4 32 32 32 80 80 24 24 16 1 1 1 4 8 8 2 32 2
4 4 40 32 16 64 64 24 24 12 1 5 1 2 4 32 8 32 2
4 2 24 64 16 48 48 16 16 12 1 5 1 4 4 32 4 16 2
4 2 8 32 16 112 112 32 32 20 1 5 1 8 4 16 8 16 2
4 4 32 128 16 96 96 16 16 12 2 3 2 2 8 32 2 16 2
4 3 24 96 32 112 112 24 24 16 2 5 2 8 2 16 2 16 2
8 4 24 32 24 48 48 8 8 12 2 3 2 4 4 8 2 16 4
8 3 24 96 24 80 80 32 32 20 2 3 2 2 4 16 4 8 4
4 2 40 96 24 96 96 32 32 8 1 1 1 8 4 32 8 16 2
4 3 24 96 24 64 64 32 32 12 2 4 2 8 2 32 4 16 2
4 1 24 130 32 112 112 24 24 16 1 2 1 2 2 8 4 8 2
4 4 24 32 32 48 48 32 32 12 1 1 1 4 2 32 4 32 2
4 4 16 64 16 96 96 8 8 12 1 3 1 8 8 16 8 32 2
8 2 40 32 16 112 112 8 8 8 2 1 2 4 2 32 8 8 4
8 4 24 64 16 112 112 24 24 20 2 3 2 8 8 32 2 16 4
4 3 24 96 24 64 64 24 24 8 2 4 2 2 2 32 2 8 2
8 4 16 96 24 48 48 24 24 20 2 1 2 2 2 8 8 16 4
8 1 16 130 24 96 96 16 16 8 2 2 2 4 2 8 8 8 4
8 2 32 130 24 48 48 16 16 12 1 1 1 2 8 16 2 8 4
4 2 24 32 16 80 80 32 32 8 1 5 1 2 8 32 2 32 2
4 1 35 64 32 80 80 24 24 8 2 1 2 4 2 32 8 32 2
8 4 40 32 32 64 64 16 16 8 2 3 2 8 2 32 4 16 4
8 5 35 130 16 48 48 16 16 16 2 5 2 2 4 8 8 16 4
4 4 32 128 24 64 64 24 24 20 1 1 1 4 2 16 4 8 2
8 2 32 64 16 112 112 24 24 8 1 5 1 4 4 8 2 32 4
4 3 24 96 24 80 80 32 32 16 1 2 1 2 4 8 2 32 2
4 1 32 96 24 80 80 32 32 8 1 2 1 4 8 8 2 32 2
4 1 32 32 32 96 96 24 24 12 2 2 2 2 2 16 2 8 2
4 2 40 64 32 48 48 8 8 16 2 3 2 4 2 32 8 32 2
4 4 16 128 32 96 96 24 24 16 1 1 1 8 2 32 4 16 2
8 3 24 96 32 112 112 8 8 12 1 4 1 4 8 8 8 32 4
4 1 40 96 16 96 96 8 8 8 2 4 2 2 8 16 2 32 2
4 3 24 96 16 112 112 32 32 12 1 2 1 8 8 16 8 16 2
4 2 16 32 32 48 48 16 16 16 2 1 2 4 4 16 4 8 2
4 2 24 32 32 80 80 24 24 8 1 3 1 4 2 32 8 16 2
4 2 8 130 24 48 48 32 32 16 2 5 2 8 2 32 8 16 2
4 4 16 64 24 48 48 24 24 8 1 1 1 8 4 16 2 32 2
4 1 32 130 16 64 64 16 16 8 2 2 2 4 2 16 2 8 2
4 4 40 64 16 112 112 8 8 20 2 1 2 4 2 32 4 32 2
8 3 24 96 32 96 96 24 24 8 1 4 1 4 4 32 8 8 4
8 4 24 96 24 64 64 24 24 20 1 1 1 8 2 16 2 16 4
4 2 24 64 16 96 96 24 24 20 1 5 1 8 8 32 4 16 2
8 5 35 130 24 64 64 8 8 16 2 5 2 8 2 16 4 8 4
8 4 16 96 24 112 112 8 8 20 1 1 1 4 4 16 8 16 4
8 5 40 130 32 48 48 8 8 8 2 4 2 4 8 32 8 32 4
8 1 24 128 16 112 112 24 24 20 1 4 1 2 4 8 4 16 4
8 2 16 64 16 64 64 16 16 12 2 5 2 8 4 8 8 16 4
8 2 16 96 32 112 112 32 32 16 2 1 2 8 2 32 4 32 4
8 4 32 96 24 96 96 32 32 16 1 1 1 8 8 32 4 32 4
8 4 40 32 32 112 112 32 32 8 2 1 2 4 2 32 2 8 4
8 2 32 32 24 64 64 32 32 12 2 1 2 2 2 8 2 32 4
4 4 16 64 24 96 96 24 24 12 1 3 1 2 2 8 8 8 2
8 3 24 96 32 48 48 16 16 8 1 5 1 2 4 8 8 16 4
8 5 35 130 32 48 48 8 8 8 1 1 1 2 8 8 8 32 4
4 2 32 128 32 112 112 8 8 20 1 5 1 4 4 16 4 32 2
4 2 8 64 24 80 80 8 8 12 1 2 1 2 8 32 8 16 2
4 2 8 130 16 48 48 8 8 8 1 5 1 8 8 32 2 8 2
8 1 32 130 32 80 80 24 24 20 1 4 1 4 8 16 8 8 4
4 1 16 32 32 64 64 16 16 8 2 2 2 2 8 8 4 16 2
8 2 32 130 32 64 64 8 8 12 1 5 1 4 4 32 4 32 4
4 3 24 96 16 112 112 32 32 12 1 2 1 8 4 8 4 8 2
8 1 24 128 16 48 48 8 8 20 1 2 1 8 2 8 2 32 4
8 2 24 64 24 80 80 32 32 16 2 3 2 4 4 32 8 16 4
8 1 35 32 24 64 64 16 16 12 2 1 2 8 2 16 2 8 4
4 1 35 128 32 96 96 32 32 12 1 2 1 8 8 8 8 8 2
4 1 32 130 16 64 64 32 32 12 2 4 2 2 4 16 8 8 2
4 1 32 64 16 96 96 16 16 16 1 4 1 4 4 32 8 8 2
8 4 16 32 32 64 64 8 8 8 2 1 2 2 2 16 4 16 4
4 3 24 96 32 112 112 24 24 16 2 2 2 4 2 8 2 16 2
4 1 8 32 16 96 96 8 8 12 1 4 1 4 2 8 2 16 2
4 1 35 96 32 48 48 24 24 20 1 3 1 2 8 8 2 32 2
4 1 35 96 32 96 96 32 32 8 2 5 2 8 2 8 8 16 2
4 3 24 96 32 48 48 8 8 8 2 4 2 2 4 8 4 8 2
4 3 24 96 32 48 48 8 8 8 1 4 1 2 2 16 2 8 2
4 4 32 32 24 80 80 8 8 20 2 3 2 8 2 8 2 32 2
8 2 40 64 16 96 96 8 8 16 2 5 2 2 8 32 8 32 4
8 5 40 130 24 64 64 8 8 16 2 2 2 8 8 16 4 16 4
4 2 8 96 16 48 48 32 32 20 1 3 1 8 8 32 2 16 2
8 5 35 130 32 96 96 16 16 20 1 1 1 2 8 32 4 32 4
8 2 40 32 32 112 112 16 16 20 2 3 2 8 2 8 2 32 4
4 3 24 96 16 112 112 24 24 8 2 2 2 2 2 16 4 16 2
4 3 24 96 24 48 48 16 16 20 2 2 2 4 8 16 4 16 2
4 3 24 96 32 64 64 32 32 12 1 2 1 4 8 8 4 32 2
4 4 24 64 32 48 48 8 8 8 1 5 1 2 8 8 8 16 2
4 1 35 64 32 96 96 24 24 8 1 5 1 2 4 32 4 8 2
4 2 8 130 32 96 96 8 8 16 2 5 2 2 4 16 4 16 2
4 1 40 32 32 64 64 8 8 12 2 2 2 8 2 32 8 8 2
4 1 16 32 32 48 48 24 24 12 1 2 1 8 8 16 2 8 2
4 4 24 96 16 48 48 32 32 20 2 3 2 4 8 8 4 8 2
4 2 8 130 16 96 96 32 32 8 1 5 1 2 2 16 2 32 2
8 1 16 32 32 64 64 8 8 16 2 1 2 4 4 32 4 32 4
8 4 16 128 16 80 80 32 32 16 1 3 1 2 4 16 8 32 4
8 2 24 96 24 80 80 16 16 12 2 1 2 8 8 8 2 32 4
4 1 8 96 32 96 96 16 16 12 1 5 1 2 2 16 4 8 2
8 5 40 130 24 80 80 8 8 20 2 4 2 2 2 32 8 32 4
4 4 8 128 16 112 112 16 16 12 1 1 1 8 2 8 8 16 2
4 1 32 96 24 112 112 32 32 16 1 4 1 4 4 16 8 32 2
4 1 40 128 16 112 112 32 32 12 2 2 2 2 8 16 8 16 2
8 4 16 32 16 64 64 16 16 16 1 3 1 8 2 32 4 8 4
8 3 24 96 32 96 96 32 32 8 1 2 1 2 8 32 4 8 4
8 1 35 64 16 96 96 24 24 12 1 5 1 4 2 8 2 8 4
8 1 40 128 32 96 96 16 16 16 1 2 1 2 4 16 2 32 4
4 1 40 64 32 80 80 16 16 16 2 2 2 4 2 8 8 16 2
4 1 24 32 16 48 48 24 24 12 2 4 2 4 2 16 2 16 2
4 3 24 96 32 96 96 24 24 12 1 1 1 2 4 16 2 16 2
8 2 40 64 16 48 48 16 16 12 2 5 2 8 4 16 2 16 4
8 2 40 32 24 64 64 24 24 12 2 1 2 2 2 8 2 8 4
4 4 8 64 32 48 48 16 16 8 2 2 2 4 8 32 2 16 2
4 3 24 96 24 48 48 8 8 16 1 4 1 2 2 32 2 8 2
8 4 24 64 24 48 48 32 32 16 1 3 1 2 4 16 8 32 4
8 4 32 96 24 80 80 8 8 12 1 5 1 4 8 32 8 8 4
8 5 40 130 24 48 48 32 32 20 2 4 2 8 2 32 2 8 4
8 5 35 130 32 64 64 32 32 16 1 1 1 2 8 32 8 32 4
8 1 35 128 16 48 48 32 32 20 1 5 1 8 8 32 4 16 4
8 3 24 96 24 96 96 16 16 16 2 4 2 2 8 32 2 16 4
4 4 8 32 24 80 80 24 24 12 1 1 1 8 8 8 2 8 2
4 2 24 64 24 112 112 24 24 20 1 5 1 4 2 16 2 16 2
8 1 16 32 16 112 112 32 32 12 1 4 1 8 2 8 4 16 4
8 4 16 64 16 64 64 8 8 12 1 1 1 2 8 16 2 32 4
8 4 32 96 24 48 48 16 16 12 1 3 1 2 2 8 2 32 4
4 1 16 32 32 48 48 32 32 12 1 2 1 2 2 32 2 32 2
4 2 24 32 16 112 112 16 16 12 1 5 1 4 2 32 2 32 2
4 3 24 96 32 96 96 32 32 20 2 5 2 8 4 8 8 32 2
8 1 24 130 32 48 48 32 32 20 2 5 2 8 2 8 8 32 4
4 3 24 96 32 80 80 16 16 12 2 4 2 2 2 16 4 32 2
4 4 32 96 16 48 48 8 8 12 2 3 2 8 2 16 8 8 2
4 3 24 96 24 64 64 16 16 16 2 4 2 2 4 8 4 8 2
4 1 8 64 24 96 96 32 32 20 2 4 2 8 4 8 8 32 2
8 4 16 32 32 112 112 24 24 8 2 1 2 4 4 8 4 8 4
4 4 32 32 24 48 48 16 16 12 1 1 1 4 4 16 2 32 2
4 2 8 96 32 96 96 32 32 20 1 1 1 2 2 32 8 8 2
8 1 35 32 32 64 64 8 8 12 2 3 2 2 8 16 8 8 4
4 1 32 32 16 48 48 24 24 12 2 4 2 4 2 8 2 32 2
4 3 24 96 16 112 112 8 8 20 1 4 1 4 2 32 8 32 2
8 1 40 64 16 80 80 32 32 8 1 3 1 2 4 8 4 32 4
8 2 40 32 32 64 64 16 16 16 1 5 1 2 4 32 4 8 4
8 5 40 130 24 64 64 32 32 8 1 2 1 2 4 32 4 16 4
8 3 24 96 16 64 64 32 32 20 1 4 1 8 8 8 4 16 4
8 2 32 128 32 96 96 8 8 20 1 5 1 8 4 16 2 8 4
8 4 40 64 16 80 80 32 32 12 2 1 2 4 4 32 8 32 4
8 5 40 130 32 64 64 32 32 16 2 2 2 4 4 32 2 8 4
4 2 32 64 24 96 96 32 32 12 2 1 2 8 2 16 2 32 2
4 3 24 96 16 96 96 24 24 8 1 4 1 2 8 32 8 8 2
8 5 35 130 24 80 80 32 32 16 2 5 2 4 8 8 2 8 4
8 4 40 64 32 80 80 24 24 20 2 3 2 8 8 32 2 16 4
8 2 16 64 16 112 112 8 8 16 1 1 1 2 4 16 8 32 4
8 1 24 128 16 80 80 16 16 16 2 3 2 2 2 8 4 32 4
8 1 32 96 16 48 48 24 24 8 1 2 1 2 4 16 2 16 4
4 2 24 64 32 112 112 16 16 8 2 3 2 8 2 16 4 16 2
8 3 24 96 24 80 80 32 32 20 2 2 2 2 2 8 2 8 4
8 5 35 130 24 64 64 32 32 20 2 3 2 4 2 8 2 8 4
4 2 24 64 32 80 80 8 8 20 2 3 2 2 8 32 8 16 2
8 3 24 96 32 96 96 16 16 8 1 4 1 8 4 32 4 16 4
8 1 32 96 24 48 48 24 24 8 1 2 1 4 2 8 2 32 4
8 5 35 130 16 112 112 16 16 20 2 1 2 2 8 8 4 16 4
8 4 16 64 24 80 80 8 8 16 1 1 1 4 4 32 4 8 4
8 4 16 32 16 112 112 32 32 16 2 3 2 4 2 8 8 32 4
4 2 32 96 24 96 96 16 16 8 1 5 1 2 2 16 8 32 2
4 2 32 96 32 64 64 32 32 8 2 5 2 4 8 16 4 16 2
8 2 40 130 24 64 64 24 24 12 2 5 2 8 4 16 8 32 4
8 2 16 32 32 64 64 16 16 12 2 3 2 4 4 16 8 16 4
8 5 40 130 32 80 80 8 8 12 2 4 2 4 4 32 8 16 4
4 3 24 96 24 64 64 32 32 8 1 2 1 2 4 32 2 16 2
4 2 32 96 32 80 80 32 32 16 1 1 1 2 4 16 2 16 2
4 4 8 64 24 48 48 8 8 20 1 3 1 4 2 16 4 32 2
4 1 35 130 16 96 96 8 8 20 1 5 1 2 2 16 4 16 2
8 2 40 32 32 80 80 8 8 16 1 2 1 2 8 8 8 32 4
4 3 24 96 24 112 112 32 32 20 1 2 1 4 8 32 4 8 2
8 2 32 128 24 80 80 32 32 20 1 5 1 8 4 8 2 8 4
4 2 32 128 16 48 48 24 24 16 1 5 1 2 8 16 2 32 2
4 3 24 96 16 96 96 32 32 20 2 4 2 4 2 8 8 32 2
4 3 24 96 16 80 80 8 8 16 2 4 2 8 8 16 2 16 2
4 4 40 96 32 64 64 32 32 16 1 1 1 4 8 16 2 16 2
4 3 24 96 24 112 112 24 24 8 1 2 1 8 4 32 8 8 2
4 1 32 32 16 96 96 24 24 16 1 4 1 4 4 32 8 8 2
8 1 24 130 16 96 96 24 24 16 2 4 2 8 8 16 8 16 4
8 5 35 130 24 96 96 32 32 8 1 5 1 4 8 16 2 32 4
4 2 16 130 24 64 64 16 16 16 2 3 2 2 8 16 4 32 2
8 3 24 96 24 64 64 32 32 16 1 4 1 8 8 32 2 16 4
8 5 35 130 24 96 96 24 24 16 1 1 1 4 4 16 2 8 4
8 1 35 64 24 64 64 32 32 12 2 5 2 8 4 16 8 8 4
4 4 16 128 16 64 64 32 32 8 1 5 1 2 4 32 4 16 2
8 2 24 96 16 112 112 8 8 20 2 1 2 2 8 16 8 32 4
4 2 24 96 24 80 80 16 16 20 1 1 1 4 4 32 8 16 2
8 5 35 130 16 96 96 16 16 16 2 5 2 2 8 32 4 8 4
4 4 8 128 32 96 96 16 16 12 1 3 1 2 8 32 2 32 2
8 5 35 130 24 112 112 32 32 12 2 3 2 4 2 8 2 32 4
4 2 16 32 16 48 48 8 8 16 1 3 1 4 2 16 8 32 2
4 2 32 32 16 96 96 16 16 20 1 5 1 4 2 32 2 32 2
4 4 40 128 24 80 80 32 32 8 2 1 2 2 4 8 8 32 2
4 3 24 96 16 112 112 32 32 16 2 4 2 8 2 32 8 16 2
4 4 32 128 32 112 112 24 24 12 2 3 2 4 4 32 8 32 2
4 3 24 96 16 112 112 32 32 8 2 4 2 2 4 16 4 32 2
8 4 32 64 32 48 48 8 8 16 1 3 1 4 2 16 8 32 4
4 2 40 32 16 64 64 16 16 16 2 3 2 8 4 8 2 32 2
8 3 24 96 16 80 80 16 16 20 1 2 1 2 4 16 4 32 4
8 3 24 96 16 64 64 24 24 20 1 2 1 2 8 16 8 16 4
8 3 24 96 32 48 48 8 8 20 1 2 1 8 8 8 2 32 4
8 5 40 130 24 64 64 16 16 20 2 4 2 8 8 32 8 8 4
4 1 16 130 32 112 112 24 24 8 2 2 2 8 4 16 8 16 2
8 4 40 96 24 112 112 8 8 16 2 1 2 8 4 32 8 16 4
8 5 35 130 16 80 80 16 16 8 2 1 2 8 8 8 2 32 4
8 2 16 130 32 48 48 32 32 20 1 5 1 8 4 32 8 16 4
4 4 32 96 16 80 80 16 16 8 1 5 1 8 8 8 2 16 2
4 3 24 96 24 64 64 32 32 20 1 2 1 8 8 32 8 32 2
4 3 24 96 32 112 112 16 16 12 1 5 1 8 4 16 8 8 2
8 2 24 130 32 80 80 16 16 8 1 5 1 8 2 8 8 16 4
4 4 24 96 24 48 48 32 32 12 1 1 1 8 8 16 8 32 2
8 4 32 96 24 48 48 32 32 16 1 5 1 4 4 32 8 8 4
8 4 32 32 32 112 112 8 8 16 2 1 2 8 4 16 8 16 4
8 2 16 96 32 64 64 32 32 12 1 1 1 8 8 32 2 32 4
8 4 16 32 16 64 64 16 16 16 2 3 2 8 2 16 4 16 4
4 3 24 96 16 64 64 8 8 16 2 4 2 8 2 8 8 8 2
4 4 16 64 24 64 64 8 8 12 1 5 1 4 8 32 2 16 2
8 2 32 32 16 96 96 8 8 20 2 4 2 2 4 8 8 8 4
8 5 35 130 24 80 80 24 24 20 2 5 2 2 2 8 2 8 4
8 2 40 64 24 112 112 24 24 20 1 1 1 2 8 32 8 16 4
8 4 32 64 16 64 64 24 24 12 2 3 2 2 2 8 2 16 4
4 1 16 128 24 48 48 24 24 8 1 4 1 2 8 16 2 8 2
8 4 16 32 32 96 96 32 32 16 2 1 2 8 4 32 8 16 4
8 3 24 96 16 80 80 24 24 12 2 2 2 8 8 16 2 8 4
8 2 24 128 16 64 64 8 8 20 2 5 2 4 8 16 2 16 4
8 1 40 64 32 80 80 24 24 20 2 2 2 8 2 8 2 8 4
4 4 32 96 24 96 96 16 16 20 2 5 2 4 2 32 8 32 2
4 4 8 96 24 64 64 8 8 16 2 3 2 2 2 8 4 8 2
4 2 40 96 16 48 48 24 24 8 2 4 2 2 4 8 8 32 2
4 2 8 64 32 112 112 24 24 8 1 4 1 8 2 32 2 16 2
