4  4 24 96 24 48 48  8  8  8  1  2  1  2  8 16  2 16  2
4  4 24 96 24 48 48  8  8  8  1  1  1  2  8 16  2 16  2
4  4 16 96 24 48 48  8  8  8  1  1  1  2  8 16  2 16  2
4  4 24 96 32 48 48  8  8  8  1  2  1  2  8 16  2 16  2
4  4 24 96 32 48 48  8  8  8  1  1  1  2  8 16  2 16  2
4  4 16 96 24 48 48  8  8  8  1  2  1  2  8 16  2 16  2
4  4 16 96 32 48 48  8  8  8  1  1  1  2  8 16  2 16  2
4  4 16 96 32 48 48  8  8  8  1  2  1  2  8 16  2 16  2
4  4 32 96 24 48 48  8  8  8  1  2  1  2  8 16  2 16  2
4  4 32 96 24 48 48  8  8  8  1  1  1  2  8 16  2 16  2
